#
# elastic Ar Ar(+)
#
# A. V. Phelps
# J. Appl. Phys., vol.76, no.15, 747-753 (1994)
180012
Ar(+)+Ar->Ar(+)+Ar
0.0
2
180 181
  0   0
1
20
    0.0100  2.041E-14
    0.1000  1.879E-14
    0.1701  1.605E-14
    0.2880  1.404E-14
    0.4877  1.271E-14
    0.5419  1.185E-14
    0.9176  1.123E-14
    1.0190  1.072E-14
    2.6310  1.027E-14
    2.9230  9.838E-15
    4.9490  9.388E-15
    5.4990  8.894E-15
   19.4600  8.373E-15
   21.6200  7.854E-15
   45.2000  7.369E-15
   50.2200  6.911E-15
  197.5000  6.471E-15
  219.4000  6.043E-15
  862.9000  5.636E-15
 1000.0000  5.441E-15
-1
0.00E+00  0.00E+00  0.00E+00
