#
# charge exchange
# S. Sakabe and Y. Izawa
# Atomic Data and Nucl. Data Tables 49,257-314 (1991)
180011
Ar(+)+Ar->Ar+Ar(+)
0.0
2
180 181
  0   0
6
40
 1.00E-02  6.39E-15
 5.00E-02  6.37E-15
 1.00E-01  6.35E-15
 3.00E-01  6.24E-15
 4.00E-01  6.19E-15
 6.00E-01  6.08E-15
 8.00E-01  5.97E-15
 1.00E+00  5.85E-15
 2.00E+00  5.64E-15
 3.00E+00  5.43E-15
 4.00E+00  5.32E-15
 5.00E+00  5.22E-15
 6.00E+00  5.12E-15
 7.00E+00  5.04E-15
 8.00E+00  4.97E-15
 9.00E+00  4.92E-15
 1.00E+01  4.87E-15
 1.16E+01  4.82E-15
 1.29E+01  4.78E-15
 1.40E+01  4.75E-15
 1.47E+01  4.73E-15
 1.52E+01  4.71E-15
 1.58E+01  4.69E-15
 1.70E+01  4.65E-15
 1.80E+01  4.62E-15
 1.90E+01  4.60E-15
 2.00E+01  4.58E-15
 2.20E+01  4.54E-15
 2.50E+01  4.48E-15
 3.00E+01  4.40E-15
 4.00E+01  4.26E-15
 5.00E+01  4.16E-15
 7.00E+01  4.00E-15
 1.00E+02  3.80E-15
 1.50E+02  3.63E-15
 2.00E+02  3.48E-15
 3.00E+02  3.29E-15
 5.00E+02  3.03E-15
 7.00E+02  2.85E-15
 1.00E+03  2.67E-15
-1
0.00E+00  0.00E+00  0.00E+00
