#
# e(-)+Ar(+)->2e(-)+Ar(2+)
#
181001
e(-)+Ar(+)->2e(-)+Ar(2+)
27.4
3
181   1 182
 -1  +1  +1
2
     28
 2.7400E+01 0.0000E+00
 2.7583E+01 3.2087E-18
 2.7903E+01 8.5423E-18
 2.8384E+01 1.5928E-17
 2.8864E+01 2.2650E-17
 2.9636E+01 3.2229E-17
 3.0813E+01 4.4466E-17
 3.2032E+01 5.4737E-17
 3.3744E+01 6.6102E-17
 3.6498E+01 7.9232E-17
 4.0503E+01 9.1520E-17
 4.6118E+01 1.0163E-16
 5.5356E+01 1.1002E-16
 7.1816E+01 1.1479E-16
 1.0609E+02 1.1153E-16
 2.3166E+02 8.5370E-17
 3.3353E+02 7.0824E-17
 4.5583E+02 5.9095E-17
 6.0718E+02 4.9384E-17
 7.8774E+02 4.1578E-17
 1.0220E+03 3.4754E-17
 1.3259E+03 2.8873E-17
 1.6754E+03 2.4332E-17
 2.1184E+03 2.0417E-17
 2.6768E+03 1.7084E-17
 3.3847E+03 1.4246E-17
 4.2769E+03 1.1853E-17
 5.0000E+03 1.0470E-17
