#
# recombination e(-)+Ar(+)->Ar
#
#
#  Ar+ --> Ar (RR+DR: RC-M)
#  Kato, T.$Asano, E.
#  NIFS-DATA 54 (1999)
#
#  translate   rate-coefficient -> cross section
#
181002
e(-)+Ar(+)->Ar
0.0
3
 181  1   180
 -1  -1    +1
10
49
   1.000000       5.903273E-19
   1.333500       8.788863E-19
   1.778300       1.036099E-18
   2.371400       1.024540E-18
   3.162300       8.869605E-19
   4.217000       6.937863E-19
   5.623400       5.020379E-19
   7.498900       3.421693E-19
   10.00000       2.227264E-19
   13.33500       1.399661E-19
   17.78300       8.562322E-20
   23.71400       5.132272E-20
   31.62300       3.029478E-20
   42.17000       1.767666E-20
   56.23400       1.022579E-20
   74.98900       5.878340E-21
   100.0000       3.363713E-21
   133.3500       1.918703E-21
   177.8300       1.092110E-21
   237.1400       6.209493E-22
   316.2300       3.529372E-22
   421.7000       2.006831E-22
   562.3400       1.142382E-22
   749.8900       6.515458E-23
   1000.000       3.726200E-23
   1333.500       2.138783E-23
   1778.300       1.233350E-23
   2371.400       7.153951E-24
   3162.300       4.179624E-24
   4217.000       2.463063E-24
   5623.400       1.466236E-24
   7498.900       8.830652E-25
   10000.00       5.388179E-25
   13335.00       3.334990E-25
   17783.00       2.095690E-25
   23714.00       1.337527E-25
   31623.00       8.670401E-26
   42170.00       5.705536E-26
   56234.00       3.807892E-26
   74989.00       2.574351E-26
   100000.0       1.760409E-26
   133350.0       1.215896E-26
   177830.0       8.469162E-27
   237140.0       5.941428E-27
   316230.0       4.192817E-27
   421700.0       2.972896E-27
   562340.0       2.116096E-27
   749890.0       1.510950E-27
   1000000.       1.081514E-27
-1
0.00E  0.00E+00  0.00E+00

