#
# e(-)+Ar(2+)->2e(-)+Ar(3+)
#
182001
e(-)+Ar(2+)->2e(-)+Ar(3+)
40.7
3
182   1 183
 -1  +1  +1
2
     26
 4.0700E+01 0.0000E+00
 4.0951E+01 1.1593E-18
 4.1389E+01 3.1098E-18
 4.2048E+01 5.8591E-18
 4.3232E+01 1.0326E-17
 4.4811E+01 1.5454E-17
 4.7019E+01 2.1349E-17
 4.9337E+01 2.6282E-17
 5.3044E+01 3.2228E-17
 5.8401E+01 3.7978E-17
 6.5846E+01 4.2656E-17
 7.7945E+01 4.6098E-17
 9.9141E+01 4.7163E-17
 1.6040E+02 4.2755E-17
 2.6574E+02 3.4762E-17
 3.8131E+02 2.8821E-17
 5.2115E+02 2.4043E-17
 6.9555E+02 2.0082E-17
 9.0650E+02 1.6874E-17
 1.1808E+03 1.4084E-17
 1.5388E+03 1.1678E-17
 1.9573E+03 9.8048E-18
 2.4896E+03 8.2000E-18
 3.1667E+03 6.8338E-18
 4.0279E+03 5.6774E-18
 5.0000E+03 4.7944E-18
