#
# e(-)+Ar(3+)->2e(-)+Ar(4+)
#
183001
e(-)+Ar(3+)->2e(-)+Ar(4+)
52.3
3
183   1 184
 -1  +1  +1
2
     55
 5.2300E+01 0.0000E+00
 5.2300E+01 1.2722E-24
 5.2301E+01 3.9007E-24
 5.2302E+01 9.4932E-24
 5.2304E+01 1.8721E-23
 5.2306E+01 2.8360E-23
 5.2308E+01 4.3494E-23
 5.2312E+01 6.8767E-23
 5.2316E+01 1.0867E-22
 5.2321E+01 1.5541E-22
 5.2328E+01 2.3895E-22
 5.2335E+01 3.3652E-22
 5.2344E+01 4.9123E-22
 5.2354E+01 6.7302E-22
 5.2368E+01 9.9380E-22
 5.2382E+01 1.3713E-21
 5.2400E+01 1.9609E-21
 5.2418E+01 2.6484E-21
 5.2446E+01 3.8552E-21
 5.2481E+01 5.7779E-21
 5.2517E+01 8.0416E-21
 5.2569E+01 1.2024E-20
 5.2619E+01 1.6657E-20
 5.2686E+01 2.3799E-20
 5.2750E+01 3.1864E-20
 5.2843E+01 4.5473E-20
 5.2961E+01 6.6118E-20
 5.3124E+01 1.0028E-19
 5.3274E+01 1.3720E-19
 5.3458E+01 1.8917E-19
 5.3693E+01 2.6620E-19
 5.4067E+01 4.1058E-19
 5.4572E+01 6.4271E-19
 5.5059E+01 9.0104E-19
 5.5858E+01 1.3812E-18
 5.7294E+01 2.3666E-18
 6.2765E+01 6.4089E-18
 6.7226E+01 9.2201E-18
 7.1967E+01 1.1523E-17
 7.8839E+01 1.3842E-17
 8.8383E+01 1.5783E-17
 1.0365E+02 1.7352E-17
 1.3020E+02 1.8315E-17
 1.7516E+02 1.8153E-17
 3.9804E+02 1.3268E-17
 5.4772E+02 1.0995E-17
 7.2009E+02 9.2160E-18
 9.4671E+02 7.6484E-18
 1.2163E+03 6.4054E-18
 1.5634E+03 5.3354E-18
 2.0086E+03 4.4271E-18
 2.5229E+03 3.7238E-18
 3.1691E+03 3.1239E-18
 3.9807E+03 2.6142E-18
 5.0000E+03 2.1829E-18
