# Na+e(-)->Na(+)+2e(-)
#
# from ALADDIN http://www-amdis.iaea.org/
# reliability B
# 2004/6/9 h-nakadate@psinc.co.jp
#
110000
e(-)+Na->Na(+)+2e(-)
5.139
3
110   1 111
 -1  +1  +1
2
100
 5.10000E+00           0.00000E+00
 5.37930E+00           2.98365E-17
 5.67390E+00           9.28328E-17
 5.98464E+00           1.71413E-16
 6.31239E+00           2.54268E-16
 6.65809E+00           3.34439E-16
 7.02272E+00           4.07935E-16
 7.40732E+00           4.72753E-16
 7.81299E+00           5.28181E-16
 8.24087E+00           5.74322E-16
 8.69218E+00           6.11750E-16
 9.16821E+00           6.41298E-16
 9.67031E+00           6.63898E-16
 1.01999E+01           6.80496E-16
 1.07585E+01           6.91990E-16
 1.13477E+01           6.99202E-16
 1.19692E+01           7.02858E-16
 1.26247E+01           7.03591E-16
 1.33161E+01           7.01939E-16
 1.40453E+01           6.98355E-16
 1.48145E+01           6.93213E-16
 1.56258E+01           6.86823E-16
 1.64816E+01           6.79434E-16
 1.73842E+01           6.71249E-16
 1.83363E+01           6.62428E-16
 1.93405E+01           6.53101E-16
 2.03996E+01           6.43369E-16
 2.15168E+01           6.33311E-16
 2.26952E+01           6.22992E-16
 2.39381E+01           6.12460E-16
 2.52491E+01           6.01755E-16
 2.66319E+01           5.90910E-16
 2.80904E+01           5.79949E-16
 2.96288E+01           5.68894E-16
 3.12514E+01           5.57764E-16
 3.29629E+01           5.46575E-16
 3.47681E+01           5.35342E-16
 3.66722E+01           5.24077E-16
 3.86806E+01           5.12795E-16
 4.07989E+01           5.01507E-16
 4.30333E+01           4.90226E-16
 4.53900E+01           4.78964E-16
 4.78758E+01           4.67732E-16
 5.04977E+01           4.56541E-16
 5.32633E+01           4.45404E-16
 5.61803E+01           4.34331E-16
 5.92570E+01           4.23333E-16
 6.25022E+01           4.12421E-16
 6.59252E+01           4.01605E-16
 6.95356E+01           3.90894E-16
 7.33437E+01           3.80299E-16
 7.73604E+01           3.69827E-16
 8.15971E+01           3.59488E-16
 8.60658E+01           3.49289E-16
 9.07792E+01           3.39237E-16
 9.57508E+01           3.29338E-16
 1.00995E+02           3.19600E-16
 1.06526E+02           3.10028E-16
 1.12360E+02           3.00625E-16
 1.18513E+02           2.91398E-16
 1.25003E+02           2.82349E-16
 1.31849E+02           2.73483E-16
 1.39070E+02           2.64801E-16
 1.46686E+02           2.56306E-16
 1.54719E+02           2.47999E-16
 1.63193E+02           2.39883E-16
 1.72130E+02           2.31957E-16
 1.81557E+02           2.24222E-16
 1.91500E+02           2.16679E-16
 2.01987E+02           2.09327E-16
 2.13049E+02           2.02165E-16
 2.24717E+02           1.95192E-16
 2.37024E+02           1.88406E-16
 2.50004E+02           1.81808E-16
 2.63696E+02           1.75393E-16
 2.78137E+02           1.69161E-16
 2.93370E+02           1.63109E-16
 3.09436E+02           1.57235E-16
 3.26383E+02           1.51535E-16
 3.44257E+02           1.46008E-16
 3.63110E+02           1.40650E-16
 3.82996E+02           1.35458E-16
 4.03971E+02           1.30429E-16
 4.26095E+02           1.25560E-16
 4.49430E+02           1.20847E-16
 4.74043E+02           1.16288E-16
 5.00004E+02           1.11878E-16
 5.27387E+02           1.07614E-16
 5.56270E+02           1.03493E-16
 5.86734E+02           9.95116E-17
 6.18867E+02           9.56657E-17
 6.52759E+02           9.19521E-17
 6.88508E+02           8.83673E-17
 7.26214E+02           8.49078E-17
 7.65986E+02           8.15701E-17
 8.07935E+02           7.83509E-17
 8.52182E+02           7.52468E-17
 8.98852E+02           7.22544E-17
 9.48078E+02           6.93705E-17
 1.00000E+03           6.65917E-17
-1
0.0 0.0 0.0
