# Mg+e(-)->Mg(+)+2e(-)
#
# from ALADDIN http://www-amdis.iaea.org/
# reliability B
# 2004/6/9 h-nakadate@psinc.co.jp
#
120000
e(-)+Mg->Mg(+)+2e(-)
7.646
3
120   1 121
 -1  +1  +1
2
100
 7.60000E+00           0.00000E+00
 7.98398E+00           1.72761E-16
 8.38736E+00           3.15890E-16
 8.81112E+00           4.36702E-16
 9.25630E+00           5.40525E-16
 9.72396E+00           6.31194E-16
 1.02153E+01           7.11433E-16
 1.07314E+01           7.83151E-16
 1.12736E+01           8.47663E-16
 1.18431E+01           9.05865E-16
 1.24415E+01           9.58360E-16
 1.30701E+01           1.00555E-15
 1.37304E+01           1.04771E-15
 1.44242E+01           1.08504E-15
 1.51529E+01           1.11770E-15
 1.59185E+01           1.14580E-15
 1.67228E+01           1.16949E-15
 1.75677E+01           1.18890E-15
 1.84553E+01           1.20418E-15
 1.93877E+01           1.21550E-15
 2.03672E+01           1.22303E-15
 2.13963E+01           1.22696E-15
 2.24773E+01           1.22750E-15
 2.36129E+01           1.22487E-15
 2.48059E+01           1.21927E-15
 2.60592E+01           1.21094E-15
 2.73758E+01           1.20010E-15
 2.87590E+01           1.18696E-15
 3.02120E+01           1.17175E-15
 3.17384E+01           1.15468E-15
 3.33420E+01           1.13596E-15
 3.50265E+01           1.11578E-15
 3.67962E+01           1.09433E-15
 3.86553E+01           1.07179E-15
 4.06083E+01           1.04833E-15
 4.26600E+01           1.02411E-15
 4.48154E+01           9.99278E-16
 4.70796E+01           9.73967E-16
 4.94582E+01           9.48305E-16
 5.19571E+01           9.22407E-16
 5.45821E+01           8.96381E-16
 5.73398E+01           8.70321E-16
 6.02369E+01           8.44316E-16
 6.32803E+01           8.18443E-16
 6.64774E+01           7.92773E-16
 6.98361E+01           7.67367E-16
 7.33645E+01           7.42281E-16
 7.70712E+01           7.17563E-16
 8.09651E+01           6.93254E-16
 8.50558E+01           6.69391E-16
 8.93531E+01           6.46003E-16
 9.38676E+01           6.23117E-16
 9.86101E+01           6.00753E-16
 1.03592E+02           5.78929E-16
 1.08826E+02           5.57657E-16
 1.14325E+02           5.36947E-16
 1.20101E+02           5.16806E-16
 1.26169E+02           4.97238E-16
 1.32543E+02           4.78245E-16
 1.39240E+02           4.59824E-16
 1.46275E+02           4.41975E-16
 1.53665E+02           4.24692E-16
 1.61429E+02           4.07969E-16
 1.69585E+02           3.91800E-16
 1.78153E+02           3.76175E-16
 1.87154E+02           3.61086E-16
 1.96610E+02           3.46523E-16
 2.06543E+02           3.32474E-16
 2.16978E+02           3.18929E-16
 2.27941E+02           3.05875E-16
 2.39457E+02           2.93300E-16
 2.51556E+02           2.81191E-16
 2.64265E+02           2.69537E-16
 2.77617E+02           2.58324E-16
 2.91643E+02           2.47539E-16
 3.06378E+02           2.37169E-16
 3.21858E+02           2.27202E-16
 3.38119E+02           2.17625E-16
 3.55202E+02           2.08425E-16
 3.73148E+02           1.99590E-16
 3.92001E+02           1.91108E-16
 4.11807E+02           1.82965E-16
 4.32613E+02           1.75152E-16
 4.54470E+02           1.67655E-16
 4.77432E+02           1.60463E-16
 5.01553E+02           1.53566E-16
 5.26894E+02           1.46953E-16
 5.53514E+02           1.40613E-16
 5.81480E+02           1.34535E-16
 6.10859E+02           1.28711E-16
 6.41722E+02           1.23129E-16
 6.74144E+02           1.17782E-16
 7.08204E+02           1.12659E-16
 7.43985E+02           1.07752E-16
 7.81575E+02           1.03052E-16
 8.21063E+02           9.85517E-17
 8.62546E+02           9.42425E-17
 9.06125E+02           9.01168E-17
 9.51906E+02           8.61673E-17
 1.00000E+03           8.23867E-17
-1
0.0 0.0 0.0
