#
# Al+e(-)->Al(+)+2e(-)
#
130001
e(-)+Al->2e(-)+Al(+)
6.00
3
130   1 131
 -1  +1  +1
2
    116
6.0000E+00 0.0000E+00
 6.0033E+00 3.0330E-18
 6.0097E+00 9.0218E-18
 6.0161E+00 1.4879E-17
 6.0286E+00 2.6296E-17
 6.0408E+00 3.7207E-17
 6.0583E+00 5.2670E-17
 6.0750E+00 6.7226E-17
 6.0964E+00 8.5471E-17
 6.1262E+00 1.1020E-16
 6.1444E+00 1.2495E-16
 6.1785E+00 1.5187E-16
 6.2214E+00 1.8443E-16
 6.2574E+00 2.1063E-16
 6.2974E+00 2.3871E-16
 6.3402E+00 2.6758E-16
 6.3917E+00 3.0063E-16
 6.4453E+00 3.3336E-16
 6.4976E+00 3.6369E-16
 6.5648E+00 4.0043E-16
 6.6395E+00 4.3868E-16
 6.6956E+00 4.6564E-16
 6.7797E+00 5.0352E-16
 6.8638E+00 5.3858E-16
 6.9757E+00 5.8125E-16
 7.0671E+00 6.1307E-16
 7.1651E+00 6.4445E-16
 7.2826E+00 6.7875E-16
 7.4052E+00 7.1108E-16
 7.5648E+00 7.4853E-16
 7.7084E+00 7.7833E-16
 7.9203E+00 8.1657E-16
 8.0910E+00 8.4318E-16
 8.2959E+00 8.7098E-16
 8.5444E+00 8.9967E-16
 8.8365E+00 9.2771E-16
 9.1388E+00 9.5159E-16
 9.6075E+00 9.8079E-16
 1.0109E+01 1.0043E-15
 1.0633E+01 1.0229E-15
 1.1373E+01 1.0416E-15
 1.2164E+01 1.0551E-15
 1.3011E+01 1.0643E-15
 1.4383E+01 1.0714E-15
 1.5919E+01 1.0717E-15
 1.7599E+01 1.0658E-15
 2.0133E+01 1.0495E-15
 2.3832E+01 1.0168E-15
 3.5679E+01 8.9846E-16
 4.2188E+01 8.3909E-16
 4.8262E+01 7.8949E-16
 5.3415E+01 7.5162E-16
 5.9052E+01 7.1418E-16
 6.5357E+01 6.7665E-16
 7.2253E+01 6.4012E-16
 7.9968E+01 6.0398E-16
 8.8406E+01 5.6922E-16
 9.7845E+01 5.3519E-16
 1.0817E+02 5.0277E-16
 1.1569E+02 4.8174E-16
 1.2374E+02 4.6131E-16
 1.3235E+02 4.4149E-16
 1.4156E+02 4.2229E-16
 1.5141E+02 4.0370E-16
 1.6194E+02 3.8574E-16
 1.7321E+02 3.6840E-16
 1.8526E+02 3.5167E-16
 1.9815E+02 3.3555E-16
 2.1193E+02 3.2004E-16
 2.2667E+02 3.0512E-16
 2.4244E+02 2.9078E-16
 2.5931E+02 2.7701E-16
 2.7735E+02 2.6380E-16
 2.9664E+02 2.5112E-16
 3.1728E+02 2.3898E-16
 3.3935E+02 2.2736E-16
 3.6296E+02 2.1623E-16
 3.8821E+02 2.0558E-16
 4.1521E+02 1.9540E-16
 4.4410E+02 1.8568E-16
 4.7499E+02 1.7639E-16
 5.0804E+02 1.6752E-16
 5.4338E+02 1.5906E-16
 5.8118E+02 1.5099E-16
 6.2161E+02 1.4329E-16
 6.6486E+02 1.3596E-16
 7.1111E+02 1.2897E-16
 7.6058E+02 1.2232E-16
 8.1349E+02 1.1599E-16
 8.7008E+02 1.0996E-16
 9.3061E+02 1.0422E-16
 9.9535E+02 9.8768E-17
 1.0646E+03 9.3582E-17
 1.1387E+03 8.8652E-17
 1.2179E+03 8.3967E-17
 1.3026E+03 7.9516E-17
 1.3932E+03 7.5289E-17
 1.4901E+03 7.1275E-17
 1.5938E+03 6.7465E-17
 1.7047E+03 6.3848E-17
 1.8233E+03 6.0417E-17
 1.9501E+03 5.7161E-17
 2.0858E+03 5.4074E-17
 2.2309E+03 5.1146E-17
 2.3861E+03 4.8370E-17
 2.5521E+03 4.5739E-17
 2.7296E+03 4.3245E-17
 2.9195E+03 4.0882E-17
 3.1226E+03 3.8644E-17
 3.3398E+03 3.6524E-17
 3.5722E+03 3.4516E-17
 3.8207E+03 3.2614E-17
 4.0864E+03 3.0814E-17
 4.3707E+03 2.9111E-17
 4.6854E+03 2.7445E-17
 5.0000E+03 2.5972E-17
