#
# Al(+)+e(-)->Al(2+)+2e(-)
#
131001
e(-)+Al(+)->2e(-)+Al(2+)
18.0
3
131   1 132
 -1  +1  +1
2
    111
 1.8800E+01 0.0000E+00
 1.8802E+01 1.2846E-20
 1.8806E+01 3.8626E-20
 1.8815E+01 9.0535E-20
 1.8827E+01 1.6801E-19
 1.8840E+01 2.4648E-19
 1.8856E+01 3.5112E-19
 1.8880E+01 5.0755E-19
 1.8895E+01 6.1155E-19
 1.8926E+01 8.2116E-19
 1.8956E+01 1.0292E-18
 1.8999E+01 1.3368E-18
 1.9040E+01 1.6406E-18
 1.9092E+01 2.0422E-18
 1.9141E+01 2.4307E-18
 1.9209E+01 2.9840E-18
 1.9271E+01 3.5078E-18
 1.9347E+01 4.1691E-18
 1.9445E+01 5.0482E-18
 1.9554E+01 6.0620E-18
 1.9696E+01 7.4380E-18
 1.9880E+01 9.2718E-18
 2.0022E+01 1.0736E-17
 2.1172E+01 2.2858E-17
 2.1549E+01 2.6708E-17
 2.1889E+01 3.0044E-17
 2.2228E+01 3.3236E-17
 2.2667E+01 3.7128E-17
 2.3145E+01 4.1059E-17
 2.3505E+01 4.3791E-17
 2.3842E+01 4.6191E-17
 2.4348E+01 4.9495E-17
 2.4854E+01 5.2462E-17
 2.5211E+01 5.4363E-17
 2.5746E+01 5.6939E-17
 2.6281E+01 5.9211E-17
 2.6942E+01 6.1637E-17
 2.7508E+01 6.3421E-17
 2.8189E+01 6.5254E-17
 2.8987E+01 6.7016E-17
 2.9808E+01 6.8466E-17
 3.0652E+01 6.9636E-17
 3.1966E+01 7.0941E-17
 3.3330E+01 7.1785E-17
 3.4745E+01 7.2257E-17
 3.6740E+01 7.2438E-17
 3.8850E+01 7.2222E-17
 4.2260E+01 7.1369E-17
 4.8571E+01 6.9098E-17
 6.4212E+01 6.2998E-17
 7.5921E+01 5.8853E-17
 8.7328E+01 5.5248E-17
 9.7645E+01 5.2329E-17
 1.0918E+02 4.9409E-17
 1.2208E+02 4.6517E-17
 1.3269E+02 4.4391E-17
 1.4434E+02 4.2285E-17
 1.5689E+02 4.0246E-17
 1.7066E+02 3.8241E-17
 1.8549E+02 3.6314E-17
 2.0178E+02 3.4432E-17
 2.1932E+02 3.2633E-17
 2.3857E+02 3.0885E-17
 2.5931E+02 2.9222E-17
 2.8207E+02 2.7613E-17
 3.0659E+02 2.6088E-17
 3.3351E+02 2.4617E-17
 3.6250E+02 2.3228E-17
 3.9432E+02 2.1892E-17
 4.2860E+02 2.0632E-17
 4.6622E+02 1.9424E-17
 5.0675E+02 1.8288E-17
 5.5124E+02 1.7200E-17
 5.9916E+02 1.6178E-17
 6.5175E+02 1.5202E-17
 7.0841E+02 1.4287E-17
 7.4909E+02 1.3702E-17
 7.9210E+02 1.3138E-17
 8.3759E+02 1.2596E-17
 8.8568E+02 1.2074E-17
 9.3654E+02 1.1571E-17
 9.9031E+02 1.1088E-17
 1.0472E+03 1.0623E-17
 1.1073E+03 1.0177E-17
 1.1709E+03 9.7471E-18
 1.2381E+03 9.3344E-18
 1.3092E+03 8.9379E-18
 1.3844E+03 8.5569E-18
 1.4639E+03 8.1911E-18
 1.5479E+03 7.8399E-18
 1.6368E+03 7.5027E-18
 1.7308E+03 7.1791E-18
 1.8302E+03 6.8685E-18
 1.9353E+03 6.5706E-18
 2.0464E+03 6.2848E-18
 2.1639E+03 6.0108E-18
 2.2882E+03 5.7480E-18
 2.4196E+03 5.4960E-18
 2.5585E+03 5.2545E-18
 2.7054E+03 5.0231E-18
 2.8608E+03 4.8013E-18
 3.0251E+03 4.5888E-18
 3.1988E+03 4.3853E-18
 3.3824E+03 4.1903E-18
 3.5767E+03 4.0036E-18
 3.7820E+03 3.8249E-18
 3.9992E+03 3.6538E-18
 4.2288E+03 3.4899E-18
 4.4717E+03 3.3332E-18
 4.7284E+03 3.1831E-18
 5.0000E+03 3.0395E-18
