#
# Al(2+)+e(-)->Al(3+)+2e(-)
#
132001
e(-)+Al(2+)->2e(-)+Al(3+)
28.0
3
132   1 133
 -1  +1  +1
2
     72
 2.8000E+01 0.0000E+00
 2.8065E+01 3.7109E-20
 2.8265E+01 1.5124E-19
 2.8521E+01 2.9881E-19
 2.9042E+01 6.0078E-19
 3.0604E+01 1.5087E-18
 3.1385E+01 1.9555E-18
 3.2166E+01 2.3930E-18
 3.2948E+01 2.8186E-18
 3.3729E+01 3.2305E-18
 3.4770E+01 3.7561E-18
 3.5812E+01 4.2531E-18
 3.6854E+01 4.7205E-18
 3.7895E+01 5.1580E-18
 3.8937E+01 5.5660E-18
 4.0239E+01 6.0355E-18
 4.1541E+01 6.4621E-18
 4.2843E+01 6.8481E-18
 4.4405E+01 7.2615E-18
 4.5968E+01 7.6248E-18
 4.7790E+01 7.9916E-18
 4.9613E+01 8.3034E-18
 5.1696E+01 8.6006E-18
 5.4040E+01 8.8698E-18
 5.6644E+01 9.1004E-18
 5.9508E+01 9.2851E-18
 6.2894E+01 9.4284E-18
 6.6800E+01 9.5151E-18
 7.1226E+01 9.5373E-18
 7.6695E+01 9.4857E-18
 8.0080E+01 9.4228E-18
 8.0080E+01 9.6073E-18
 9.0654E+01 1.0204E-17
 1.1147E+02 1.1288E-17
 1.2619E+02 1.1988E-17
 1.3996E+02 1.2561E-17
 1.5202E+02 1.2989E-17
 1.6513E+02 1.3375E-17
 1.7936E+02 1.3708E-17
 1.9482E+02 1.3981E-17
 2.1162E+02 1.4189E-17
 2.2986E+02 1.4329E-17
 2.5483E+02 1.4408E-17
 2.8263E+02 1.4386E-17
 3.1996E+02 1.4236E-17
 3.6969E+02 1.3910E-17
 4.6417E+02 1.3137E-17
 5.9485E+02 1.2048E-17
 7.0182E+02 1.1242E-17
 7.9449E+02 1.0618E-17
 8.9940E+02 9.9892E-18
 9.9712E+02 9.4687E-18
 1.1059E+03 8.9531E-18
 1.2261E+03 8.4498E-18
 1.3598E+03 7.9575E-18
 1.4771E+03 7.5754E-18
 1.6044E+03 7.2038E-18
 1.7427E+03 6.8436E-18
 1.8929E+03 6.4953E-18
 2.0561E+03 6.1591E-18
 2.2333E+03 5.8354E-18
 2.4258E+03 5.5242E-18
 2.6349E+03 5.2257E-18
 2.8620E+03 4.9398E-18
 3.1087E+03 4.6663E-18
 3.3767E+03 4.4051E-18
 3.6677E+03 4.1559E-18
 3.9839E+03 3.9186E-18
 4.3273E+03 3.6927E-18
 4.6031E+03 3.5312E-18
 4.8987E+03 3.3746E-18
 5.0000E+03 3.3245E-18
