#
# Al(3+)+e(-)->Al(4+)+2e(-)
#
133001
e(-)+Al(3+)->2e(-)+Al(4+)
120.0
3
133   1 134
 -1  +1  +1
2
     59
 1.2000e+02 0.0000e+00
 1.2014e+02 1.1108e-20
 1.2042e+02 3.2781e-20
 1.2094e+02 7.3735e-20
 1.2178e+02 1.4159e-19
 1.2278e+02 2.2182e-19
 1.2397e+02 3.1932e-19
 1.2574e+02 4.6723e-19
 1.2929e+02 7.6696e-19
 1.3676e+02 1.4005e-18
 1.4195e+02 1.8321e-18
 1.4597e+02 2.1561e-18
 1.5009e+02 2.4772e-18
 1.5437e+02 2.7974e-18
 1.5876e+02 3.1112e-18
 1.6326e+02 3.4172e-18
 1.6787e+02 3.7142e-18
 1.7425e+02 4.0980e-18
 1.8087e+02 4.4641e-18
 1.8774e+02 4.8111e-18
 1.9487e+02 5.1382e-18
 2.0228e+02 5.4448e-18
 2.0997e+02 5.7307e-18
 2.1794e+02 5.9956e-18
 2.2623e+02 6.2399e-18
 2.3482e+02 6.4638e-18
 2.4375e+02 6.6676e-18
 2.5782e+02 6.9378e-18
 2.7261e+02 7.1645e-18
 2.8834e+02 7.3530e-18
 3.0488e+02 7.5034e-18
 3.2248e+02 7.6201e-18
 3.4098e+02 7.7042e-18
 3.6738e+02 7.7713e-18
 3.9583e+02 7.7919e-18
 4.3459e+02 7.7605e-18
 4.8605e+02 7.6522e-18
 5.6425e+02 7.4134e-18
 8.1931e+02 6.5239e-18
 9.5113e+02 6.1086e-18
 1.0836e+03 5.7368e-18
 1.2119e+03 5.4171e-18
 1.3553e+03 5.1006e-18
 1.4880e+03 4.8411e-18
 1.6332e+03 4.5881e-18
 1.7931e+03 4.3409e-18
 1.9680e+03 4.1021e-18
 2.1607e+03 3.8706e-18
 2.3714e+03 3.6485e-18
 2.6037e+03 3.4345e-18
 2.8053e+03 3.2701e-18
 3.0226e+03 3.1116e-18
 3.2566e+03 2.9590e-18
 3.5089e+03 2.8123e-18
 3.7806e+03 2.6713e-18
 4.0734e+03 2.5361e-18
 4.3889e+03 2.4065e-18
 4.6406e+03 2.3132e-18
 5.0000e+03 2.1931e-18
