# e(-)+Si->Si(+)+2e(-)
# Electron impact ionization cross section of atoms
# Jaspreet Kaur, Dhanoj Gupta, et al.
# Canadian Journal of Physics 93(6) : 617-625 (2015)
# 2019/Feb/25
#
140001
e(-)+Si->Si(+)+2e(-)
9.1
3
140  1  141
-1  +1  +1
2
68
9.1	1.0E-17
10.68	1.534E-17
11.54	3.149E-17
12.48	5.572E-17
13.49	1.122E-16
14.58	1.553E-16
15.76	2.011E-16
17.03	2.522E-16
18.41	3.061E-16
19.91	3.437E-16
21.52	3.922E-16
23.26	4.299E-16
25.14	4.729E-16
27.18	5.052E-16
29.38	5.322E-16
31.76	5.537E-16
34.34	5.645E-16
37.12	5.699E-16
40.12	5.618E-16
43.37	5.537E-16
46.88	5.483E-16
50.68	5.322E-16
54.79	5.16E-16
59.22	5.026E-16
64.02	4.864E-16
69.2	4.729E-16
74.81	4.514E-16
80.87	4.38E-16
87.42	4.218E-16
94.5	4.083E-16
102.2	3.895E-16
110.4	3.76E-16
119.4	3.653E-16
129	3.491E-16
139.5	3.384E-16
150.8	3.222E-16
163	3.087E-16
176.2	2.98E-16
190.5	2.845E-16
205.9	2.764E-16
222.6	2.657E-16
240.6	2.522E-16
260.1	2.388E-16
281.1	2.334E-16
303.9	2.199E-16
328.5	2.145E-16
355.1	2.065E-16
383.9	1.93E-16
415	1.849E-16
448.6	1.742E-16
484.9	1.688E-16
524.2	1.58E-16
566.7	1.499E-16
612.6	1.445E-16
662.2	1.392E-16
715.8	1.311E-16
773.8	1.23E-16
836.4	1.203E-16
904.2	1.096E-16
977.4	1.042E-16
1057	9.879E-17
1142	9.341E-17
1235	8.802E-17
1335	8.264E-17
1443	7.725E-17
1560	7.456E-17
1686	6.918E-17
1822	6.649E-17
-1
0.0 0.0 0.0