# P+e(-)->P(+)+2e(-)
#
# from ALADDIN http://www-amdis.iaea.org/
# reliability C
# 2007/5/21 h-nakadate@psinc.co.jp
#
150001
e(-)+P->P(+)+2e(-)
12.249
3
150   1  151
 -1  +1  +1
2
50
1.05000E+01	0.00000E+00
1.22497E+01	3.29481E-16
1.42909E+01	5.00626E-16
1.66723E+01	5.89044E-16
1.94505E+01	6.31864E-16
2.26917E+01	6.47630E-16
2.64730E+01	6.46033E-16
3.08843E+01	6.32572E-16
3.60308E+01	6.10739E-16
4.20348E+01	5.83008E-16
4.90393E+01	5.51275E-16
5.72111E+01	5.17048E-16
6.67445E+01	4.81543E-16
7.78666E+01	4.45725E-16
9.08420E+01	4.10348E-16
1.05980E+02	3.75983E-16
1.23640E+02	3.43044E-16
1.44242E+02	3.11818E-16
1.68279E+02	2.82487E-16
1.96320E+02	2.55148E-16
2.29034E+02	2.29833E-16
2.67199E+02	2.06526E-16
3.11724E+02	1.85173E-16
3.63669E+02	1.65694E-16
4.24270E+02	1.47992E-16
4.94968E+02	1.31960E-16
5.77448E+02	1.17482E-16
6.73672E+02	1.04444E-16
7.85930E+02	9.27298E-17
9.16895E+02	8.22289E-17
1.06968E+03	7.28341E-17
1.24793E+03	6.44440E-17
1.45588E+03	5.69638E-17
1.69848E+03	5.03049E-17
1.98151E+03	4.43855E-17
2.31171E+03	3.91303E-17
2.69692E+03	3.44705E-17
3.14633E+03	3.03434E-17
3.67062E+03	2.66917E-17
4.28228E+03	2.34641E-17
4.99586E+03	2.06139E-17
5.82835E+03	1.80990E-17
6.79957E+03	1.58820E-17
7.93262E+03	1.39291E-17
9.25449E+03	1.22099E-17
1.07966E+04	1.06977E-17
1.25957E+04	9.36839E-18
1.46946E+04	8.20054E-18
1.71433E+04	7.17517E-18
2.00000E+04	6.27540E-18
-1
0.0 0.0 0.0
