# S+e(-)->S(+)+2e(-)
#
# from ALADDIN http://www-amdis.iaea.org/
# reliability B
# 2007/5/21 h-nakadate@psinc.co.jp
#
161001
e(-)+S->S(+)+2e(-)
12.135
3
160   1 161
 -1  +1  +1
2
50
1.04000E+01	0.00000E+00
1.21354E+01	8.59684E-17
1.41604E+01	1.39112E-16
1.65232E+01	1.79467E-16
1.92803E+01	2.14931E-16
2.24975E+01	2.47603E-16
2.62516E+01	2.77179E-16
3.06320E+01	3.02653E-16
3.57434E+01	3.23102E-16
4.17077E+01	3.37972E-16
4.86672E+01	3.47125E-16
5.67881E+01	3.50778E-16
6.62640E+01	3.49405E-16
7.73211E+01	3.43641E-16
9.02232E+01	3.34198E-16
1.05278E+02	3.21803E-16
1.22845E+02	3.07154E-16
1.43344E+02	2.90888E-16
1.67263E+02	2.73573E-16
1.95173E+02	2.55693E-16
2.27740E+02	2.37654E-16
2.65742E+02	2.19783E-16
3.10085E+02	2.02339E-16
3.61827E+02	1.85521E-16
4.22203E+02	1.69472E-16
4.92654E+02	1.54290E-16
5.74860E+02	1.40037E-16
6.70784E+02	1.26744E-16
7.82714E+02	1.14418E-16
9.13320E+02	1.03047E-16
1.06572E+03	9.26029E-17
1.24355E+03	8.30503E-17
1.45106E+03	7.43446E-17
1.69319E+03	6.64365E-17
1.97572E+03	5.92744E-17
2.30539E+03	5.28054E-17
2.69008E+03	4.69769E-17
3.13896E+03	4.17373E-17
3.66274E+03	3.70369E-17
4.27392E+03	3.28284E-17
4.98709E+03	2.90668E-17
5.81925E+03	2.57102E-17
6.79028E+03	2.27196E-17
7.92333E+03	2.00589E-17
9.24546E+03	1.76947E-17
1.07882E+04	1.55967E-17
1.25884E+04	1.37370E-17
1.46889E+04	1.20903E-17
1.71400E+04	1.06337E-17
2.00000E+04	9.34646E-18
-1
0.0 0.0 0.0
