# K+e(-)->K(+)+2e(-)
#
# from ALADDIN http://www-amdis.iaea.org/
# reliability B
# 2007/5/21 h-nakadate@psinc.co.jp
#
190001
e(-)+K->K(+)+2e(-)
5.1087
3
190   1 191
 -1  +1  +1
2
50
4.30000E+00	0.00000E+00
5.10877E+00	2.63861E-16
6.06967E+00	5.66700E-16
7.21129E+00	7.24297E-16
8.56764E+00	7.70107E-16
1.01791E+01	7.58349E-16
1.20937E+01	7.23763E-16
1.43683E+01	6.82824E-16
1.70708E+01	6.41500E-16
2.02816E+01	6.80780E-16
2.40963E+01	7.39002E-16
2.86285E+01	7.33808E-16
3.40131E+01	7.08545E-16
4.04106E+01	6.77662E-16
4.80113E+01	6.44856E-16
5.70416E+01	6.10541E-16
6.77703E+01	5.74593E-16
8.05170E+01	5.37141E-16
9.56612E+01	4.98639E-16
1.13654E+02	4.59737E-16
1.35031E+02	4.21132E-16
1.60428E+02	3.83467E-16
1.90603E+02	3.47276E-16
2.26452E+02	3.12963E-16
2.69045E+02	2.80805E-16
3.19649E+02	2.50963E-16
3.79771E+02	2.23505E-16
4.51201E+02	1.98426E-16
5.36066E+02	1.75663E-16
6.36892E+02	1.55116E-16
7.56684E+02	1.36658E-16
8.99006E+02	1.20145E-16
1.06810E+03	1.05427E-16
1.26899E+03	9.23518E-17
1.50767E+03	8.07693E-17
1.79125E+03	7.05361E-17
2.12816E+03	6.15161E-17
2.52843E+03	5.35824E-17
3.00400E+03	4.66177E-17
3.56901E+03	4.05142E-17
4.24030E+03	3.51742E-17
5.03784E+03	3.05091E-17
5.98539E+03	2.64392E-17
7.11117E+03	2.28930E-17
8.44868E+03	1.98068E-17
1.00378E+04	1.71239E-17
1.19257E+04	1.47939E-17
1.41688E+04	1.27725E-17
1.68338E+04	1.10202E-17
2.00000E+04	9.50266E-18
-1
0.0 0.0 0.0
