# Ca+e(-)->Ca(+)+2e(-)
#
# from ALADDIN http://www-amdis.iaea.org/
# reliability C
# 2007/5/21 h-nakadate@psinc.co.jp
#
200001
e(-)+Ca->Ca(+)+2e(-)
7.195
3
200   1 201
 -1  +1  +1
2
50
6.10000E+00	0.00000E+00
7.19580E+00	2.62253E-16
8.48844E+00	5.35488E-16
1.00133E+01	7.38675E-16
1.18121E+01	8.60596E-16
1.39340E+01	9.14323E-16
1.64370E+01	9.18213E-16
1.93898E+01	8.88864E-16
2.28729E+01	8.39187E-16
2.69818E+01	7.78454E-16
3.18288E+01	7.12987E-16
3.75464E+01	6.46910E-16
4.42912E+01	5.82797E-16
5.22476E+01	5.22160E-16
6.16333E+01	4.65806E-16
7.27051E+01	4.14080E-16
8.57657E+01	3.67036E-16
1.01173E+02	3.24548E-16
1.19347E+02	2.86381E-16
1.40786E+02	2.52245E-16
1.66077E+02	2.21822E-16
1.95911E+02	1.94788E-16
2.31104E+02	1.70827E-16
2.72619E+02	1.49636E-16
3.21592E+02	1.30930E-16
3.79363E+02	1.14448E-16
4.47511E+02	9.99460E-17
5.27901E+02	8.72051E-17
6.22732E+02	7.60258E-17
7.34599E+02	6.62283E-17
8.66561E+02	5.76512E-17
1.02223E+03	5.01502E-17
1.20586E+03	4.35967E-17
1.42248E+03	3.78760E-17
1.67801E+03	3.28865E-17
1.97945E+03	2.85382E-17
2.33503E+03	2.47516E-17
2.75450E+03	2.14564E-17
3.24931E+03	1.85908E-17
3.83301E+03	1.61004E-17
4.52157E+03	1.39374E-17
5.33382E+03	1.20597E-17
6.29198E+03	1.04307E-17
7.42226E+03	9.01820E-18
8.75558E+03	7.79399E-18
1.03284E+04	6.73350E-18
1.21838E+04	5.81525E-18
1.43725E+04	5.02052E-18
1.69543E+04	4.33298E-18
2.00000E+04	3.73842E-18
-1
0.0 0.0 0.0
