# Ti+e(-)->Ti(+)+2e(-)
#
# from ALADDIN http://www-amdis.iaea.org/
# reliability C
# 2007/5/21 h-nakadate@psinc.co.jp
#
220001
e(-)+Ti->Ti(+)+2e(-)
8.004
3
220   1 221
 -1  +1  +1
2
50
6.80000E+00	0.00000E+00
8.00378E+00	3.62159E-16
9.42066E+00	5.08495E-16
1.10884E+01	6.43237E-16
1.30513E+01	7.50743E-16
1.53617E+01	8.13039E-16
1.80811E+01	8.31761E-16
2.12820E+01	8.17739E-16
2.50494E+01	7.82620E-16
2.94839E+01	7.35571E-16
3.47033E+01	6.82845E-16
4.08467E+01	6.28372E-16
4.80776E+01	5.74495E-16
5.65886E+01	5.22565E-16
6.66062E+01	4.73329E-16
7.83973E+01	4.27178E-16
9.22757E+01	3.84287E-16
1.08611E+02	3.44700E-16
1.27838E+02	3.08372E-16
1.50469E+02	2.75202E-16
1.77105E+02	2.45049E-16
2.08458E+02	2.17750E-16
2.45360E+02	1.93122E-16
2.88795E+02	1.70978E-16
3.39920E+02	1.51125E-16
4.00094E+02	1.33375E-16
4.70922E+02	1.17544E-16
5.54287E+02	1.03457E-16
6.52411E+02	9.09469E-17
7.67904E+02	7.98586E-17
9.03844E+02	7.00476E-17
1.06385E+03	6.13806E-17
1.25218E+03	5.37356E-17
1.47384E+03	4.70014E-17
1.73475E+03	4.10770E-17
2.04185E+03	3.58712E-17
2.40331E+03	3.13020E-17
2.82876E+03	2.72957E-17
3.32953E+03	2.37863E-17
3.91894E+03	2.07151E-17
4.61269E+03	1.80295E-17
5.42926E+03	1.56832E-17
6.39038E+03	1.36348E-17
7.52165E+03	1.18477E-17
8.85318E+03	1.02898E-17
1.04204E+04	8.93250E-18
1.22651E+04	7.75070E-18
1.44364E+04	6.72233E-18
1.69920E+04	5.82796E-18
2.00000E+04	5.05056E-18
-1
0.0 0.0 0.0
