# V+e(-)->V(+)+2e(-)
#
# from ALADDIN http://www-amdis.iaea.org/
# reliability D
# 2007/5/21 h-nakadate@psinc.co.jp
#
230001
e(-)+V->V(+)+2e(-)
7.888
3
230   1 231
 -1  +1  +1
2
50
6.70000E+00	0.00000E+00
7.88846E+00	4.84108E-16
9.28773E+00	8.85551E-16
1.09352E+01	1.19228E-15
1.28749E+01	1.17606E-15
1.51587E+01	1.65389E-15
1.78476E+01	1.98149E-15
2.10134E+01	2.18319E-15
2.47408E+01	2.28393E-15
2.91294E+01	2.30660E-15
3.42965E+01	2.27094E-15
4.03800E+01	2.19330E-15
4.75427E+01	2.08689E-15
5.59760E+01	1.96208E-15
6.59051E+01	1.82689E-15
7.75955E+01	1.68736E-15
9.13596E+01	1.54797E-15
1.07565E+02	1.41194E-15
1.26645E+02	1.28149E-15
1.49110E+02	1.15809E-15
1.75559E+02	1.04263E-15
2.06700E+02	9.35562E-16
2.43365E+02	8.37001E-16
2.86534E+02	7.46839E-16
3.37360E+02	6.64798E-16
3.97202E+02	5.90491E-16
4.67658E+02	5.23460E-16
5.50612E+02	4.63204E-16
6.48281E+02	4.09209E-16
7.63275E+02	3.60961E-16
8.98666E+02	3.17955E-16
1.05807E+03	2.79709E-16
1.24576E+03	2.45767E-16
1.46673E+03	2.15700E-16
1.72690E+03	1.89113E-16
2.03323E+03	1.65639E-16
2.39388E+03	1.44945E-16
2.81852E+03	1.26726E-16
3.31847E+03	1.10706E-16
3.90711E+03	9.66368E-17
4.60016E+03	8.42935E-17
5.41615E+03	7.34758E-17
6.37687E+03	6.40042E-17
7.50802E+03	5.57187E-17
8.83981E+03	4.84769E-17
1.04078E+04	4.21525E-17
1.22540E+04	3.66333E-17
1.44276E+04	3.18204E-17
1.69868E+04	2.76261E-17
2.00000E+04	2.39734E-17
-1
0.0 0.0 0.0
