# Cr+e(-)->Cr(+)+2e(-)
#
# from ALADDIN http://www-amdis.iaea.org/
# reliability C
# 2007/5/21 h-nakadate@psinc.co.jp
#
240001
e(-)+Cr->Cr(+)+2e(-)
8.004
3
240   1 241
 -1  +1  +1
2
50
6.80000E+00	0.00000E+00
8.00378E+00	1.92232E-16
9.42066E+00	3.46099E-16
1.10884E+01	4.63255E-16
1.30513E+01	5.46995E-16
1.53617E+01	6.01624E-16
1.80811E+01	6.31843E-16
2.12820E+01	6.42283E-16
2.50494E+01	6.37219E-16
2.94839E+01	6.20421E-16
3.47033E+01	5.95098E-16
4.08467E+01	5.63908E-16
4.80776E+01	5.29002E-16
5.65886E+01	4.92081E-16
6.66062E+01	4.54458E-16
7.83973E+01	4.17128E-16
9.22757E+01	3.80818E-16
1.08611E+02	3.46042E-16
1.27838E+02	3.13145E-16
1.50469E+02	2.82338E-16
1.77105E+02	2.53730E-16
2.08458E+02	2.27351E-16
2.45360E+02	2.03174E-16
2.88795E+02	1.81132E-16
3.39920E+02	1.61128E-16
4.00094E+02	1.43046E-16
4.70922E+02	1.26760E-16
5.54287E+02	1.12139E-16
6.52411E+02	9.90490E-17
7.67904E+02	8.73606E-17
9.03844E+02	7.69480E-17
1.06385E+03	6.76916E-17
1.25218E+03	5.94792E-17
1.47384E+03	5.22061E-17
1.73475E+03	4.57754E-17
2.04185E+03	4.00982E-17
2.40331E+03	3.50933E-17
2.82876E+03	3.06869E-17
3.32953E+03	2.68122E-17
3.91894E+03	2.34089E-17
4.61269E+03	2.04228E-17
5.42926E+03	1.78054E-17
6.39038E+03	1.55133E-17
7.52165E+03	1.35080E-17
8.85318E+03	1.17549E-17
1.04204E+04	1.02237E-17
1.22651E+04	8.88709E-18
1.44364E+04	7.72130E-18
1.69920E+04	6.70515E-18
2.00000E+04	5.82001E-18
-1
0.0 0.0 0.0
