# Mn+e(-)->Mn(+)+2e(-)
#
# from ALADDIN http://www-amdis.iaea.org/
# reliability E
# 2007/5/21 h-nakadate@psinc.co.jp
#
250001
e(-)+Mn->Mn(+)+2e(-)
8.695
3
250   1 251
 -1  +1  +1
2
50
7.40000E+00	0.00000E+00
8.69498E+00	1.98895E-16
1.02166E+01	2.83326E-16
1.20044E+01	3.74117E-16
1.41052E+01	4.43336E-16
1.65735E+01	4.82018E-16
1.94739E+01	4.98802E-16
2.28817E+01	5.04558E-16
2.68859E+01	5.06070E-16
3.15909E+01	5.05849E-16
3.71192E+01	5.03874E-16
4.36150E+01	4.99207E-16
5.12474E+01	4.90958E-16
6.02156E+01	4.78684E-16
7.07531E+01	4.62436E-16
8.31347E+01	4.42653E-16
9.76830E+01	4.20010E-16
1.14777E+02	3.95279E-16
1.34863E+02	3.69234E-16
1.58463E+02	3.42581E-16
1.86194E+02	3.15928E-16
2.18777E+02	2.89768E-16
2.57063E+02	2.64486E-16
3.02048E+02	2.40361E-16
3.54905E+02	2.17587E-16
4.17013E+02	1.96283E-16
4.89989E+02	1.76507E-16
5.75735E+02	1.58273E-16
6.76487E+02	1.41557E-16
7.94870E+02	1.26310E-16
9.33970E+02	1.12465E-16
1.09741E+03	9.99413E-17
1.28945E+03	8.86531E-17
1.51511E+03	7.85099E-17
1.78024E+03	6.94212E-17
2.09178E+03	6.12979E-17
2.45784E+03	5.40541E-17
2.88795E+03	4.76081E-17
3.39333E+03	4.18830E-17
3.98715E+03	3.68071E-17
4.68489E+03	3.23139E-17
5.50473E+03	2.83427E-17
6.46805E+03	2.48375E-17
7.59993E+03	2.17477E-17
8.92990E+03	1.90273E-17
1.04926E+04	1.66347E-17
1.23288E+04	1.45328E-17
1.44863E+04	1.26880E-17
1.70213E+04	1.10703E-17
2.00000E+04	9.65305E-18
-1
0.0 0.0 0.0
