# Fe+e(-)->Fe(+)+2e(-)
#
# from ALADDIN http://www-amdis.iaea.org/
# reliability C
# 2004/6/9 h-nakadate@psinc.co.jp
#
260000
e(-)+Fe->Fe(+)+2e(-)
7.87
3
260   1 261
 -1  +1  +1
2
100
 7.90000E+00           0.00000E+00
 8.29589E+00           2.41261E-17
 8.71163E+00           5.82196E-17
 9.14819E+00           9.80610E-17
 9.60664E+00           1.40552E-16
 1.00881E+01           1.83460E-16
 1.05936E+01           2.25219E-16
 1.11245E+01           2.64768E-16
 1.16820E+01           3.01426E-16
 1.22674E+01           3.34799E-16
 1.28821E+01           3.64702E-16
 1.35277E+01           3.91100E-16
 1.42056E+01           4.14063E-16
 1.49175E+01           4.33736E-16
 1.56651E+01           4.50309E-16
 1.64501E+01           4.63996E-16
 1.72745E+01           4.75030E-16
 1.81401E+01           4.83641E-16
 1.90492E+01           4.90060E-16
 2.00038E+01           4.94506E-16
 2.10063E+01           4.97185E-16
 2.20590E+01           4.98292E-16
 2.31644E+01           4.98005E-16
 2.43252E+01           4.96487E-16
 2.55443E+01           4.93888E-16
 2.68244E+01           4.90341E-16
 2.81686E+01           4.85967E-16
 2.95802E+01           4.80875E-16
 3.10626E+01           4.75163E-16
 3.26192E+01           4.68916E-16
 3.42539E+01           4.62212E-16
 3.59705E+01           4.55120E-16
 3.77730E+01           4.47700E-16
 3.96660E+01           4.40007E-16
 4.16538E+01           4.32088E-16
 4.37412E+01           4.23987E-16
 4.59332E+01           4.15740E-16
 4.82350E+01           4.07381E-16
 5.06522E+01           3.98941E-16
 5.31906E+01           3.90444E-16
 5.58561E+01           3.81916E-16
 5.86552E+01           3.73376E-16
 6.15946E+01           3.64844E-16
 6.46813E+01           3.56335E-16
 6.79227E+01           3.47865E-16
 7.13265E+01           3.39446E-16
 7.49009E+01           3.31091E-16
 7.86545E+01           3.22810E-16
 8.25961E+01           3.14611E-16
 8.67352E+01           3.06504E-16
 9.10818E+01           2.98495E-16
 9.56462E+01           2.90591E-16
 1.00439E+02           2.82798E-16
 1.05473E+02           2.75121E-16
 1.10758E+02           2.67564E-16
 1.16309E+02           2.60131E-16
 1.22137E+02           2.52825E-16
 1.28258E+02           2.45649E-16
 1.34685E+02           2.38605E-16
 1.41435E+02           2.31696E-16
 1.48523E+02           2.24923E-16
 1.55966E+02           2.18287E-16
 1.63781E+02           2.11789E-16
 1.71989E+02           2.05429E-16
 1.80608E+02           1.99209E-16
 1.89659E+02           1.93128E-16
 1.99163E+02           1.87185E-16
 2.09144E+02           1.81381E-16
 2.19625E+02           1.75715E-16
 2.30631E+02           1.70186E-16
 2.42188E+02           1.64793E-16
 2.54325E+02           1.59535E-16
 2.67070E+02           1.54411E-16
 2.80454E+02           1.49419E-16
 2.94508E+02           1.44558E-16
 3.09267E+02           1.39827E-16
 3.24766E+02           1.35222E-16
 3.41041E+02           1.30743E-16
 3.58131E+02           1.26388E-16
 3.76078E+02           1.22155E-16
 3.94925E+02           1.18041E-16
 4.14716E+02           1.14045E-16
 4.35498E+02           1.10165E-16
 4.57322E+02           1.06397E-16
 4.80240E+02           1.02741E-16
 5.04307E+02           9.91939E-17
 5.29579E+02           9.57532E-17
 5.56118E+02           9.24168E-17
 5.83987E+02           8.91824E-17
 6.13252E+02           8.60477E-17
 6.43984E+02           8.30106E-17
 6.76256E+02           8.00685E-17
 7.10146E+02           7.72194E-17
 7.45733E+02           7.44609E-17
 7.83104E+02           7.17908E-17
 8.22348E+02           6.92068E-17
 8.63558E+02           6.67067E-17
 9.06834E+02           6.42883E-17
 9.52278E+02           6.19495E-17
 1.00000E+03           5.96880E-17
-1
0.0 0.0 0.0
