# Co+e(-)->Co(+)+2e(-)
#
# from ALADDIN http://www-amdis.iaea.org/
# reliability E
# 2007/5/21 h-nakadate@psinc.co.jp
#
270001
e(-)+Co->Co(+)+2e(-)
9.270
3
270   1 271
 -1  +1  +1
2
50
7.90000E+00	0.00000E+00
9.27010E+00	1.30355E-16
1.08778E+01	3.14629E-16
1.27643E+01	4.22124E-16
1.49781E+01	4.71215E-16
1.75757E+01	4.94985E-16
2.06239E+01	5.12667E-16
2.42007E+01	5.30665E-16
2.83978E+01	5.48556E-16
3.33228E+01	5.63636E-16
3.91020E+01	5.73313E-16
4.58835E+01	5.75993E-16
5.38410E+01	5.71180E-16
6.31787E+01	5.59237E-16
7.41358E+01	5.41074E-16
8.69932E+01	5.17878E-16
1.02080E+02	4.90912E-16
1.19784E+02	4.61379E-16
1.40558E+02	4.30351E-16
1.64935E+02	3.98735E-16
1.93540E+02	3.67266E-16
2.27106E+02	3.36518E-16
2.66493E+02	3.06917E-16
3.12711E+02	2.78765E-16
3.66944E+02	2.52262E-16
4.30583E+02	2.27523E-16
5.05259E+02	2.04599E-16
5.92886E+02	1.83488E-16
6.95711E+02	1.64154E-16
8.16368E+02	1.46529E-16
9.57951E+02	1.30530E-16
1.12409E+03	1.16060E-16
1.31904E+03	1.03017E-16
1.54780E+03	9.12944E-17
1.81623E+03	8.07870E-17
2.13122E+03	7.13914E-17
2.50084E+03	6.30085E-17
2.93456E+03	5.55440E-17
3.44351E+03	4.89097E-17
4.04071E+03	4.30232E-17
4.74149E+03	3.78083E-17
5.56381E+03	3.31951E-17
6.52874E+03	2.91197E-17
7.66102E+03	2.55238E-17
8.98967E+03	2.23548E-17
1.05488E+04	1.95649E-17
1.23782E+04	1.71114E-17
1.45250E+04	1.49558E-17
1.70440E+04	1.30636E-17
2.00000E+04	1.14040E-17
-1
0.0 0.0 0.0
