# Ni+e(-)->Ni(+)+2e(-)
#
# from ALADDIN http://www-amdis.iaea.org/
# reliability E
# 2004/6/9 h-nakadate@psinc.co.jp
#
280000
e(-)+Ni->Ni(+)+2e(-)
7.635
3
280   1 281
 -1  +1  +1
2
100
 7.60000E+00           0.00000E+00
 7.98398E+00           1.15407E-17
 8.38736E+00           3.23686E-17
 8.81112E+00           5.93452E-17
 9.25630E+00           9.00622E-17
 9.72396E+00           1.22691E-16
 1.02153E+01           1.55860E-16
 1.07314E+01           1.88559E-16
 1.12736E+01           2.20060E-16
 1.18431E+01           2.49854E-16
 1.24415E+01           2.77604E-16
 1.30701E+01           3.03103E-16
 1.37304E+01           3.26243E-16
 1.44242E+01           3.46992E-16
 1.51529E+01           3.65372E-16
 1.59185E+01           3.81446E-16
 1.67228E+01           3.95306E-16
 1.75677E+01           4.07061E-16
 1.84553E+01           4.16835E-16
 1.93877E+01           4.24754E-16
 2.03672E+01           4.30951E-16
 2.13963E+01           4.35556E-16
 2.24773E+01           4.38696E-16
 2.36129E+01           4.40497E-16
 2.48059E+01           4.41075E-16
 2.60592E+01           4.40543E-16
 2.73758E+01           4.39008E-16
 2.87590E+01           4.36568E-16
 3.02120E+01           4.33317E-16
 3.17384E+01           4.29342E-16
 3.33420E+01           4.24721E-16
 3.50265E+01           4.19530E-16
 3.67962E+01           4.13836E-16
 3.86553E+01           4.07704E-16
 4.06083E+01           4.01190E-16
 4.26600E+01           3.94348E-16
 4.48154E+01           3.87227E-16
 4.70796E+01           3.79871E-16
 4.94582E+01           3.72321E-16
 5.19571E+01           3.64614E-16
 5.45821E+01           3.56784E-16
 5.73398E+01           3.48862E-16
 6.02369E+01           3.40875E-16
 6.32803E+01           3.32849E-16
 6.64774E+01           3.24806E-16
 6.98361E+01           3.16768E-16
 7.33645E+01           3.08753E-16
 7.70712E+01           3.00777E-16
 8.09651E+01           2.92855E-16
 8.50558E+01           2.85002E-16
 8.93531E+01           2.77229E-16
 9.38676E+01           2.69545E-16
 9.86101E+01           2.61962E-16
 1.03592E+02           2.54487E-16
 1.08826E+02           2.47126E-16
 1.14325E+02           2.39887E-16
 1.20101E+02           2.32775E-16
 1.26169E+02           2.25793E-16
 1.32543E+02           2.18947E-16
 1.39240E+02           2.12238E-16
 1.46275E+02           2.05670E-16
 1.53665E+02           1.99244E-16
 1.61429E+02           1.92963E-16
 1.69585E+02           1.86825E-16
 1.78153E+02           1.80834E-16
 1.87154E+02           1.74987E-16
 1.96610E+02           1.69286E-16
 2.06543E+02           1.63729E-16
 2.16978E+02           1.58317E-16
 2.27941E+02           1.53047E-16
 2.39457E+02           1.47919E-16
 2.51556E+02           1.42930E-16
 2.64265E+02           1.38081E-16
 2.77617E+02           1.33367E-16
 2.91643E+02           1.28789E-16
 3.06378E+02           1.24342E-16
 3.21858E+02           1.20027E-16
 3.38119E+02           1.15839E-16
 3.55202E+02           1.11776E-16
 3.73148E+02           1.07837E-16
 3.92001E+02           1.04019E-16
 4.11807E+02           1.00319E-16
 4.32613E+02           9.67346E-17
 4.54470E+02           9.32632E-17
 4.77432E+02           8.99021E-17
 5.01553E+02           8.66489E-17
 5.26894E+02           8.35009E-17
 5.53514E+02           8.04555E-17
 5.81480E+02           7.75100E-17
 6.10859E+02           7.46619E-17
 6.41722E+02           7.19087E-17
 6.74144E+02           6.92477E-17
 7.08204E+02           6.66765E-17
 7.43985E+02           6.41926E-17
 7.81575E+02           6.17934E-17
 8.21063E+02           5.94767E-17
 8.62546E+02           5.72399E-17
 9.06125E+02           5.50808E-17
 9.51906E+02           5.29971E-17
 1.00000E+03           5.09864E-17
-1
0.0 0.0 0.0
