# Li+e(-)->Li(+)+2e(-)
#
# from ALADDIN http://www-amdis.iaea.org/
# reliability A
# 2007/5/21 h-nakadate@psinc.co.jp
#
30001
e(-)+Li->Li(+)+2e(-)
10.876
3
30   1  31
 -1  +1  +1
2
50
5.40000E+00	0.00000E+00
6.38591E+00	8.99704E-17
7.55183E+00	2.07732E-16
8.93062E+00	3.07922E-16
1.05611E+01	3.77123E-16
1.24894E+01	4.15694E-16
1.47696E+01	4.29050E-16
1.74662E+01	4.23682E-16
2.06551E+01	4.05507E-16
2.44263E+01	3.79328E-16
2.88860E+01	3.48780E-16
3.41599E+01	3.16478E-16
4.03967E+01	2.84215E-16
4.77722E+01	2.53164E-16
5.64942E+01	2.24035E-16
6.68088E+01	1.97212E-16
7.90065E+01	1.72854E-16
9.34312E+01	1.50971E-16
1.10490E+02	1.31473E-16
1.30662E+02	1.14217E-16
1.54518E+02	9.90239E-17
1.82730E+02	8.57058E-17
2.16092E+02	7.40720E-17
2.55545E+02	6.39390E-17
3.02202E+02	5.51343E-17
3.57377E+02	4.74993E-17
4.22626E+02	4.08896E-17
4.99787E+02	3.51758E-17
5.91037E+02	3.02424E-17
6.98946E+02	2.59873E-17
8.26558E+02	2.23205E-17
9.77468E+02	1.91631E-17
1.15593E+03	1.64462E-17
1.36698E+03	1.41097E-17
1.61655E+03	1.21014E-17
1.91170E+03	1.03761E-17
2.26073E+03	8.89436E-18
2.67349E+03	7.62239E-18
3.16160E+03	6.53085E-18
3.73884E+03	5.59444E-18
4.42147E+03	4.79133E-18
5.22872E+03	4.10274E-18
6.18336E+03	3.51248E-18
7.31230E+03	3.00662E-18
8.64736E+03	2.57320E-18
1.02262E+04	2.20191E-18
1.20932E+04	1.88391E-18
1.43012E+04	1.61160E-18
1.69122E+04	1.37845E-18
2.00000E+04	1.17888E-18
-1
0.0 0.0 0.0
