# Zn+e(-)->Zn(+)+2e(-)
#
# from ALADDIN http://www-amdis.iaea.org/
# reliability C
# 2004/6/9 h-nakadate@psinc.co.jp
#
300000
e(-)+Zn->Zn(+)+2e(-)
9.394
3
300   1 301
 -1  +1  +1
2
100
 9.40000E+00           0.00000E+00
 9.85374E+00           3.39866E-17
 1.03294E+01           6.83258E-17
 1.08280E+01           1.02269E-16
 1.13507E+01           1.35253E-16
 1.18986E+01           1.66866E-16
 1.24729E+01           1.96814E-16
 1.30750E+01           2.24896E-16
 1.37062E+01           2.50987E-16
 1.43678E+01           2.75020E-16
 1.50613E+01           2.96975E-16
 1.57883E+01           3.16863E-16
 1.65504E+01           3.34726E-16
 1.73493E+01           3.50623E-16
 1.81868E+01           3.64629E-16
 1.90647E+01           3.76827E-16
 1.99850E+01           3.87309E-16
 2.09496E+01           3.96171E-16
 2.19609E+01           4.03508E-16
 2.30210E+01           4.09419E-16
 2.41322E+01           4.13999E-16
 2.52971E+01           4.17343E-16
 2.65182E+01           4.19541E-16
 2.77982E+01           4.20683E-16
 2.91401E+01           4.20852E-16
 3.05467E+01           4.20129E-16
 3.20212E+01           4.18590E-16
 3.35669E+01           4.16309E-16
 3.51872E+01           4.13354E-16
 3.68857E+01           4.09789E-16
 3.86662E+01           4.05674E-16
 4.05326E+01           4.01068E-16
 4.24892E+01           3.96022E-16
 4.45402E+01           3.90586E-16
 4.66902E+01           3.84806E-16
 4.89439E+01           3.78725E-16
 5.13065E+01           3.72384E-16
 5.37831E+01           3.65818E-16
 5.63792E+01           3.59062E-16
 5.91007E+01           3.52148E-16
 6.19535E+01           3.45104E-16
 6.49441E+01           3.37958E-16
 6.80790E+01           3.30734E-16
 7.13652E+01           3.23454E-16
 7.48100E+01           3.16140E-16
 7.84212E+01           3.08809E-16
 8.22066E+01           3.01480E-16
 8.61748E+01           2.94168E-16
 9.03345E+01           2.86887E-16
 9.46950E+01           2.79650E-16
 9.92660E+01           2.72468E-16
 1.04058E+02           2.65352E-16
 1.09081E+02           2.58312E-16
 1.14346E+02           2.51356E-16
 1.19866E+02           2.44490E-16
 1.25652E+02           2.37722E-16
 1.31717E+02           2.31058E-16
 1.38075E+02           2.24501E-16
 1.44740E+02           2.18057E-16
 1.51727E+02           2.11729E-16
 1.59051E+02           2.05521E-16
 1.66728E+02           1.99434E-16
 1.74776E+02           1.93471E-16
 1.83213E+02           1.87634E-16
 1.92057E+02           1.81923E-16
 2.01327E+02           1.76339E-16
 2.11045E+02           1.70883E-16
 2.21233E+02           1.65556E-16
 2.31912E+02           1.60355E-16
 2.43106E+02           1.55283E-16
 2.54841E+02           1.50337E-16
 2.67143E+02           1.45516E-16
 2.80038E+02           1.40821E-16
 2.93555E+02           1.36249E-16
 3.07726E+02           1.31799E-16
 3.22580E+02           1.27470E-16
 3.38151E+02           1.23259E-16
 3.54474E+02           1.19166E-16
 3.71584E+02           1.15189E-16
 3.89521E+02           1.11324E-16
 4.08323E+02           1.07572E-16
 4.28034E+02           1.03928E-16
 4.48695E+02           1.00392E-16
 4.70354E+02           9.69611E-17
 4.93058E+02           9.36331E-17
 5.16858E+02           9.04058E-17
 5.41808E+02           8.72772E-17
 5.67961E+02           8.42449E-17
 5.95377E+02           8.13066E-17
 6.24116E+02           7.84603E-17
 6.54243E+02           7.57036E-17
 6.85823E+02           7.30344E-17
 7.18929E+02           7.04504E-17
 7.53632E+02           6.79495E-17
 7.90010E+02           6.55295E-17
 8.28145E+02           6.31882E-17
 8.68120E+02           6.09235E-17
 9.10025E+02           5.87334E-17
 9.53952E+02           5.66157E-17
 1.00000E+03           5.45685E-17
-1
0.0 0.0 0.0
