# Ge+e(-)->Ge(+)+2e(-)
#
# from ALADDIN http://www-amdis.iaea.org/
# reliability C
# 2007/5/21 h-nakadate@psinc.co.jp
#
320001
e(-)+Ge->Ge(+)+2e(-)
9.270
3
320   1 321
 -1  +1  +1
2
50
7.90000E+00	0.00000E+00
9.27010E+00	2.07190E-16
1.08778E+01	2.32667E-16
1.27643E+01	2.26177E-16
1.49781E+01	2.32726E-16
1.75757E+01	2.57294E-16
2.06239E+01	2.92655E-16
2.42007E+01	3.30270E-16
2.83978E+01	3.63778E-16
3.33228E+01	3.89518E-16
3.91020E+01	4.06023E-16
4.58835E+01	4.13315E-16
5.38410E+01	4.12293E-16
6.31787E+01	4.04280E-16
7.41358E+01	3.90729E-16
8.69932E+01	3.73039E-16
1.02080E+02	3.52471E-16
1.19784E+02	3.30096E-16
1.40558E+02	3.06795E-16
1.64935E+02	2.83267E-16
1.93540E+02	2.60049E-16
2.27106E+02	2.37540E-16
2.66493E+02	2.16023E-16
3.12711E+02	1.95688E-16
3.66944E+02	1.76651E-16
4.30583E+02	1.58969E-16
5.05259E+02	1.42657E-16
5.92886E+02	1.27694E-16
6.95711E+02	1.14039E-16
8.16368E+02	1.01630E-16
9.57951E+02	9.03976E-17
1.12409E+03	8.02653E-17
1.31904E+03	7.11532E-17
1.54780E+03	6.29811E-17
1.81623E+03	5.56702E-17
2.13122E+03	4.91445E-17
2.50084E+03	4.33316E-17
2.93456E+03	3.81633E-17
3.44351E+03	3.35762E-17
4.04071E+03	2.95113E-17
4.74149E+03	2.59145E-17
5.56381E+03	2.27362E-17
6.52874E+03	1.99313E-17
7.66102E+03	1.74589E-17
8.98967E+03	1.52819E-17
1.05488E+04	1.33670E-17
1.23782E+04	1.16844E-17
1.45250E+04	1.02071E-17
1.70440E+04	8.91126E-18
2.00000E+04	7.77550E-18
-1
0.0 0.0 0.0
