# Kr+e(-)->Kr(+)+2e(-)
#
# from ALADDIN http://www-amdis.iaea.org/
# reliability A
# 2007/5/21 h-nakadate@psinc.co.jp
#
360001
e(-)+Kr->Kr(+)+2e(-)
16.237
3
360   1 361
 -1  +1  +1
2
50
1.40000E+01	0.00000E+00
1.62373E+01	7.24921E-17
1.88321E+01	1.19856E-16
2.18416E+01	1.64422E-16
2.53321E+01	2.09975E-16
2.93803E+01	2.54161E-16
3.40755E+01	2.93659E-16
3.95210E+01	3.26003E-16
4.58368E+01	3.49950E-16
5.31618E+01	3.65306E-16
6.16575E+01	3.72609E-16
7.15107E+01	3.72822E-16
8.29387E+01	3.67102E-16
9.61929E+01	3.56641E-16
1.11565E+02	3.42568E-16
1.29394E+02	3.25891E-16
1.50072E+02	3.07477E-16
1.74055E+02	2.88049E-16
2.01870E+02	2.68191E-16
2.34130E+02	2.48363E-16
2.71546E+02	2.28919E-16
3.14941E+02	2.10121E-16
3.65271E+02	1.92156E-16
4.23643E+02	1.75149E-16
4.91345E+02	1.59177E-16
5.69865E+02	1.44276E-16
6.60933E+02	1.30456E-16
7.66555E+02	1.17703E-16
8.89056E+02	1.05984E-16
1.03113E+03	9.52583E-17
1.19592E+03	8.54744E-17
1.38703E+03	7.65768E-17
1.60869E+03	6.85073E-17
1.86577E+03	6.12070E-17
2.16393E+03	5.46172E-17
2.50974E+03	4.86809E-17
2.91082E+03	4.33432E-17
3.37599E+03	3.85519E-17
3.91550E+03	3.42579E-17
4.54122E+03	3.04151E-17
5.26694E+03	2.69808E-17
6.10863E+03	2.39154E-17
7.08483E+03	2.11824E-17
8.21704E+03	1.87485E-17
9.53018E+03	1.65831E-17
1.10532E+04	1.46585E-17
1.28195E+04	1.29493E-17
1.48682E+04	1.14329E-17
1.72442E+04	1.00885E-17
2.00000E+04	8.89752E-18
-1
0.0 0.0 0.0
