# Be+e(-)->Be(+)+2e(-)
#
# from ALADDIN http://www-amdis.iaea.org/
# reliability B
# 2007/5/21 h-nakadate@psinc.co.jp
#
40001
e(-)+Be->Be(+)+2e(-)
10.876
3
40   1  41
 -1  +1  +1
2
50
9.30000E+00	0.00000E+00
1.08766E+01	4.02269E-17
1.27205E+01	9.17344E-17
1.48770E+01	1.41893E-16
1.73991E+01	1.84665E-16
2.03488E+01	2.17780E-16
2.37985E+01	2.41027E-16
2.78331E+01	2.55241E-16
3.25516E+01	2.61715E-16
3.80700E+01	2.61865E-16
4.45240E+01	2.57056E-16
5.20722E+01	2.48509E-16
6.08999E+01	2.37277E-16
7.12243E+01	2.24231E-16
8.32989E+01	2.10080E-16
9.74205E+01	1.95383E-16
1.13936E+02	1.80573E-16
1.33252E+02	1.65978E-16
1.55842E+02	1.51838E-16
1.82262E+02	1.38321E-16
2.13160E+02	1.25540E-16
2.49297E+02	1.13563E-16
2.91560E+02	1.02424E-16
3.40988E+02	9.21300E-17
3.98796E+02	8.26699E-17
4.66404E+02	7.40176E-17
5.45473E+02	6.61374E-17
6.37947E+02	5.89870E-17
7.46097E+02	5.25202E-17
8.72583E+02	4.66890E-17
1.02051E+03	4.14450E-17
1.19352E+03	3.67403E-17
1.39585E+03	3.25288E-17
1.63249E+03	2.87664E-17
1.90925E+03	2.54113E-17
2.23292E+03	2.24244E-17
2.61147E+03	1.97695E-17
3.05419E+03	1.74132E-17
3.57196E+03	1.53246E-17
4.17752E+03	1.34756E-17
4.88573E+03	1.18407E-17
5.71401E+03	1.03966E-17
6.68270E+03	9.12235E-18
7.81561E+03	7.99908E-18
9.14059E+03	7.00978E-18
1.06902E+04	6.13921E-18
1.25025E+04	5.37375E-18
1.46220E+04	4.70120E-18
1.71009E+04	4.11072E-18
2.00000E+04	3.59264E-18
-1
0.0 0.0 0.0
