# Mo+e(-)->Mo(+)+2e(-)
#
# from ALADDIN http://www-amdis.iaea.org/
# reliability C
# 2007/5/21 h-nakadate@psinc.co.jp
#
420001
e(-)+Mo->Mo(+)+2e(-)
8.349
3
420   1 421
 -1  +1  +1
2
50
7.10000E+00	0.00000E+00
8.34953E+00	2.10661E-16
9.81896E+00	3.65214E-16
1.15470E+01	4.89855E-16
1.35791E+01	5.90196E-16
1.59689E+01	6.66466E-16
1.87793E+01	7.18859E-16
2.20843E+01	7.48835E-16
2.59709E+01	7.58999E-16
3.05415E+01	7.52590E-16
3.59164E+01	7.54243E-16
4.22374E+01	7.56505E-16
4.96707E+01	7.45231E-16
5.84122E+01	7.22897E-16
6.86922E+01	6.92089E-16
8.07813E+01	6.55225E-16
9.49980E+01	6.14429E-16
1.11717E+02	5.71470E-16
1.31378E+02	5.27773E-16
1.54499E+02	4.84440E-16
1.81689E+02	4.42296E-16
2.13664E+02	4.01931E-16
2.51267E+02	3.63742E-16
2.95487E+02	3.27978E-16
3.47490E+02	2.94765E-16
4.08645E+02	2.64141E-16
4.80562E+02	2.36075E-16
5.65136E+02	2.10488E-16
6.64594E+02	1.87267E-16
7.81556E+02	1.66279E-16
9.19101E+02	1.47377E-16
1.08085E+03	1.30405E-16
1.27107E+03	1.15211E-16
1.49477E+03	1.01643E-16
1.75783E+03	8.95552E-17
2.06719E+03	7.88080E-17
2.43100E+03	6.92713E-17
2.85883E+03	6.08237E-17
3.36195E+03	5.33528E-17
3.95362E+03	4.67556E-17
4.64942E+03	4.09379E-17
5.46767E+03	3.58143E-17
6.42992E+03	3.13073E-17
7.56152E+03	2.73471E-17
8.89227E+03	2.38710E-17
1.04572E+04	2.08228E-17
1.22976E+04	1.81524E-17
1.44618E+04	1.58148E-17
1.70070E+04	1.37704E-17
2.00000E+04	1.19836E-17
-1
0.0 0.0 0.0
