# Cd+e(-)->Cd(+)+2e(-)
#
# from ALADDIN http://www-amdis.iaea.org/
# reliability C
# 2004/6/9 h-nakadate@psinc.co.jp
#
480000
e(-)+Cd->Cd(+)+2e(-)
8.993
3
480   1 481
 -1  +1  +1
2
100
 9.00000E+00           0.00000E+00
 9.43858E+00           6.76431E-17
 9.89854E+00           1.22849E-16
 1.03809E+01           1.68596E-16
 1.08868E+01           2.07149E-16
 1.14173E+01           2.40210E-16
 1.19737E+01           2.69050E-16
 1.25572E+01           2.94608E-16
 1.31691E+01           3.17566E-16
 1.38109E+01           3.38416E-16
 1.44839E+01           3.57503E-16
 1.51897E+01           3.75066E-16
 1.59299E+01           3.91268E-16
 1.67062E+01           4.06215E-16
 1.75203E+01           4.19974E-16
 1.83741E+01           4.32588E-16
 1.92695E+01           4.44082E-16
 2.02085E+01           4.54473E-16
 2.11933E+01           4.63774E-16
 2.22261E+01           4.71997E-16
 2.33092E+01           4.79154E-16
 2.44451E+01           4.85261E-16
 2.56363E+01           4.90339E-16
 2.68856E+01           4.94411E-16
 2.81958E+01           4.97504E-16
 2.95698E+01           4.99651E-16
 3.10107E+01           5.00886E-16
 3.25219E+01           5.01248E-16
 3.41068E+01           5.00776E-16
 3.57688E+01           4.99513E-16
 3.75119E+01           4.97503E-16
 3.93399E+01           4.94790E-16
 4.12570E+01           4.91420E-16
 4.32675E+01           4.87438E-16
 4.53760E+01           4.82890E-16
 4.75872E+01           4.77819E-16
 4.99062E+01           4.72268E-16
 5.23382E+01           4.66282E-16
 5.48887E+01           4.59900E-16
 5.75635E+01           4.64488E-16
 6.03686E+01           4.63488E-16
 6.33105E+01           4.62906E-16
 6.63956E+01           4.62521E-16
 6.96312E+01           4.62151E-16
 7.30244E+01           4.61645E-16
 7.65830E+01           4.60883E-16
 8.03150E+01           4.59773E-16
 8.42288E+01           4.58246E-16
 8.83334E+01           4.56251E-16
 9.26380E+01           4.53758E-16
 9.71524E+01           4.50750E-16
 1.01887E+02           4.47221E-16
 1.06852E+02           4.43179E-16
 1.12059E+02           4.38636E-16
 1.17520E+02           4.33613E-16
 1.23246E+02           4.28135E-16
 1.29252E+02           4.22233E-16
 1.35551E+02           4.15938E-16
 1.42157E+02           4.09283E-16
 1.49084E+02           4.02304E-16
 1.56349E+02           3.95036E-16
 1.63968E+02           3.87514E-16
 1.71959E+02           3.79771E-16
 1.80338E+02           3.71843E-16
 1.89127E+02           3.63760E-16
 1.98343E+02           3.55553E-16
 2.08008E+02           3.47251E-16
 2.18145E+02           3.38883E-16
 2.28775E+02           3.30473E-16
 2.39924E+02           3.22046E-16
 2.51616E+02           3.13623E-16
 2.63877E+02           3.05225E-16
 2.76736E+02           2.96870E-16
 2.90222E+02           2.88576E-16
 3.04365E+02           2.80358E-16
 3.19197E+02           2.72230E-16
 3.34752E+02           2.64203E-16
 3.51065E+02           2.56290E-16
 3.68173E+02           2.48499E-16
 3.86114E+02           2.40839E-16
 4.04930E+02           2.33317E-16
 4.24663E+02           2.25940E-16
 4.45357E+02           2.18712E-16
 4.67060E+02           2.11638E-16
 4.89820E+02           2.04721E-16
 5.13690E+02           1.97965E-16
 5.38723E+02           1.91370E-16
 5.64975E+02           1.84939E-16
 5.92507E+02           1.78672E-16
 6.21381E+02           1.72569E-16
 6.51661E+02           1.66630E-16
 6.83418E+02           1.60854E-16
 7.16722E+02           1.55241E-16
 7.51648E+02           1.49788E-16
 7.88277E+02           1.44495E-16
 8.26691E+02           1.39358E-16
 8.66977E+02           1.34376E-16
 9.09225E+02           1.29547E-16
 9.53533E+02           1.24867E-16
 1.00000E+03           1.20335E-16
-1
0.0 0.0 0.0
