# B+e(-)->B(+)+2e(-)
#
# from ALADDIN http://www-amdis.iaea.org/
# reliability B
# 2007/5/21 h-nakadate@psinc.co.jp
#
50001
e(-)+B->B(+)+2e(-)
9.729
3
50   1  51
 -1  +1  +1
2
50
8.30000E+00	0.00000E+00
9.72966E+00	2.07937E-17
1.14056E+01	5.69798E-17
1.33702E+01	9.84679E-17
1.56731E+01	1.38915E-16
1.83728E+01	1.74643E-16
2.15375E+01	2.03812E-16
2.52472E+01	2.25798E-16
2.95960E+01	2.40745E-16
3.46939E+01	2.49248E-16
4.06698E+01	2.52135E-16
4.76751E+01	2.50324E-16
5.58871E+01	2.44725E-16
6.55135E+01	2.36191E-16
7.67980E+01	2.25485E-16
9.00263E+01	2.13267E-16
1.05533E+02	2.00094E-16
1.23711E+02	1.86424E-16
1.45020E+02	1.72623E-16
1.69999E+02	1.58979E-16
1.99281E+02	1.45709E-16
2.33607E+02	1.32973E-16
2.73845E+02	1.20883E-16
3.21015E+02	1.09510E-16
3.76309E+02	9.88957E-17
4.41127E+02	8.90549E-17
5.17110E+02	7.99846E-17
6.06181E+02	7.16671E-17
7.10595E+02	6.40743E-17
8.32993E+02	5.71707E-17
9.76474E+02	5.09164E-17
1.14467E+03	4.52686E-17
1.34184E+03	4.01832E-17
1.57297E+03	3.56164E-17
1.84391E+03	3.15252E-17
2.16151E+03	2.78681E-17
2.53383E+03	2.46056E-17
2.97028E+03	2.17007E-17
3.48190E+03	1.91184E-17
4.08165E+03	1.68268E-17
4.78470E+03	1.47959E-17
5.60886E+03	1.29987E-17
6.57497E+03	1.14103E-17
7.70750E+03	1.00081E-17
9.03510E+03	8.77165E-18
1.05914E+04	7.68252E-18
1.24157E+04	6.72409E-18
1.45543E+04	5.88147E-18
1.70612E+04	5.14131E-18
2.00000E+04	4.49168E-18
-1
0.0 0.0 0.0
