# Sn+e(-)->Sn(+)+2e(-)
#
# from ALADDIN http://www-amdis.iaea.org/
# reliability B
# 2007/5/21 h-nakadate@psinc.co.jp
#
500001
e(-)+Sn->Sn(+)+2e(-)
8.579
3
500   1 501
 -1  +1  +1
2
50
7.30000E+00	0.00000E+00
8.57986E+00	1.62143E-16
1.00841E+01	3.25751E-16
1.18521E+01	4.88088E-16
1.39300E+01	6.38052E-16
1.63723E+01	7.66058E-16
1.92427E+01	8.66621E-16
2.26164E+01	9.38123E-16
2.65816E+01	9.81761E-16
3.12420E+01	1.00045E-15
3.67194E+01	9.97960E-16
4.31572E+01	9.78287E-16
5.07236E+01	9.45289E-16
5.96167E+01	9.02461E-16
7.00688E+01	8.52834E-16
8.23535E+01	7.98947E-16
9.67920E+01	7.42871E-16
1.13762E+02	6.86245E-16
1.33707E+02	6.30333E-16
1.57149E+02	5.76079E-16
1.84701E+02	5.24160E-16
2.17083E+02	4.75036E-16
2.55143E+02	4.28993E-16
2.99875E+02	3.86178E-16
3.52450E+02	3.46636E-16
4.14243E+02	3.10330E-16
4.86869E+02	2.77165E-16
5.72229E+02	2.47005E-16
6.72554E+02	2.19688E-16
7.90468E+02	1.95033E-16
9.29055E+02	1.72851E-16
1.09194E+03	1.52952E-16
1.28338E+03	1.35146E-16
1.50839E+03	1.19251E-16
1.77284E+03	1.05093E-16
2.08367E+03	9.25065E-17
2.44898E+03	8.13373E-17
2.87834E+03	7.14425E-17
3.38298E+03	6.26903E-17
3.97610E+03	5.49599E-17
4.67320E+03	4.81410E-17
5.49252E+03	4.21337E-17
6.45549E+03	3.68475E-17
7.58728E+03	3.22009E-17
8.91751E+03	2.81207E-17
1.04810E+04	2.45414E-17
1.23185E+04	2.14042E-17
1.44782E+04	1.86569E-17
1.70166E+04	1.62529E-17
2.00000E+04	1.41511E-17
-1
0.0 0.0 0.0
