# Hg+e(-)->Hg(+)+2e(-)
#
# from ALADDIN http://www-amdis.iaea.org/
# reliability A
# 2004/6/9 h-nakadate@psinc.co.jp
#
800000
e(-)+Hg->Hg(+)+2e(-)
10.437
3
800   1 801
 -1  +1  +1
2
100
 1.04000E+01           0.0
 1.08909E+01           2.93663E-17
 1.14049E+01           5.14785E-17
 1.19433E+01           6.94716E-17
 1.25070E+01           8.55455E-17
 1.30973E+01           1.01187E-16
 1.37155E+01           1.17345E-16
 1.43629E+01           1.34569E-16
 1.50409E+01           1.53120E-16
 1.57508E+01           1.73046E-16
 1.64943E+01           1.94258E-16
 1.72728E+01           2.16569E-16
 1.80881E+01           2.39738E-16
 1.89419E+01           2.63493E-16
 1.98359E+01           2.87555E-16
 2.07722E+01           3.11650E-16
 2.17527E+01           3.35519E-16
 2.27794E+01           3.58926E-16
 2.38546E+01           3.81658E-16
 2.49806E+01           4.03532E-16
 2.61597E+01           4.24392E-16
 2.73945E+01           4.44110E-16
 2.86875E+01           4.62582E-16
 3.00416E+01           4.79731E-16
 3.14596E+01           4.95500E-16
 3.29445E+01           5.09854E-16
 3.44995E+01           5.22774E-16
 3.61279E+01           5.34257E-16
 3.78331E+01           5.44315E-16
 3.96189E+01           5.52971E-16
 4.14889E+01           5.60256E-16
 4.34473E+01           5.66211E-16
 4.54980E+01           5.70884E-16
 4.76455E+01           5.74325E-16
 4.98944E+01           5.76593E-16
 5.22495E+01           5.77744E-16
 5.47157E+01           5.77841E-16
 5.72983E+01           5.76945E-16
 6.00029E+01           5.75119E-16
 6.28351E+01           5.72425E-16
 6.58009E+01           5.68924E-16
 6.89068E+01           5.64677E-16
 7.21592E+01           5.59743E-16
 7.55652E+01           5.54179E-16
 7.91319E+01           5.48041E-16
 8.28670E+01           5.41381E-16
 8.67784E+01           5.34250E-16
 9.08744E+01           5.26697E-16
 9.51638E+01           5.18769E-16
 9.96556E+01           5.10509E-16
 1.04359E+02           5.01959E-16
 1.09285E+02           4.93157E-16
 1.14444E+02           4.84141E-16
 1.19845E+02           4.74945E-16
 1.25502E+02           4.65601E-16
 1.31426E+02           4.56140E-16
 1.37629E+02           4.46588E-16
 1.44126E+02           4.36974E-16
 1.50929E+02           4.27319E-16
 1.58052E+02           4.17647E-16
 1.65513E+02           4.07979E-16
 1.73325E+02           3.98332E-16
 1.81506E+02           3.88724E-16
 1.90073E+02           3.79172E-16
 1.99045E+02           3.69688E-16
 2.08440E+02           3.60287E-16
 2.18279E+02           3.50980E-16
 2.28582E+02           3.41778E-16
 2.39371E+02           3.32689E-16
 2.50669E+02           3.23723E-16
 2.62501E+02           3.14887E-16
 2.74891E+02           3.06187E-16
 2.87866E+02           2.97630E-16
 3.01454E+02           2.89219E-16
 3.15683E+02           2.80960E-16
 3.30583E+02           2.72856E-16
 3.46187E+02           2.64910E-16
 3.62527E+02           2.57123E-16
 3.79639E+02           2.49499E-16
 3.97558E+02           2.42038E-16
 4.16323E+02           2.34741E-16
 4.35974E+02           2.27609E-16
 4.56552E+02           2.20642E-16
 4.78102E+02           2.13838E-16
 5.00669E+02           2.07199E-16
 5.24301E+02           2.00723E-16
 5.49048E+02           1.94408E-16
 5.74964E+02           1.88254E-16
 6.02102E+02           1.82259E-16
 6.30522E+02           1.76421E-16
 6.60283E+02           1.70738E-16
 6.91449E+02           1.65209E-16
 7.24086E+02           1.59830E-16
 7.58264E+02           1.54600E-16
 7.94054E+02           1.49516E-16
 8.31534E+02           1.44576E-16
 8.70783E+02           1.39777E-16
 9.11885E+02           1.35116E-16
 9.54927E+02           1.30591E-16
 1.00000E+03           1.26200E-16
-1
0.0 0.0 0.0
