# Pb+e(-)->Pb(+)+2e(-)
#
# from ALADDIN http://www-amdis.iaea.org/
# reliability B
# 2004/6/9 h-nakadate@psinc.co.jp
#
820000
e(-)+Pb->Pb(+)+2e(-)
7.416
3
820   1 821
 -1  +1  +1
2
100
 7.40000E+00           0.00000E+00
 7.77597E+00           1.63245E-17
 8.17104E+00           2.70018E-17
 8.58619E+00           3.61528E-17
 9.02243E+00           4.64016E-17
 9.48083E+00           5.92797E-17
 9.96252E+00           7.55371E-17
 1.04687E+01           9.53784E-17
 1.10006E+01           1.18641E-16
 1.15595E+01           1.44928E-16
 1.21468E+01           1.73708E-16
 1.27639E+01           2.04381E-16
 1.34124E+01           2.36335E-16
 1.40938E+01           2.68977E-16
 1.48099E+01           3.01752E-16
 1.55624E+01           3.34164E-16
 1.63530E+01           3.65779E-16
 1.71839E+01           3.96225E-16
 1.80569E+01           4.25198E-16
 1.89744E+01           4.52451E-16
 1.99384E+01           4.77797E-16
 2.09514E+01           5.01099E-16
 2.20159E+01           5.22265E-16
 2.31344E+01           5.41246E-16
 2.43098E+01           5.58026E-16
 2.55449E+01           5.72617E-16
 2.68428E+01           5.85058E-16
 2.82066E+01           5.95408E-16
 2.96397E+01           6.03740E-16
 3.11456E+01           6.10141E-16
 3.27280E+01           6.14708E-16
 3.43908E+01           6.17543E-16
 3.61381E+01           6.18754E-16
 3.79741E+01           6.18451E-16
 3.99035E+01           6.16743E-16
 4.19308E+01           6.13741E-16
 4.40612E+01           6.09552E-16
 4.62998E+01           6.04281E-16
 4.86522E+01           5.98030E-16
 5.11241E+01           5.90896E-16
 5.37215E+01           5.82974E-16
 5.64509E+01           5.74351E-16
 5.93190E+01           5.65112E-16
 6.23328E+01           5.55334E-16
 6.54998E+01           5.45093E-16
 6.88276E+01           5.34457E-16
 7.23245E+01           5.23491E-16
 7.59991E+01           5.12253E-16
 7.98604E+01           5.00799E-16
 8.39179E+01           4.89180E-16
 8.81815E+01           4.77441E-16
 9.26617E+01           4.65626E-16
 9.73695E+01           4.53772E-16
 1.02317E+02           4.41916E-16
 1.07515E+02           4.30088E-16
 1.12977E+02           4.18317E-16
 1.18718E+02           4.06629E-16
 1.24749E+02           3.95047E-16
 1.31087E+02           3.83591E-16
 1.37747E+02           3.72279E-16
 1.44746E+02           3.61127E-16
 1.52100E+02           3.50148E-16
 1.59828E+02           3.39355E-16
 1.67948E+02           3.28758E-16
 1.76481E+02           3.18365E-16
 1.85448E+02           3.08183E-16
 1.94870E+02           2.98219E-16
 2.04770E+02           2.88476E-16
 2.15174E+02           2.78960E-16
 2.26106E+02           2.69671E-16
 2.37594E+02           2.60612E-16
 2.49665E+02           2.51783E-16
 2.62350E+02           2.43186E-16
 2.75679E+02           2.34818E-16
 2.89686E+02           2.26680E-16
 3.04404E+02           2.18769E-16
 3.19870E+02           2.11084E-16
 3.36121E+02           2.03621E-16
 3.53198E+02           1.96379E-16
 3.71143E+02           1.89354E-16
 3.90000E+02           1.82542E-16
 4.09815E+02           1.75941E-16
 4.30636E+02           1.69545E-16
 4.52515E+02           1.63352E-16
 4.75506E+02           1.57356E-16
 4.99665E+02           1.51554E-16
 5.25052E+02           1.45942E-16
 5.51728E+02           1.40515E-16
 5.79760E+02           1.35268E-16
 6.09215E+02           1.30197E-16
 6.40168E+02           1.25297E-16
 6.72693E+02           1.20565E-16
 7.06870E+02           1.15995E-16
 7.42784E+02           1.11584E-16
 7.80523E+02           1.07326E-16
 8.20178E+02           1.03217E-16
 8.61849E+02           9.92530E-17
 9.05637E+02           9.54299E-17
 9.51650E+02           9.17432E-17
 1.00000E+03           8.81888E-17
-1
0.0 0.0 0.0
