#
# Ni
# http://nsmsxserve02.ph.kagu.tus.ac.jp/ferrotakasaki/page1/page2/page2.html
#
6
Ni
#
19
#
# Unit
0 0
# H(A/m) B(T)
       0.0   0.0031056
    1138.9    0.02795
    1628.2   0.064182
    2115.4    0.12112
    2844.4    0.22464
    3082.6    0.30745
    3812.7    0.40062
    4300.9     0.4472
    5038.6    0.46273
    5775.8    0.48344
    8237.3    0.50932
     10207    0.52484
     19814     0.5559
     29421    0.57578
     40017    0.58878
     49624    0.60048
     60220    0.60548
     70075    0.61584
     79929    0.63872


