# Equation:    e(-)+C_3H_3->C_2H_2(+)+CH+2e(-)
# Type:         ionization
# Reference:    R. K. Janev and D. Reiter
#               Phys. Plasmas, Vol.11, No.2, February 2004
#
710096
e(-)+C_3H_3->C_2H_2(+)+CH+2e(-)
17.19
 5
  2111     1   717   706     1
    -1    -1     1     1     2
 2
 49
   1.7190E+01   1.0000E-30
   2.2175E+01   8.4488E-20
   2.5186E+01   1.3136E-18
   3.2490E+01   1.3359E-17
   3.6901E+01   1.8218E-17
   4.1912E+01   1.9165E-17
   4.7603E+01   1.8972E-17
   5.4066E+01   1.8364E-17
   6.1407E+01   1.7579E-17
   6.9745E+01   1.6712E-17
   7.9215E+01   1.5809E-17
   8.9971E+01   1.4894E-17
   1.0219E+02   1.3983E-17
   1.1606E+02   1.3087E-17
   1.3182E+02   1.2213E-17
   1.4972E+02   1.1368E-17
   1.7005E+02   1.0554E-17
   1.9314E+02   9.7763E-18
   2.1936E+02   9.0358E-18
   2.4915E+02   8.3342E-18
   2.8298E+02   7.6722E-18
   3.2140E+02   7.0500E-18
   3.6504E+02   6.4671E-18
   4.1461E+02   5.9228E-18
   4.7090E+02   5.4162E-18
   5.3484E+02   4.9458E-18
   6.0747E+02   4.5103E-18
   6.8995E+02   4.1079E-18
   7.8363E+02   3.7370E-18
   8.9003E+02   3.3959E-18
   1.0109E+03   3.0827E-18
   1.1481E+03   2.7956E-18
   1.3040E+03   2.5329E-18
   1.4811E+03   2.2929E-18
   1.6822E+03   2.0740E-18
   1.9106E+03   1.8745E-18
   2.1700E+03   1.6929E-18
   2.4647E+03   1.5279E-18
   2.7993E+03   1.3781E-18
   3.1794E+03   1.2422E-18
   3.6111E+03   1.1190E-18
   4.1015E+03   1.0075E-18
   4.6584E+03   9.0666E-19
   5.2909E+03   8.1548E-19
   6.0093E+03   7.3312E-19
   6.8252E+03   6.5878E-19
   7.7520E+03   5.9172E-19
   8.8045E+03   5.3126E-19
   1.0000E+04   4.7679E-19
-1
0.0  0.0  0.0
