# Equation:    e(-)+C_3H_7->C_2H_3(+)+CH_4+2e(-)
# Type:         ionization
# Reference:    R. K. Janev and D. Reiter
#               Phys. Plasmas, Vol.11, No.2, February 2004
#
710043
e(-)+C_3H_7->C_2H_3(+)+CH_4+2e(-)
9.64
 5
  2103     1   715   700     1
    -1    -1     1     1     2
 2
 51
   9.6400E+00   1.0000E-30
   1.1076E+01   4.3176E-17
   1.2727E+01   7.1281E-17
   1.4623E+01   9.3184E-17
   1.6802E+01   1.1010E-16
   1.9305E+01   1.2266E-16
   2.2181E+01   1.3136E-16
   2.5486E+01   1.3672E-16
   2.9284E+01   1.3925E-16
   3.3647E+01   1.3942E-16
   3.8660E+01   1.3768E-16
   4.4420E+01   1.3443E-16
   5.1039E+01   1.3001E-16
   5.8643E+01   1.2471E-16
   6.7381E+01   1.1879E-16
   7.7420E+01   1.1245E-16
   8.8955E+01   1.0587E-16
   1.0221E+02   9.9182E-17
   1.1744E+02   9.2511E-17
   1.3494E+02   8.5946E-17
   1.5504E+02   7.9557E-17
   1.7814E+02   7.3399E-17
   2.0468E+02   6.7512E-17
   2.3518E+02   6.1924E-17
   2.7022E+02   5.6652E-17
   3.1048E+02   5.1707E-17
   3.5674E+02   4.7089E-17
   4.0990E+02   4.2797E-17
   4.7097E+02   3.8824E-17
   5.4114E+02   3.5157E-17
   6.2177E+02   3.1786E-17
   7.1441E+02   2.8695E-17
   8.2086E+02   2.5869E-17
   9.4316E+02   2.3290E-17
   1.0837E+03   2.0943E-17
   1.2452E+03   1.8812E-17
   1.4307E+03   1.6879E-17
   1.6438E+03   1.5131E-17
   1.8888E+03   1.3550E-17
   2.1702E+03   1.2125E-17
   2.4935E+03   1.0840E-17
   2.8651E+03   9.6845E-18
   3.2919E+03   8.6457E-18
   3.7824E+03   7.7130E-18
   4.3460E+03   6.8766E-18
   4.9935E+03   6.1271E-18
   5.7375E+03   5.4562E-18
   6.5924E+03   4.8560E-18
   7.5747E+03   4.3197E-18
   8.7033E+03   3.8407E-18
   1.0000E+04   3.4132E-18
-1
0.0  0.0  0.0
