# Equation:    e(-)+C_3H_5->CH_4(+)+C_2H+2e(-)
# Type:         ionization
# Reference:    R. K. Janev and D. Reiter
#               Phys. Plasmas, Vol.11, No.2, February 2004
#
710073
e(-)+C_3H_5->CH_4(+)+C_2H+2e(-)
15.09
 5
  2107     1   701   718     1
    -1    -1     1     1     2
 2
 49
   1.5090E+01   1.0000E-30
   1.7184E+01   8.7740E-20
   2.2283E+01   1.4616E-17
   2.5374E+01   1.3985E-17
   2.8895E+01   2.7685E-17
   3.7469E+01   1.2818E-17
   4.2668E+01   1.4663E-17
   4.8588E+01   1.4742E-17
   5.5329E+01   1.4344E-17
   6.3005E+01   1.3762E-17
   7.1747E+01   1.3095E-17
   8.1702E+01   1.2388E-17
   9.3037E+01   1.1665E-17
   1.0595E+02   1.0941E-17
   1.2064E+02   1.0226E-17
   1.3738E+02   9.5285E-18
   1.5644E+02   8.8528E-18
   1.7815E+02   8.2031E-18
   2.0287E+02   7.5823E-18
   2.3101E+02   6.9923E-18
   2.6307E+02   6.4344E-18
   2.9957E+02   5.9091E-18
   3.4113E+02   5.4164E-18
   3.8846E+02   4.9561E-18
   4.4235E+02   4.5274E-18
   5.0373E+02   4.1295E-18
   5.7362E+02   3.7610E-18
   6.5320E+02   3.4208E-18
   7.4383E+02   3.1075E-18
   8.4704E+02   2.8195E-18
   9.6456E+02   2.5553E-18
   1.0984E+03   2.3135E-18
   1.2508E+03   2.0925E-18
   1.4243E+03   1.8908E-18
   1.6219E+03   1.7071E-18
   1.8470E+03   1.5400E-18
   2.1032E+03   1.3882E-18
   2.3950E+03   1.2505E-18
   2.7273E+03   1.1256E-18
   3.1057E+03   1.0126E-18
   3.5366E+03   9.1030E-19
   4.0273E+03   8.1789E-19
   4.5861E+03   7.3446E-19
   5.2224E+03   6.5920E-19
   5.9470E+03   5.9135E-19
   6.7721E+03   5.3024E-19
   7.7117E+03   4.7522E-19
   8.7816E+03   4.2573E-19
   1.0000E+04   3.8124E-19
-1
0.0  0.0  0.0
