# Equation:    e(-)+C_3H_8->C_2H_4(+)+CH_3+H+2e(-)
# Type:         ionization
# Reference:    R. K. Janev and D. Reiter
#               Phys. Plasmas, Vol.11, No.2, February 2004
#
710015
e(-)+C_3H_8->C_2H_4(+)+CH_3+H+2e(-)
14.85
 6
  2101     1   713   702    10     1
    -1    -1     1     1     1     2
 2
 41
   1.4850E+01   1.0000E-30
   1.6786E+01   3.9599E-18
   1.8975E+01   1.0151E-17
   2.1450E+01   1.5566E-17
   2.4247E+01   2.0096E-17
   2.7409E+01   2.3941E-17
   3.0983E+01   2.7206E-17
   3.5023E+01   2.9917E-17
   3.9590E+01   3.2080E-17
   4.4753E+01   3.3714E-17
   5.0589E+01   3.4860E-17
   5.7185E+01   3.5571E-17
   6.4642E+01   3.5905E-17
   7.3072E+01   3.5920E-17
   8.2601E+01   3.5666E-17
   9.3372E+01   3.5186E-17
   1.0555E+02   3.4518E-17
   1.1931E+02   3.3692E-17
   1.3487E+02   3.2736E-17
   1.5246E+02   3.1672E-17
   1.7234E+02   3.0521E-17
   1.9481E+02   2.9302E-17
   2.2021E+02   2.8033E-17
   2.4893E+02   2.6728E-17
   2.8139E+02   2.5402E-17
   3.1808E+02   2.4069E-17
   3.5956E+02   2.2739E-17
   4.0645E+02   2.1424E-17
   4.5945E+02   2.0133E-17
   5.1936E+02   1.8873E-17
   5.8709E+02   1.7650E-17
   6.6365E+02   1.6470E-17
   7.5019E+02   1.5337E-17
   8.4801E+02   1.4254E-17
   9.5859E+02   1.3222E-17
   1.0836E+03   1.2244E-17
   1.2249E+03   1.1319E-17
   1.3846E+03   1.0447E-17
   1.5652E+03   9.6285E-18
   1.7693E+03   8.8615E-18
   2.0000E+03   8.1448E-18
-1
0.0  0.0  0.0
