# Equation:    e(-)+C_3H_8->C_2H_4(+)+CH_2+H_2+2e(-)
# Type:         ionization
# Reference:    R. K. Janev and D. Reiter
#               Phys. Plasmas, Vol.11, No.2, February 2004
#
710016
e(-)+C_3H_8->C_2H_4(+)+CH_2+H_2+2e(-)
15.15
 6
  2101     1   713   704    14     1
    -1    -1     1     1     1     2
 2
 41
   1.5150E+01   1.0000E-30
   1.7117E+01   2.1226E-18
   1.9339E+01   4.7378E-18
   2.1850E+01   6.9863E-18
   2.4687E+01   8.8715E-18
   2.7893E+01   1.0475E-17
   3.1514E+01   1.1835E-17
   3.5606E+01   1.2960E-17
   4.0229E+01   1.3853E-17
   4.5452E+01   1.4522E-17
   5.1353E+01   1.4987E-17
   5.8021E+01   1.5270E-17
   6.5554E+01   1.5395E-17
   7.4065E+01   1.5388E-17
   8.3681E+01   1.5268E-17
   9.4546E+01   1.5054E-17
   1.0682E+02   1.4761E-17
   1.2069E+02   1.4403E-17
   1.3636E+02   1.3990E-17
   1.5407E+02   1.3533E-17
   1.7407E+02   1.3039E-17
   1.9667E+02   1.2517E-17
   2.2220E+02   1.1973E-17
   2.5105E+02   1.1415E-17
   2.8365E+02   1.0849E-17
   3.2048E+02   1.0280E-17
   3.6209E+02   9.7129E-18
   4.0910E+02   9.1521E-18
   4.6222E+02   8.6015E-18
   5.2223E+02   8.0643E-18
   5.9003E+02   7.5432E-18
   6.6664E+02   7.0403E-18
   7.5319E+02   6.5574E-18
   8.5099E+02   6.0956E-18
   9.6147E+02   5.6560E-18
   1.0863E+03   5.2388E-18
   1.2273E+03   4.8445E-18
   1.3867E+03   4.4729E-18
   1.5667E+03   4.1237E-18
   1.7702E+03   3.7964E-18
   2.0000E+03   3.4906E-18
-1
0.0  0.0  0.0
