# Equation:    e(-)+C_3H_7->C_3H_6(+)+H+2e(-)
# Type:         ionization
# Reference:    R. K. Janev and D. Reiter
#               Phys. Plasmas, Vol.11, No.2, February 2004
#
710037
e(-)+C_3H_7->C_3H_6(+)+H+2e(-)
10.30
 5
  2103     1  2106    10     1
    -1    -1     1     1     2
 2
 51
   1.0300E+01   1.0000E-30
   1.1819E+01   6.1934E-18
   1.3562E+01   4.0789E-17
   1.5562E+01   7.1316E-17
   1.7857E+01   9.0314E-17
   2.0491E+01   1.0214E-16
   2.3512E+01   1.0937E-16
   2.6980E+01   1.1331E-16
   3.0959E+01   1.1478E-16
   3.5524E+01   1.1433E-16
   4.0763E+01   1.1239E-16
   4.6775E+01   1.0931E-16
   5.3673E+01   1.0538E-16
   6.1588E+01   1.0082E-16
   7.0671E+01   9.5821E-17
   8.1094E+01   9.0550E-17
   9.3053E+01   8.5131E-17
   1.0678E+02   7.9670E-17
   1.2252E+02   7.4250E-17
   1.4059E+02   6.8940E-17
   1.6133E+02   6.3790E-17
   1.8512E+02   5.8839E-17
   2.1242E+02   5.4115E-17
   2.4374E+02   4.9638E-17
   2.7969E+02   4.5420E-17
   3.2094E+02   4.1466E-17
   3.6827E+02   3.7777E-17
   4.2258E+02   3.4349E-17
   4.8490E+02   3.1176E-17
   5.5641E+02   2.8248E-17
   6.3846E+02   2.5556E-17
   7.3262E+02   2.3087E-17
   8.4066E+02   2.0828E-17
   9.6464E+02   1.8767E-17
   1.1069E+03   1.6890E-17
   1.2701E+03   1.5184E-17
   1.4575E+03   1.3636E-17
   1.6724E+03   1.2235E-17
   1.9190E+03   1.0967E-17
   2.2020E+03   9.8228E-18
   2.5268E+03   8.7909E-18
   2.8994E+03   7.8615E-18
   3.3270E+03   7.0254E-18
   3.8177E+03   6.2740E-18
   4.3807E+03   5.5995E-18
   5.0267E+03   4.9946E-18
   5.7680E+03   4.4525E-18
   6.6187E+03   3.9671E-18
   7.5948E+03   3.5328E-18
   8.7148E+03   3.1446E-18
   1.0000E+04   2.7977E-18
-1
0.0  0.0  0.0
