# Equation:    e(-)+C_3H_8->C_2H_4(+)+CH_4+2e(-)
# Type:         ionization
# Reference:    R. K. Janev and D. Reiter
#               Phys. Plasmas, Vol.11, No.2, February 2004
#
710014
e(-)+C_3H_8->C_2H_4(+)+CH_4+2e(-)
10.35
 5
  2101     1   713   700     1
    -1    -1     1     1     2
 2
 41
   1.0350E+01   1.0000E-30
   1.1806E+01   7.8028E-17
   1.3466E+01   5.6431E-18
   1.5360E+01   1.8072E-19
   1.7521E+01   7.9121E-18
   1.9985E+01   1.6152E-17
   2.2796E+01   2.3034E-17
   2.6002E+01   2.8756E-17
   2.9659E+01   3.3569E-17
   3.3831E+01   3.7554E-17
   3.8589E+01   4.0723E-17
   4.4016E+01   4.3101E-17
   5.0207E+01   4.4746E-17
   5.7269E+01   4.5741E-17
   6.5324E+01   4.6179E-17
   7.4512E+01   4.6151E-17
   8.4992E+01   4.5734E-17
   9.6946E+01   4.4997E-17
   1.1058E+02   4.3996E-17
   1.2613E+02   4.2777E-17
   1.4387E+02   4.1381E-17
   1.6411E+02   3.9841E-17
   1.8719E+02   3.8190E-17
   2.1352E+02   3.6456E-17
   2.4355E+02   3.4663E-17
   2.7781E+02   3.2837E-17
   3.1688E+02   3.0996E-17
   3.6145E+02   2.9162E-17
   4.1229E+02   2.7349E-17
   4.7028E+02   2.5573E-17
   5.3642E+02   2.3844E-17
   6.1187E+02   2.2174E-17
   6.9793E+02   2.0569E-17
   7.9609E+02   1.9035E-17
   9.0806E+02   1.7577E-17
   1.0358E+03   1.6196E-17
   1.1815E+03   1.4895E-17
   1.3476E+03   1.3673E-17
   1.5372E+03   1.2530E-17
   1.7534E+03   1.1463E-17
   2.0000E+03   1.0471E-17
-1
0.0  0.0  0.0
