# Equation:    e(-)+C_3H_8->CH_3(+)+C_2H_3+H_2+2e(-)
# Type:         ionization
# Reference:    R. K. Janev and D. Reiter
#               Phys. Plasmas, Vol.11, No.2, February 2004
#
710027
e(-)+C_3H_8->CH_3(+)+C_2H_3+H_2+2e(-)
15.42
 6
  2101     1   703   714    14     1
    -1    -1     1     1     1     2
 2
 39
   1.5420E+01   1.0000E-30
   2.2210E+01   4.1546E-19
   2.5083E+01   9.6891E-19
   2.8327E+01   1.9259E-18
   3.1991E+01   3.1876E-18
   3.6128E+01   4.5643E-18
   4.0801E+01   5.8937E-18
   4.6078E+01   7.0656E-18
   5.2038E+01   8.0177E-18
   5.8768E+01   8.7243E-18
   6.6369E+01   9.1857E-18
   7.4953E+01   9.4192E-18
   8.4648E+01   9.4520E-18
   9.5596E+01   9.3158E-18
   1.0796E+02   9.0438E-18
   1.2192E+02   8.6678E-18
   1.3769E+02   8.2165E-18
   1.5550E+02   7.7153E-18
   1.7561E+02   7.1855E-18
   1.9833E+02   6.6444E-18
   2.2398E+02   6.1059E-18
   2.5295E+02   5.5804E-18
   2.8566E+02   5.0757E-18
   3.2261E+02   4.5971E-18
   3.6433E+02   4.1481E-18
   4.1146E+02   3.7307E-18
   4.6467E+02   3.3454E-18
   5.2477E+02   2.9920E-18
   5.9264E+02   2.6698E-18
   6.6929E+02   2.3774E-18
   7.5586E+02   2.1131E-18
   8.5362E+02   1.8751E-18
   9.6402E+02   1.6614E-18
   1.0887E+03   1.4701E-18
   1.2295E+03   1.2993E-18
   1.3885E+03   1.1471E-18
   1.5681E+03   1.0117E-18
   1.7710E+03   8.9156E-19
   2.0000E+03   7.8502E-19
-1
0.0  0.0  0.0
