# Equation:    e(-)+C_3H_8->C_2H(+)+CH_3+2H_2+2e(-)
# Type:         ionization
# Reference:    R. K. Janev and D. Reiter
#               Phys. Plasmas, Vol.11, No.2, February 2004
#
710024
e(-)+C_3H_8->C_2H(+)+CH_3+2H_2+2e(-)
19.09
 6
  2101     1   719   702    14     1
    -1    -1     1     1     2     2
 2
 40
   1.9090E+01   1.0000E-30
   2.1444E+01   4.2822E-19
   2.7060E+01   5.7321E-20
   3.0397E+01   1.9629E-19
   3.4146E+01   3.2293E-19
   3.8357E+01   4.6921E-19
   4.3087E+01   6.4837E-19
   4.8401E+01   8.5030E-19
   5.4370E+01   1.0551E-18
   6.1075E+01   1.2439E-18
   6.8607E+01   1.4035E-18
   7.7068E+01   1.5273E-18
   8.6572E+01   1.6142E-18
   9.7249E+01   1.6664E-18
   1.0924E+02   1.6885E-18
   1.2271E+02   1.6855E-18
   1.3785E+02   1.6625E-18
   1.5485E+02   1.6241E-18
   1.7395E+02   1.5745E-18
   1.9540E+02   1.5167E-18
   2.1949E+02   1.4535E-18
   2.4656E+02   1.3869E-18
   2.7697E+02   1.3186E-18
   3.1113E+02   1.2496E-18
   3.4950E+02   1.1809E-18
   3.9260E+02   1.1133E-18
   4.4102E+02   1.0472E-18
   4.9541E+02   9.8303E-19
   5.5650E+02   9.2103E-19
   6.2514E+02   8.6141E-19
   7.0223E+02   8.0431E-19
   7.8883E+02   7.4981E-19
   8.8612E+02   6.9795E-19
   9.9540E+02   6.4875E-19
   1.1182E+03   6.0220E-19
   1.2561E+03   5.5827E-19
   1.4110E+03   5.1689E-19
   1.5850E+03   4.7801E-19
   1.7804E+03   4.4156E-19
   2.0000E+03   4.0743E-19
-1
0.0  0.0  0.0
