# Equation:    e(-)+C_3H_4->C_3H_2(+)+H_2+2e(-)
# Type:         ionization
# Reference:    R. K. Janev and D. Reiter
#               Phys. Plasmas, Vol.11, No.2, February 2004
#
710079
e(-)+C_3H_4->C_3H_2(+)+H_2+2e(-)
13.92
 5
  2109     1  2114    14     1
    -1    -1     1     1     2
 2
 51
   1.3920E+01   1.0000E-30
   1.5877E+01   3.3983E-17
   1.8109E+01   7.3196E-17
   2.0655E+01   1.1528E-16
   2.3559E+01   1.5355E-16
   2.6870E+01   1.8525E-16
   3.0648E+01   2.0976E-16
   3.4957E+01   2.2741E-16
   3.9871E+01   2.3893E-16
   4.5476E+01   2.4517E-16
   5.1869E+01   2.4698E-16
   5.9161E+01   2.4516E-16
   6.7479E+01   2.4042E-16
   7.6965E+01   2.3341E-16
   8.7785E+01   2.2467E-16
   1.0013E+02   2.1467E-16
   1.1420E+02   2.0381E-16
   1.3026E+02   1.9241E-16
   1.4857E+02   1.8074E-16
   1.6946E+02   1.6903E-16
   1.9328E+02   1.5746E-16
   2.2045E+02   1.4615E-16
   2.5144E+02   1.3521E-16
   2.8679E+02   1.2473E-16
   3.2711E+02   1.1475E-16
   3.7310E+02   1.0531E-16
   4.2555E+02   9.6437E-17
   4.8537E+02   8.8129E-17
   5.5361E+02   8.0386E-17
   6.3143E+02   7.3197E-17
   7.2020E+02   6.6545E-17
   8.2145E+02   6.0409E-17
   9.3694E+02   5.4765E-17
   1.0687E+03   4.9585E-17
   1.2189E+03   4.4843E-17
   1.3902E+03   4.0511E-17
   1.5857E+03   3.6560E-17
   1.8086E+03   3.2964E-17
   2.0629E+03   2.9695E-17
   2.3529E+03   2.6729E-17
   2.6837E+03   2.4040E-17
   3.0609E+03   2.1607E-17
   3.4913E+03   1.9406E-17
   3.9821E+03   1.7418E-17
   4.5419E+03   1.5625E-17
   5.1804E+03   1.4008E-17
   5.9087E+03   1.2552E-17
   6.7394E+03   1.1242E-17
   7.6868E+03   1.0063E-17
   8.7674E+03   9.0038E-18
   1.0000E+04   8.0526E-18
-1
0.0  0.0  0.0
