# Equation:    e(-)+C_3H_8->C_3H_6(+)+H_2+2e(-)
# Type:         ionization
# Reference:    R. K. Janev and D. Reiter
#               Phys. Plasmas, Vol.11, No.2, February 2004
#
710004
e(-)+C_3H_8->C_3H_6(+)+H_2+2e(-)
11.05
 5
  2101     1  2106    14     1
    -1    -1     1     1     2
 2
 38
   1.1050E+01   1.0000E-30
   1.8584E+01   5.9662E-19
   2.1163E+01   3.1010E-18
   2.4100E+01   5.1403E-18
   2.7444E+01   6.7068E-18
   3.1253E+01   7.7984E-18
   3.5591E+01   8.5168E-18
   4.0530E+01   8.9906E-18
   4.6155E+01   9.3206E-18
   5.2561E+01   9.5653E-18
   5.9856E+01   9.7481E-18
   6.8163E+01   9.8712E-18
   7.7623E+01   9.9281E-18
   8.8395E+01   9.9116E-18
   1.0066E+02   9.8178E-18
   1.1463E+02   9.6477E-18
   1.3054E+02   9.4064E-18
   1.4866E+02   9.1025E-18
   1.6929E+02   8.7466E-18
   1.9279E+02   8.3499E-18
   2.1954E+02   7.9238E-18
   2.5001E+02   7.4788E-18
   2.8471E+02   7.0242E-18
   3.2422E+02   6.5682E-18
   3.6922E+02   6.1173E-18
   4.2046E+02   5.6771E-18
   4.7882E+02   5.2516E-18
   5.4527E+02   4.8439E-18
   6.2095E+02   4.4562E-18
   7.0713E+02   4.0899E-18
   8.0526E+02   3.7456E-18
   9.1702E+02   3.4237E-18
   1.0443E+03   3.1239E-18
   1.1892E+03   2.8458E-18
   1.3543E+03   2.5886E-18
   1.5422E+03   2.3515E-18
   1.7563E+03   2.1334E-18
   2.0000E+03   1.9334E-18
-1
0.0  0.0  0.0
