# Equation:    e(-)+C_3H_6->CH_3(+)+C_2H_3+2e(-)
# Type:         ionization
# Reference:    R. K. Janev and D. Reiter
#               Phys. Plasmas, Vol.11, No.2, February 2004
#
710060
e(-)+C_3H_6->CH_3(+)+C_2H_3+2e(-)
14.14
 5
  2105     1   703   714     1
    -1    -1     1     1     2
 2
 49
   1.4140E+01   1.0000E-30
   1.8384E+01   5.6828E-18
   2.0962E+01   1.9226E-17
   2.7252E+01   2.2327E-17
   3.1074E+01   3.3637E-17
   3.5431E+01   3.7845E-17
   4.0400E+01   3.9429E-17
   4.6065E+01   3.9738E-17
   5.2524E+01   3.9295E-17
   5.9889E+01   3.8357E-17
   6.8288E+01   3.7079E-17
   7.7863E+01   3.5562E-17
   8.8782E+01   3.3884E-17
   1.0123E+02   3.2102E-17
   1.1543E+02   3.0262E-17
   1.3161E+02   2.8401E-17
   1.5007E+02   2.6548E-17
   1.7111E+02   2.4727E-17
   1.9511E+02   2.2955E-17
   2.2246E+02   2.1245E-17
   2.5366E+02   1.9609E-17
   2.8923E+02   1.8053E-17
   3.2979E+02   1.6582E-17
   3.7603E+02   1.5197E-17
   4.2876E+02   1.3901E-17
   4.8889E+02   1.2692E-17
   5.5744E+02   1.1568E-17
   6.3561E+02   1.0527E-17
   7.2474E+02   9.5662E-18
   8.2636E+02   8.6809E-18
   9.4224E+02   7.8675E-18
   1.0744E+03   7.1220E-18
   1.2250E+03   6.4400E-18
   1.3968E+03   5.8173E-18
   1.5927E+03   5.2498E-18
   1.8160E+03   4.7334E-18
   2.0707E+03   4.2643E-18
   2.3610E+03   3.8386E-18
   2.6921E+03   3.4528E-18
   3.0696E+03   3.1036E-18
   3.5000E+03   2.7879E-18
   3.9908E+03   2.5028E-18
   4.5504E+03   2.2455E-18
   5.1885E+03   2.0135E-18
   5.9161E+03   1.8046E-18
   6.7457E+03   1.6165E-18
   7.6916E+03   1.4473E-18
   8.7702E+03   1.2953E-18
   1.0000E+04   1.1587E-18
-1
0.0  0.0  0.0
