# Equation:    e(-)+C_3H_6->C_2H(+)+C_2H_4+2e(-)
# Type:         ionization
# Reference:    R. K. Janev and D. Reiter
#               Phys. Plasmas, Vol.11, No.2, February 2004
#
710061
e(-)+C_3H_6->C_2H(+)+C_2H_4+2e(-)
14.71
 5
  2105     1   719   712     1
    -1    -1     1     1     2
 2
 47
   1.4710E+01   1.0000E-30
   1.6759E+01   2.3641E-20
   3.2174E+01   8.9028E-18
   3.6656E+01   9.9043E-18
   4.1763E+01   1.0023E-17
   4.7582E+01   9.8947E-18
   5.4211E+01   9.6443E-18
   6.1764E+01   9.3172E-18
   7.0370E+01   8.9380E-18
   8.0174E+01   8.5231E-18
   9.1344E+01   8.0849E-18
   1.0407E+02   7.6333E-18
   1.1857E+02   7.1765E-18
   1.3509E+02   6.7210E-18
   1.5391E+02   6.2722E-18
   1.7536E+02   5.8344E-18
   1.9979E+02   5.4110E-18
   2.2762E+02   5.0044E-18
   2.5934E+02   4.6165E-18
   2.9547E+02   4.2487E-18
   3.3663E+02   3.9016E-18
   3.8354E+02   3.5756E-18
   4.3697E+02   3.2706E-18
   4.9785E+02   2.9864E-18
   5.6722E+02   2.7225E-18
   6.4625E+02   2.4781E-18
   7.3628E+02   2.2525E-18
   8.3887E+02   2.0447E-18
   9.5574E+02   1.8539E-18
   1.0889E+03   1.6789E-18
   1.2406E+03   1.5188E-18
   1.4135E+03   1.3726E-18
   1.6104E+03   1.2393E-18
   1.8348E+03   1.1180E-18
   2.0904E+03   1.0077E-18
   2.3816E+03   9.0765E-19
   2.7135E+03   8.1690E-19
   3.0915E+03   7.3473E-19
   3.5222E+03   6.6039E-19
   4.0130E+03   5.9321E-19
   4.5721E+03   5.3256E-19
   5.2091E+03   4.7785E-19
   5.9348E+03   4.2853E-19
   6.7617E+03   3.8412E-19
   7.7038E+03   3.4415E-19
   8.7771E+03   3.0820E-19
   1.0000E+04   2.7589E-19
-1
0.0  0.0  0.0
