# Equation:    e(-)+C_3H_5->C_3H_3(+)+H_2+2e(-)
# Type:         ionization
# Reference:    R. K. Janev and D. Reiter
#               Phys. Plasmas, Vol.11, No.2, February 2004
#
710065
e(-)+C_3H_5->C_3H_3(+)+H_2+2e(-)
9.31
 5
  2107     1  2112    14     1
    -1    -1     1     1     2
 2
 51
   9.3100E+00   1.0000E-30
   1.0705E+01   2.7759E-17
   1.2308E+01   6.9151E-17
   1.4152E+01   1.1539E-16
   1.6272E+01   1.5889E-16
   1.8709E+01   1.9605E-16
   2.1512E+01   2.2555E-16
   2.4734E+01   2.4733E-16
   2.8439E+01   2.6194E-16
   3.2699E+01   2.7024E-16
   3.7598E+01   2.7318E-16
   4.3230E+01   2.7171E-16
   4.9705E+01   2.6668E-16
   5.7151E+01   2.5888E-16
   6.5712E+01   2.4898E-16
   7.5555E+01   2.3757E-16
   8.6873E+01   2.2512E-16
   9.9886E+01   2.1203E-16
   1.1485E+02   1.9864E-16
   1.3205E+02   1.8522E-16
   1.5183E+02   1.7196E-16
   1.7458E+02   1.5904E-16
   2.0073E+02   1.4658E-16
   2.3080E+02   1.3467E-16
   2.6537E+02   1.2337E-16
   3.0512E+02   1.1272E-16
   3.5083E+02   1.0274E-16
   4.0338E+02   9.3432E-17
   4.6381E+02   8.4797E-17
   5.3328E+02   7.6814E-17
   6.1317E+02   6.9463E-17
   7.0502E+02   6.2714E-17
   8.1063E+02   5.6537E-17
   9.3206E+02   5.0898E-17
   1.0717E+03   4.5763E-17
   1.2322E+03   4.1097E-17
   1.4168E+03   3.6866E-17
   1.6290E+03   3.3037E-17
   1.8730E+03   2.9577E-17
   2.1536E+03   2.6455E-17
   2.4762E+03   2.3643E-17
   2.8472E+03   2.1113E-17
   3.2736E+03   1.8840E-17
   3.7640E+03   1.6800E-17
   4.3279E+03   1.4970E-17
   4.9762E+03   1.3332E-17
   5.7216E+03   1.1866E-17
   6.5787E+03   1.0555E-17
   7.5641E+03   9.3843E-18
   8.6972E+03   8.3391E-18
   1.0000E+04   7.4067E-18
-1
0.0  0.0  0.0
