# Equation:    e(-)+C_3H_7->C_3H_5(+)+H_2+2e(-)
# Type:         ionization
# Reference:    R. K. Janev and D. Reiter
#               Phys. Plasmas, Vol.11, No.2, February 2004
#
710038
e(-)+C_3H_7->C_3H_5(+)+H_2+2e(-)
8.99
 5
  2103     1  2108    14     1
    -1    -1     1     1     2
 2
 51
   8.9900E+00   1.0000E-30
   1.0344E+01   3.2927E-17
   1.1902E+01   5.3723E-17
   1.3694E+01   7.2482E-17
   1.5756E+01   8.8240E-17
   1.8129E+01   1.0065E-16
   2.0860E+01   1.0976E-16
   2.4001E+01   1.1584E-16
   2.7616E+01   1.1925E-16
   3.1775E+01   1.2040E-16
   3.6560E+01   1.1968E-16
   4.2066E+01   1.1747E-16
   4.8401E+01   1.1407E-16
   5.5691E+01   1.0979E-16
   6.4078E+01   1.0485E-16
   7.3728E+01   9.9459E-17
   8.4831E+01   9.3791E-17
   9.7607E+01   8.7982E-17
   1.1231E+02   8.2144E-17
   1.2922E+02   7.6368E-17
   1.4868E+02   7.0726E-17
   1.7107E+02   6.5271E-17
   1.9684E+02   6.0043E-17
   2.2648E+02   5.5072E-17
   2.6059E+02   5.0377E-17
   2.9983E+02   4.5967E-17
   3.4499E+02   4.1847E-17
   3.9694E+02   3.8015E-17
   4.5672E+02   3.4467E-17
   5.2551E+02   3.1194E-17
   6.0465E+02   2.8184E-17
   6.9571E+02   2.5425E-17
   8.0049E+02   2.2903E-17
   9.2104E+02   2.0603E-17
   1.0597E+03   1.8511E-17
   1.2193E+03   1.6612E-17
   1.4030E+03   1.4892E-17
   1.6143E+03   1.3336E-17
   1.8574E+03   1.1931E-17
   2.1371E+03   1.0665E-17
   2.4590E+03   9.5255E-18
   2.8293E+03   8.5008E-18
   3.2554E+03   7.5808E-18
   3.7456E+03   6.7556E-18
   4.3097E+03   6.0163E-18
   4.9588E+03   5.3546E-18
   5.7056E+03   4.7628E-18
   6.5649E+03   4.2341E-18
   7.5535E+03   3.7620E-18
   8.6911E+03   3.3409E-18
   1.0000E+04   2.9655E-18
-1
0.0  0.0  0.0
