# Equation:    e(-)+C_3H_5->CH(+)+C_2H_4+2e(-)
# Type:         ionization
# Reference:    R. K. Janev and D. Reiter
#               Phys. Plasmas, Vol.11, No.2, February 2004
#
710076
e(-)+C_3H_5->CH(+)+C_2H_4+2e(-)
15.57
 5
  2107     1   707   712     1
    -1    -1     1     1     2
 2
 49
   1.5570E+01   1.0000E-30
   2.0165E+01   9.6702E-20
   2.2948E+01   1.2598E-18
   2.9721E+01   1.4884E-17
   3.3823E+01   1.4074E-17
   3.8492E+01   8.3483E-18
   4.3805E+01   1.9511E-17
   4.9851E+01   3.8432E-18
   5.6732E+01   9.2397E-18
   6.4563E+01   9.4363E-18
   7.3475E+01   9.1356E-18
   8.3617E+01   8.6991E-18
   9.5159E+01   8.2147E-18
   1.0829E+02   7.7152E-18
   1.2324E+02   7.2160E-18
   1.4025E+02   6.7258E-18
   1.5961E+02   6.2499E-18
   1.8164E+02   5.7919E-18
   2.0672E+02   5.3541E-18
   2.3525E+02   4.9380E-18
   2.6772E+02   4.5446E-18
   3.0467E+02   4.1742E-18
   3.4673E+02   3.8268E-18
   3.9459E+02   3.5023E-18
   4.4905E+02   3.2002E-18
   5.1104E+02   2.9196E-18
   5.8158E+02   2.6599E-18
   6.6185E+02   2.4201E-18
   7.5321E+02   2.1991E-18
   8.5718E+02   1.9960E-18
   9.7549E+02   1.8097E-18
   1.1101E+03   1.6390E-18
   1.2634E+03   1.4831E-18
   1.4378E+03   1.3407E-18
   1.6362E+03   1.2110E-18
   1.8621E+03   1.0929E-18
   2.1191E+03   9.8564E-19
   2.4116E+03   8.8824E-19
   2.7445E+03   7.9993E-19
   3.1233E+03   7.1993E-19
   3.5544E+03   6.4755E-19
   4.0450E+03   5.8210E-19
   4.6034E+03   5.2299E-19
   5.2388E+03   4.6963E-19
   5.9619E+03   4.2151E-19
   6.7848E+03   3.7814E-19
   7.7213E+03   3.3909E-19
   8.7871E+03   3.0393E-19
   1.0000E+04   2.7231E-19
-1
0.0  0.0  0.0
