# Equation:    e(-)+C_3H_8->C_2H_4(+)+CH+H_2+H+2e(-)
# Type:         ionization
# Reference:    R. K. Janev and D. Reiter
#               Phys. Plasmas, Vol.11, No.2, February 2004
#
710017
e(-)+C_3H_8->C_2H_4(+)+CH+H_2+H+2e(-)
19.59
 7
  2101     1   713   706    14    10     1
    -1    -1     1     1     1     1     2
 2
 41
   1.9590E+01   1.0000E-30
   2.1992E+01   2.3643E-18
   2.4688E+01   2.9567E-18
   2.7715E+01   3.4651E-18
   3.1112E+01   3.9004E-18
   3.4927E+01   4.2653E-18
   3.9209E+01   4.5604E-18
   4.4016E+01   4.7881E-18
   4.9412E+01   4.9527E-18
   5.5470E+01   5.0607E-18
   6.2271E+01   5.1190E-18
   6.9905E+01   5.1345E-18
   7.8475E+01   5.1135E-18
   8.8096E+01   5.0618E-18
   9.8897E+01   4.9839E-18
   1.1102E+02   4.8840E-18
   1.2463E+02   4.7656E-18
   1.3991E+02   4.6317E-18
   1.5707E+02   4.4849E-18
   1.7632E+02   4.3276E-18
   1.9794E+02   4.1621E-18
   2.2221E+02   3.9905E-18
   2.4945E+02   3.8144E-18
   2.8003E+02   3.6358E-18
   3.1436E+02   3.4561E-18
   3.5290E+02   3.2768E-18
   3.9617E+02   3.0992E-18
   4.4474E+02   2.9243E-18
   4.9927E+02   2.7531E-18
   5.6047E+02   2.5865E-18
   6.2919E+02   2.4251E-18
   7.0633E+02   2.2694E-18
   7.9292E+02   2.1199E-18
   8.9013E+02   1.9768E-18
   9.9926E+02   1.8404E-18
   1.1218E+03   1.7108E-18
   1.2593E+03   1.5880E-18
   1.4137E+03   1.4719E-18
   1.5870E+03   1.3626E-18
   1.7816E+03   1.2598E-18
   2.0000E+03   1.1634E-18
-1
0.0  0.0  0.0
