# Equation:    e(-)+C_3H_5->C_3H_4(+)+H+2e(-)
# Type:         ionization
# Reference:    R. K. Janev and D. Reiter
#               Phys. Plasmas, Vol.11, No.2, February 2004
#
710064
e(-)+C_3H_5->C_3H_4(+)+H+2e(-)
12.79
 5
  2107     1  2110    10     1
    -1    -1     1     1     2
 2
 51
   1.2790E+01   1.0000E-30
   1.4613E+01   4.7594E-17
   1.6695E+01   9.2649E-17
   1.9075E+01   1.3016E-16
   2.1793E+01   1.5760E-16
   2.4899E+01   1.7630E-16
   2.8448E+01   1.8809E-16
   3.2502E+01   1.9448E-16
   3.7134E+01   1.9669E-16
   4.2426E+01   1.9567E-16
   4.8473E+01   1.9215E-16
   5.5381E+01   1.8673E-16
   6.3273E+01   1.7990E-16
   7.2291E+01   1.7206E-16
   8.2594E+01   1.6352E-16
   9.4365E+01   1.5455E-16
   1.0781E+02   1.4536E-16
   1.2318E+02   1.3611E-16
   1.4073E+02   1.2695E-16
   1.6079E+02   1.1799E-16
   1.8371E+02   1.0931E-16
   2.0989E+02   1.0096E-16
   2.3980E+02   9.2999E-17
   2.7397E+02   8.5451E-17
   3.1302E+02   7.8336E-17
   3.5763E+02   7.1660E-17
   4.0860E+02   6.5425E-17
   4.6683E+02   5.9624E-17
   5.3336E+02   5.4246E-17
   6.0938E+02   4.9276E-17
   6.9622E+02   4.4697E-17
   7.9545E+02   4.0488E-17
   9.0881E+02   3.6630E-17
   1.0383E+03   3.3101E-17
   1.1863E+03   2.9879E-17
   1.3554E+03   2.6943E-17
   1.5485E+03   2.4273E-17
   1.7692E+03   2.1847E-17
   2.0214E+03   1.9648E-17
   2.3095E+03   1.7656E-17
   2.6386E+03   1.5854E-17
   3.0146E+03   1.4226E-17
   3.4443E+03   1.2757E-17
   3.9352E+03   1.1432E-17
   4.4960E+03   1.0239E-17
   5.1367E+03   9.1653E-18
   5.8688E+03   8.1999E-18
   6.7052E+03   7.3324E-18
   7.6608E+03   6.5536E-18
   8.7526E+03   5.8548E-18
   1.0000E+04   5.2283E-18
-1
0.0  0.0  0.0
