# Equation:    e(-)+C_3H_8->CH_2(+)+C_2H_5+H+2e(-)
# Type:         ionization
# Reference:    R. K. Janev and D. Reiter
#               Phys. Plasmas, Vol.11, No.2, February 2004
#
710030
e(-)+C_3H_8->CH_2(+)+C_2H_5+H+2e(-)
21.14
 6
  2101     1   705   710    10     1
    -1    -1     1     1     1     2
 2
 40
   2.1140E+01   1.0000E-30
   2.6540E+01   6.9019E-20
   2.9737E+01   1.9478E-19
   3.3319E+01   4.0587E-19
   3.7333E+01   7.4486E-19
   4.1831E+01   1.1851E-18
   4.6870E+01   1.6668E-18
   5.2516E+01   2.1294E-18
   5.8842E+01   2.5273E-18
   6.5930E+01   2.8347E-18
   7.3873E+01   3.0429E-18
   8.2772E+01   3.1556E-18
   9.2743E+01   3.1841E-18
   1.0392E+02   3.1430E-18
   1.1643E+02   3.0479E-18
   1.3046E+02   2.9136E-18
   1.4618E+02   2.7527E-18
   1.6378E+02   2.5760E-18
   1.8351E+02   2.3918E-18
   2.0562E+02   2.2064E-18
   2.3039E+02   2.0247E-18
   2.5815E+02   1.8499E-18
   2.8924E+02   1.6841E-18
   3.2409E+02   1.5287E-18
   3.6313E+02   1.3842E-18
   4.0687E+02   1.2508E-18
   4.5588E+02   1.1284E-18
   5.1080E+02   1.0167E-18
   5.7234E+02   9.1489E-19
   6.4128E+02   8.2254E-19
   7.1853E+02   7.3894E-19
   8.0509E+02   6.6340E-19
   9.0208E+02   5.9527E-19
   1.0107E+03   5.3389E-19
   1.1325E+03   4.7866E-19
   1.2689E+03   4.2902E-19
   1.4218E+03   3.8442E-19
   1.5931E+03   3.4438E-19
   1.7850E+03   3.0845E-19
   2.0000E+03   2.7623E-19
-1
0.0  0.0  0.0
