# Equation:    e(-)+C_3H_7->CH(+)+C_2H_6+2e(-)
# Type:         ionization
# Reference:    R. K. Janev and D. Reiter
#               Phys. Plasmas, Vol.11, No.2, February 2004
#
710049
e(-)+C_3H_7->CH(+)+C_2H_6+2e(-)
15.40
 5
  2103     1   707   708     1
    -1    -1     1     1     2
 2
 49
   1.5400E+01   1.0000E-30
   1.9954E+01   2.7687E-19
   2.2713E+01   2.3066E-18
   2.5853E+01   3.4419E-18
   3.3498E+01   4.4130E-18
   3.8130E+01   4.1315E-18
   4.3403E+01   3.8852E-18
   4.9405E+01   3.6577E-18
   5.6236E+01   3.4372E-18
   6.4013E+01   3.2381E-18
   7.2864E+01   3.0248E-18
   8.2940E+01   2.8456E-18
   9.4409E+01   2.6540E-18
   1.0746E+02   2.5129E-18
   1.2232E+02   2.3150E-18
   1.3924E+02   2.1475E-18
   1.5849E+02   1.9893E-18
   1.8041E+02   1.8396E-18
   2.0536E+02   1.6984E-18
   2.3376E+02   1.5660E-18
   2.6608E+02   1.4430E-18
   3.0287E+02   1.3309E-18
   3.4476E+02   1.2374E-18
   3.9243E+02   1.3679E-18
   4.4669E+02   9.5202E-19
   5.0846E+02   8.9081E-19
   5.7877E+02   8.1711E-19
   6.5881E+02   7.4559E-19
   7.4991E+02   6.7851E-19
   8.5361E+02   6.1632E-19
   9.7164E+02   5.5902E-19
   1.1060E+03   5.0641E-19
   1.2589E+03   4.5825E-19
   1.4330E+03   4.1426E-19
   1.6312E+03   3.7415E-19
   1.8568E+03   3.3764E-19
   2.1135E+03   3.0446E-19
   2.4058E+03   2.7433E-19
   2.7384E+03   2.4701E-19
   3.1171E+03   2.2227E-19
   3.5482E+03   1.9989E-19
   4.0388E+03   1.7965E-19
   4.5973E+03   1.6138E-19
   5.2330E+03   1.4489E-19
   5.9566E+03   1.3001E-19
   6.7803E+03   1.1662E-19
   7.7179E+03   1.0455E-19
   8.7852E+03   9.3693E-20
   1.0000E+04   8.3929E-20
-1
0.0  0.0  0.0
