# Equation:    e(-)+C_3H_5->CH_2(+)+C_2H_3+2e(-)
# Type:         ionization
# Reference:    R. K. Janev and D. Reiter
#               Phys. Plasmas, Vol.11, No.2, February 2004
#
710075
e(-)+C_3H_5->CH_2(+)+C_2H_3+2e(-)
15.73
 5
  2107     1   705   714     1
    -1    -1     1     1     2
 2
 48
   1.5730E+01   1.0000E-30
   1.7898E+01   1.1492E-21
   2.6363E+01   1.0183E-17
   2.9995E+01   2.2777E-17
   3.4129E+01   2.1655E-17
   4.4183E+01   2.0916E-17
   5.0271E+01   1.1205E-16
   5.7198E+01   5.1003E-18
   6.5080E+01   1.2420E-17
   7.4048E+01   1.2957E-17
   8.4252E+01   1.2632E-17
   9.5862E+01   1.2056E-17
   1.0907E+02   1.1388E-17
   1.2410E+02   1.0688E-17
   1.4120E+02   9.9850E-18
   1.6066E+02   9.2931E-18
   1.8280E+02   8.6218E-18
   2.0799E+02   7.9769E-18
   2.3665E+02   7.3618E-18
   2.6926E+02   6.7788E-18
   3.0636E+02   6.2289E-18
   3.4858E+02   5.7126E-18
   3.9661E+02   5.2298E-18
   4.5126E+02   4.7799E-18
   5.1345E+02   4.3619E-18
   5.8420E+02   3.9748E-18
   6.6470E+02   3.6171E-18
   7.5630E+02   3.2875E-18
   8.6051E+02   2.9844E-18
   9.7909E+02   2.7063E-18
   1.1140E+03   2.4515E-18
   1.2675E+03   2.2186E-18
   1.4422E+03   2.0060E-18
   1.6409E+03   1.8122E-18
   1.8670E+03   1.6358E-18
   2.1243E+03   1.4754E-18
   2.4170E+03   1.3299E-18
   2.7501E+03   1.1978E-18
   3.1290E+03   1.0782E-18
   3.5602E+03   9.6998E-19
   4.0508E+03   8.7210E-19
   4.6090E+03   7.8366E-19
   5.2441E+03   7.0383E-19
   5.9668E+03   6.3182E-19
   6.7890E+03   5.6691E-19
   7.7245E+03   5.0845E-19
   8.7889E+03   4.5582E-19
   1.0000E+04   4.0847E-19
-1
0.0  0.0  0.0
