# Equation:    e(-)+C_3H_8->C_2H(+)+CH_4+H_2+H+2e(-)
# Type:         ionization
# Reference:    R. K. Janev and D. Reiter
#               Phys. Plasmas, Vol.11, No.2, February 2004
#
710023
e(-)+C_3H_8->C_2H(+)+CH_4+H_2+H+2e(-)
19.16
 7
  2101     1   719   700    14    10     1
    -1    -1     1     1     1     1     2
 2
 40
   1.9160E+01   1.0000E-30
   2.1521E+01   6.0402E-19
   2.7151E+01   1.8976E-19
   3.0497E+01   4.6581E-19
   3.4255E+01   7.1141E-19
   3.8476E+01   9.8172E-19
   4.3217E+01   1.2991E-18
   4.8543E+01   1.6475E-18
   5.4524E+01   1.9947E-18
   6.1243E+01   2.3105E-18
   6.8789E+01   2.5740E-18
   7.7266E+01   2.7753E-18
   8.6786E+01   2.9132E-18
   9.7480E+01   2.9921E-18
   1.0949E+02   3.0198E-18
   1.2298E+02   3.0051E-18
   1.3814E+02   2.9568E-18
   1.5516E+02   2.8829E-18
   1.7428E+02   2.7901E-18
   1.9575E+02   2.6839E-18
   2.1988E+02   2.5689E-18
   2.4697E+02   2.4485E-18
   2.7740E+02   2.3254E-18
   3.1158E+02   2.2018E-18
   3.4998E+02   2.0790E-18
   3.9310E+02   1.9584E-18
   4.4154E+02   1.8407E-18
   4.9595E+02   1.7267E-18
   5.5706E+02   1.6167E-18
   6.2571E+02   1.5111E-18
   7.0281E+02   1.4100E-18
   7.8941E+02   1.3137E-18
   8.8668E+02   1.2222E-18
   9.9594E+02   1.1355E-18
   1.1187E+03   1.0535E-18
   1.2565E+03   9.7615E-19
   1.4113E+03   9.0341E-19
   1.5853E+03   8.3511E-19
   1.7806E+03   7.7112E-19
   2.0000E+03   7.1127E-19
-1
0.0  0.0  0.0
