# Equation:    e(-)+C_3H_7->CH_4(+)+C_2H_3+2e(-)
# Type:         ionization
# Reference:    R. K. Janev and D. Reiter
#               Phys. Plasmas, Vol.11, No.2, February 2004
#
710046
e(-)+C_3H_7->CH_4(+)+C_2H_3+2e(-)
13.09
 5
  2103     1   701   714     1
    -1    -1     1     1     2
 2
 47
   1.3090E+01   1.0000E-30
   1.7071E+01   8.1416E-18
   2.9034E+01   2.4903E-17
   3.3156E+01   3.2297E-17
   3.7864E+01   3.3993E-17
   4.3240E+01   3.3892E-17
   4.9380E+01   3.3031E-17
   5.6391E+01   3.1787E-17
   6.4398E+01   3.0333E-17
   7.3542E+01   2.8761E-17
   8.3984E+01   2.7129E-17
   9.5909E+01   2.5477E-17
   1.0953E+02   2.3832E-17
   1.2508E+02   2.2214E-17
   1.4284E+02   2.0640E-17
   1.6312E+02   1.9122E-17
   1.8628E+02   1.7667E-17
   2.1273E+02   1.6282E-17
   2.4293E+02   1.4970E-17
   2.7743E+02   1.3734E-17
   3.1682E+02   1.2574E-17
   3.6180E+02   1.1491E-17
   4.1317E+02   1.0483E-17
   4.7184E+02   9.5468E-18
   5.3883E+02   8.6813E-18
   6.1534E+02   7.8828E-18
   7.0271E+02   7.1482E-18
   8.0249E+02   6.4740E-18
   9.1643E+02   5.8564E-18
   1.0465E+03   5.2919E-18
   1.1951E+03   4.7769E-18
   1.3648E+03   4.3078E-18
   1.5586E+03   3.8812E-18
   1.7799E+03   3.4939E-18
   2.0327E+03   3.1427E-18
   2.3213E+03   2.8246E-18
   2.6509E+03   2.5370E-18
   3.0273E+03   2.2770E-18
   3.4571E+03   2.0424E-18
   3.9479E+03   1.8309E-18
   4.5085E+03   1.6403E-18
   5.1487E+03   1.4688E-18
   5.8797E+03   1.3145E-18
   6.7145E+03   1.1758E-18
   7.6679E+03   1.0513E-18
   8.7567E+03   9.3956E-19
   1.0000E+04   8.3932E-19
-1
0.0  0.0  0.0
