# Equation:    e(-)+C_3H_4->C_3H(+)+H_2+H+2e(-)
# Type:         ionization
# Reference:    R. K. Janev and D. Reiter
#               Phys. Plasmas, Vol.11, No.2, February 2004
#
710080
e(-)+C_3H_4->C_3H(+)+H_2+H+2e(-)
17.48
 6
  2109     1  2116    14    10     1
    -1    -1     1     1     1     2
 2
 48
   1.7480E+01   1.0000E-30
   2.2534E+01   4.8845E-20
   2.9049E+01   2.1019E-18
   3.2983E+01   4.1878E-17
   3.7449E+01   1.1826E-17
   4.2519E+01   4.6471E-17
   4.8276E+01   1.1772E-16
   6.2235E+01   1.4641E-17
   7.0661E+01   2.7270E-17
   8.0229E+01   3.1075E-17
   9.1092E+01   3.1950E-17
   1.0343E+02   3.1561E-17
   1.1743E+02   3.0540E-17
   1.3333E+02   2.9181E-17
   1.5138E+02   2.7641E-17
   1.7188E+02   2.6013E-17
   1.9515E+02   2.4355E-17
   2.2158E+02   2.2706E-17
   2.5158E+02   2.1092E-17
   2.8564E+02   1.9531E-17
   3.2432E+02   1.8036E-17
   3.6823E+02   1.6614E-17
   4.1809E+02   1.5269E-17
   4.7470E+02   1.4006E-17
   5.3898E+02   1.2823E-17
   6.1195E+02   1.1720E-17
   6.9481E+02   1.0696E-17
   7.8889E+02   9.7472E-18
   8.9571E+02   8.8709E-18
   1.0170E+03   8.0635E-18
   1.1547E+03   7.3214E-18
   1.3110E+03   6.6405E-18
   1.4885E+03   6.0172E-18
   1.6901E+03   5.4473E-18
   1.9189E+03   4.9272E-18
   2.1788E+03   4.4533E-18
   2.4738E+03   4.0219E-18
   2.8087E+03   3.6297E-18
   3.1890E+03   3.2737E-18
   3.6208E+03   2.9507E-18
   4.1111E+03   2.6580E-18
   4.6677E+03   2.3930E-18
   5.2997E+03   2.1534E-18
   6.0173E+03   1.9367E-18
   6.8321E+03   1.7410E-18
   7.7571E+03   1.5644E-18
   8.8075E+03   1.4051E-18
   1.0000E+04   1.2616E-18
-1
0.0  0.0  0.0
