# Equation:    e(-)+C_3H_4->C_2(+)+CH_4+2e(-)
# Type:         ionization
# Reference:    R. K. Janev and D. Reiter
#               Phys. Plasmas, Vol.11, No.2, February 2004
#
710085
e(-)+C_3H_4->C_2(+)+CH_4+2e(-)
17.39
 5
  2109     1    63   700     1
    -1    -1     1     1     2
 2
 47
   1.7390E+01   1.0000E-30
   1.9747E+01   8.0576E-22
   2.5461E+01   1.0425E-18
   3.2830E+01   5.3156E-18
   3.7279E+01   5.2761E-18
   4.8068E+01   5.4692E-18
   6.1978E+01   4.1893E-18
   7.0377E+01   4.2160E-18
   7.9915E+01   4.0768E-18
   9.0745E+01   3.8934E-18
   1.0304E+02   3.6921E-18
   1.1701E+02   3.4835E-18
   1.3286E+02   3.2728E-18
   1.5087E+02   3.0636E-18
   1.7131E+02   2.8585E-18
   1.9453E+02   2.6591E-18
   2.2089E+02   2.4670E-18
   2.5083E+02   2.2829E-18
   2.8482E+02   2.1077E-18
   3.2342E+02   1.9417E-18
   3.6724E+02   1.7852E-18
   4.1701E+02   1.6382E-18
   4.7353E+02   1.5007E-18
   5.3770E+02   1.3726E-18
   6.1056E+02   1.2535E-18
   6.9331E+02   1.1431E-18
   7.8726E+02   1.0411E-18
   8.9395E+02   9.4704E-19
   1.0151E+03   8.6048E-19
   1.1527E+03   7.8100E-19
   1.3089E+03   7.0816E-19
   1.4862E+03   6.4150E-19
   1.6877E+03   5.8062E-19
   1.9164E+03   5.2507E-19
   2.1761E+03   4.7447E-19
   2.4710E+03   4.2844E-19
   2.8058E+03   3.8661E-19
   3.1861E+03   3.4863E-19
   3.6178E+03   3.1419E-19
   4.1081E+03   2.8299E-19
   4.6648E+03   2.5475E-19
   5.2970E+03   2.2921E-19
   6.0148E+03   2.0613E-19
   6.8300E+03   1.8528E-19
   7.7555E+03   1.6647E-19
   8.8066E+03   1.4951E-19
   1.0000E+04   1.3422E-19
-1
0.0  0.0  0.0
