# Equation:    e(-)+C_3H_3->C_2(+)+CH_3+2e(-)
# Type:         ionization
# Reference:    R. K. Janev and D. Reiter
#               Phys. Plasmas, Vol.11, No.2, February 2004
#
710098
e(-)+C_3H_3->C_2(+)+CH_3+2e(-)
18.80
 5
  2111     1    63   702     1
    -1    -1     1     1     2
 2
 47
   1.8800E+01   1.0000E-30
   2.4165E+01   2.6747E-19
   3.5216E+01   3.2664E-17
   3.9926E+01   8.4990E-18
   4.5266E+01   1.7612E-17
   5.1321E+01   1.2405E-17
   5.8185E+01   1.1650E-17
   6.5967E+01   1.2399E-17
   8.4793E+01   6.6327E-18
   9.6134E+01   6.8279E-18
   1.0899E+02   6.5850E-18
   1.2357E+02   6.2340E-18
   1.4010E+02   5.8513E-18
   1.5883E+02   5.4635E-18
   1.8008E+02   5.0824E-18
   2.0416E+02   4.7138E-18
   2.3147E+02   4.3610E-18
   2.6243E+02   4.0257E-18
   2.9753E+02   3.7087E-18
   3.3732E+02   3.4104E-18
   3.8244E+02   3.1308E-18
   4.3359E+02   2.8696E-18
   4.9158E+02   2.6263E-18
   5.5733E+02   2.4003E-18
   6.3187E+02   2.1910E-18
   7.1638E+02   1.9975E-18
   8.1220E+02   1.8190E-18
   9.2083E+02   1.6547E-18
   1.0440E+03   1.5037E-18
   1.1836E+03   1.3653E-18
   1.3419E+03   1.2385E-18
   1.5214E+03   1.1225E-18
   1.7249E+03   1.0166E-18
   1.9556E+03   9.1998E-19
   2.2172E+03   8.3197E-19
   2.5137E+03   7.5188E-19
   2.8499E+03   6.7908E-19
   3.2311E+03   6.1296E-19
   3.6632E+03   5.5296E-19
   4.1532E+03   4.9857E-19
   4.7087E+03   4.4930E-19
   5.3385E+03   4.0470E-19
   6.0525E+03   3.6436E-19
   6.8620E+03   3.2790E-19
   7.7798E+03   2.9496E-19
   8.8203E+03   2.6523E-19
   1.0000E+04   2.3840E-19
-1
0.0  0.0  0.0
