# Equation:    e(-)+C_3H_6->C_3H_3(+)+H_2+H+2e(-)
# Type:         ionization
# Reference:    R. K. Janev and D. Reiter
#               Phys. Plasmas, Vol.11, No.2, February 2004
#
710053
e(-)+C_3H_6->C_3H_3(+)+H_2+H+2e(-)
13.13
 6
  2105     1  2112    14    10     1
    -1    -1     1     1     1     2
 2
 51
   1.3130E+01   1.0000E-30
   1.4993E+01   1.2568E-19
   1.7121E+01   7.5378E-19
   1.9551E+01   2.9696E-17
   2.2326E+01   6.2751E-17
   2.5494E+01   8.5033E-17
   2.9112E+01   9.9044E-17
   3.3244E+01   1.0759E-16
   3.7961E+01   1.1235E-16
   4.3349E+01   1.1433E-16
   4.9501E+01   1.1423E-16
   5.6526E+01   1.1254E-16
   6.4548E+01   1.0964E-16
   7.3708E+01   1.0584E-16
   8.4169E+01   1.0138E-16
   9.6114E+01   9.6459E-17
   1.0975E+02   9.1246E-17
   1.2533E+02   8.5872E-17
   1.4312E+02   8.0446E-17
   1.6343E+02   7.5054E-17
   1.8662E+02   6.9764E-17
   2.1310E+02   6.4630E-17
   2.4335E+02   5.9691E-17
   2.7788E+02   5.4976E-17
   3.1732E+02   5.0505E-17
   3.6235E+02   4.6289E-17
   4.1378E+02   4.2334E-17
   4.7250E+02   3.8640E-17
   5.3956E+02   3.5204E-17
   6.1613E+02   3.2020E-17
   7.0357E+02   2.9079E-17
   8.0342E+02   2.6369E-17
   9.1743E+02   2.3881E-17
   1.0476E+03   2.1600E-17
   1.1963E+03   1.9514E-17
   1.3661E+03   1.7611E-17
   1.5600E+03   1.5878E-17
   1.7813E+03   1.4302E-17
   2.0342E+03   1.2871E-17
   2.3228E+03   1.1574E-17
   2.6525E+03   1.0399E-17
   3.0289E+03   9.3372E-18
   3.4588E+03   8.3779E-18
   3.9496E+03   7.5124E-18
   4.5102E+03   6.7322E-18
   5.1502E+03   6.0295E-18
   5.8811E+03   5.3973E-18
   6.7158E+03   4.8289E-18
   7.6689E+03   4.3183E-18
   8.7572E+03   3.8598E-18
   1.0000E+04   3.4485E-18
-1
0.0  0.0  0.0
