# Equation:    e(-)+C_3H_8->C_2H_2(+)+CH_2+2H_2+2e(-)
# Type:         ionization
# Reference:    R. K. Janev and D. Reiter
#               Phys. Plasmas, Vol.11, No.2, February 2004
#
710022
e(-)+C_3H_8->C_2H_2(+)+CH_2+2H_2+2e(-)
17.79
 6
  2101     1   717   704    14     1
    -1    -1     1     1     2     2
 2
 40
   1.7790E+01   1.0000E-30
   2.2528E+01   1.8262E-19
   2.5351E+01   6.8160E-19
   2.8527E+01   1.4544E-18
   3.2102E+01   2.5013E-18
   3.6125E+01   3.6977E-18
   4.0651E+01   4.8927E-18
   4.5745E+01   5.9640E-18
   5.1478E+01   6.8350E-18
   5.7928E+01   7.4731E-18
   6.5187E+01   7.8787E-18
   7.3355E+01   8.0726E-18
   8.2547E+01   8.0867E-18
   9.2891E+01   7.9564E-18
   1.0453E+02   7.7158E-18
   1.1763E+02   7.3958E-18
   1.3237E+02   7.0221E-18
   1.4896E+02   6.6161E-18
   1.6762E+02   6.1943E-18
   1.8863E+02   5.7694E-18
   2.1226E+02   5.3505E-18
   2.3886E+02   4.9444E-18
   2.6879E+02   4.5555E-18
   3.0247E+02   4.1868E-18
   3.4038E+02   3.8397E-18
   3.8303E+02   3.5152E-18
   4.3102E+02   3.2130E-18
   4.8504E+02   2.9330E-18
   5.4581E+02   2.6742E-18
   6.1421E+02   2.4358E-18
   6.9117E+02   2.2167E-18
   7.7778E+02   2.0156E-18
   8.7525E+02   1.8315E-18
   9.8492E+02   1.6630E-18
   1.1083E+03   1.5092E-18
   1.2472E+03   1.3689E-18
   1.4035E+03   1.2409E-18
   1.5794E+03   1.1244E-18
   1.7773E+03   1.0184E-18
   2.0000E+03   9.2202E-19
-1
0.0  0.0  0.0
