# Equation:    e(-)+C_3H_7->C_3H_7(+)+2e(-)
# Type:         ionization
# Reference:    R. K. Janev and D. Reiter
#               Phys. Plasmas, Vol.11, No.2, February 2004
#
710036
e(-)+C_3H_7->C_3H_7(+)+2e(-)
7.55
 4
  2103     1  2104     1
    -1    -1     1     2
 2
 51
   7.5500E+00   1.0000E-30
   8.7174E+00   7.6491E-18
   1.0065E+01   3.2212E-17
   1.1622E+01   6.4928E-17
   1.3419E+01   9.8591E-17
   1.5494E+01   1.2908E-16
   1.7889E+01   1.5442E-16
   2.0655E+01   1.7397E-16
   2.3849E+01   1.8783E-16
   2.7537E+01   1.9651E-16
   3.1795E+01   2.0070E-16
   3.6711E+01   2.0115E-16
   4.2388E+01   1.9854E-16
   4.8942E+01   1.9354E-16
   5.6510E+01   1.8671E-16
   6.5247E+01   1.7853E-16
   7.5336E+01   1.6941E-16
   8.6985E+01   1.5970E-16
   1.0044E+02   1.4967E-16
   1.1597E+02   1.3954E-16
   1.3390E+02   1.2950E-16
   1.5460E+02   1.1969E-16
   1.7850E+02   1.1020E-16
   2.0611E+02   1.0112E-16
   2.3798E+02   9.2499E-17
   2.7477E+02   8.4374E-17
   3.1726E+02   7.6762E-17
   3.6632E+02   6.9670E-17
   4.2296E+02   6.3095E-17
   4.8836E+02   5.7025E-17
   5.6387E+02   5.1443E-17
   6.5106E+02   4.6327E-17
   7.5173E+02   4.1654E-17
   8.6796E+02   3.7397E-17
   1.0022E+03   3.3530E-17
   1.1571E+03   3.0024E-17
   1.3361E+03   2.6853E-17
   1.5426E+03   2.3991E-17
   1.7812E+03   2.1411E-17
   2.0566E+03   1.9091E-17
   2.3746E+03   1.7007E-17
   2.7418E+03   1.5137E-17
   3.1657E+03   1.3463E-17
   3.6552E+03   1.1965E-17
   4.2204E+03   1.0626E-17
   4.8730E+03   9.4306E-18
   5.6265E+03   8.3645E-18
   6.4965E+03   7.4146E-18
   7.5010E+03   6.5688E-18
   8.6608E+03   5.8165E-18
   1.0000E+04   5.1477E-18
-1
0.0  0.0  0.0
