# Equation:    e(-)+C_3H_6->C_3H_2(+)+2H_2+2e(-)
# Type:         ionization
# Reference:    R. K. Janev and D. Reiter
#               Phys. Plasmas, Vol.11, No.2, February 2004
#
710054
e(-)+C_3H_6->C_3H_2(+)+2H_2+2e(-)
15.62
 5
  2105     1  2114    14     1
    -1    -1     1     2     2
 2
 47
   1.5620E+01   1.0000E-30
   1.7775E+01   1.6562E-20
   2.6193E+01   4.4952E-17
   3.3919E+01   3.9935E-17
   3.8598E+01   3.7613E-17
   4.9983E+01   6.5508E-17
   5.6878E+01   1.0873E-16
   6.4725E+01   6.9572E-18
   7.3654E+01   2.3624E-17
   8.3815E+01   2.6197E-17
   9.5378E+01   2.6276E-17
   1.0854E+02   2.5503E-17
   1.2351E+02   2.4360E-17
   1.4055E+02   2.3042E-17
   1.5994E+02   2.1648E-17
   1.8200E+02   2.0233E-17
   2.0711E+02   1.8830E-17
   2.3569E+02   1.7463E-17
   2.6820E+02   1.6144E-17
   3.0520E+02   1.4884E-17
   3.4731E+02   1.3689E-17
   3.9522E+02   1.2561E-17
   4.4975E+02   1.1504E-17
   5.1179E+02   1.0516E-17
   5.8240E+02   9.5962E-18
   6.6274E+02   8.7434E-18
   7.5418E+02   7.9549E-18
   8.5822E+02   7.2279E-18
   9.7662E+02   6.5592E-18
   1.1114E+03   5.9456E-18
   1.2647E+03   5.3836E-18
   1.4391E+03   4.8698E-18
   1.6377E+03   4.4010E-18
   1.8636E+03   3.9739E-18
   2.1207E+03   3.5853E-18
   2.4133E+03   3.2322E-18
   2.7462E+03   2.9118E-18
   3.1251E+03   2.6214E-18
   3.5562E+03   2.3584E-18
   4.0468E+03   2.1206E-18
   4.6051E+03   1.9056E-18
   5.2404E+03   1.7115E-18
   5.9634E+03   1.5364E-18
   6.7861E+03   1.3786E-18
   7.7223E+03   1.2364E-18
   8.7877E+03   1.1084E-18
   1.0000E+04   9.9317E-19
-1
0.0  0.0  0.0
