# Equation:    e(-)+C_3H_5->C_3H_5(+)+2e(-)
# Type:         ionization
# Reference:    R. K. Janev and D. Reiter
#               Phys. Plasmas, Vol.11, No.2, February 2004
#
710063
e(-)+C_3H_5->C_3H_5(+)+2e(-)
8.13
 4
  2107     1  2108     1
    -1    -1     1     2
 2
 51
   8.1300E+00   1.0000E-30
   9.3732E+00   8.5161E-18
   1.0807E+01   3.9074E-17
   1.2459E+01   8.2437E-17
   1.4364E+01   1.2880E-16
   1.6561E+01   1.7198E-16
   1.9093E+01   2.0874E-16
   2.2013E+01   2.3778E-16
   2.5379E+01   2.5898E-16
   2.9260E+01   2.7290E-16
   3.3734E+01   2.8037E-16
   3.8893E+01   2.8239E-16
   4.4840E+01   2.7991E-16
   5.1697E+01   2.7385E-16
   5.9603E+01   2.6500E-16
   6.8717E+01   2.5409E-16
   7.9225E+01   2.4170E-16
   9.1340E+01   2.2833E-16
   1.0531E+02   2.1441E-16
   1.2141E+02   2.0026E-16
   1.3998E+02   1.8615E-16
   1.6138E+02   1.7230E-16
   1.8606E+02   1.5887E-16
   2.1451E+02   1.4598E-16
   2.4731E+02   1.3370E-16
   2.8513E+02   1.2211E-16
   3.2873E+02   1.1123E-16
   3.7900E+02   1.0108E-16
   4.3696E+02   9.1645E-17
   5.0378E+02   8.2925E-17
   5.8081E+02   7.4895E-17
   6.6963E+02   6.7526E-17
   7.7203E+02   6.0786E-17
   8.9008E+02   5.4637E-17
   1.0262E+03   4.9044E-17
   1.1831E+03   4.3968E-17
   1.3640E+03   3.9371E-17
   1.5726E+03   3.5216E-17
   1.8131E+03   3.1467E-17
   2.0904E+03   2.8091E-17
   2.4100E+03   2.5054E-17
   2.7785E+03   2.2328E-17
   3.2034E+03   1.9882E-17
   3.6933E+03   1.7691E-17
   4.2581E+03   1.5731E-17
   4.9092E+03   1.3979E-17
   5.6599E+03   1.2414E-17
   6.5254E+03   1.1018E-17
   7.5232E+03   9.7739E-18
   8.6736E+03   8.6655E-18
   1.0000E+04   7.6790E-18
-1
0.0  0.0  0.0
