# Equation:    e(-)+C_3H_8->C_2H_5(+)+CH+H_2+2e(-)
# Type:         ionization
# Reference:    R. K. Janev and D. Reiter
#               Phys. Plasmas, Vol.11, No.2, February 2004
#
710013
e(-)+C_3H_8->C_2H_5(+)+CH+H_2+2e(-)
16.61
 6
  2101     1   711   706    14     1
    -1    -1     1     1     1     2
 2
 41
   1.6610E+01   1.0000E-30
   1.8723E+01   9.2584E-18
   2.1106E+01   1.2731E-17
   2.3791E+01   1.6759E-17
   2.6819E+01   2.0527E-17
   3.0231E+01   2.3549E-17
   3.4078E+01   2.5774E-17
   3.8414E+01   2.7364E-17
   4.3301E+01   2.8518E-17
   4.8811E+01   2.9386E-17
   5.5022E+01   3.0052E-17
   6.2023E+01   3.0548E-17
   6.9915E+01   3.0874E-17
   7.8811E+01   3.1020E-17
   8.8838E+01   3.0972E-17
   1.0014E+02   3.0726E-17
   1.1288E+02   3.0284E-17
   1.2725E+02   2.9657E-17
   1.4344E+02   2.8865E-17
   1.6169E+02   2.7930E-17
   1.8226E+02   2.6878E-17
   2.0545E+02   2.5733E-17
   2.3160E+02   2.4522E-17
   2.6107E+02   2.3268E-17
   2.9428E+02   2.1990E-17
   3.3173E+02   2.0708E-17
   3.7394E+02   1.9437E-17
   4.2152E+02   1.8189E-17
   4.7515E+02   1.6975E-17
   5.3561E+02   1.5802E-17
   6.0376E+02   1.4677E-17
   6.8058E+02   1.3604E-17
   7.6718E+02   1.2584E-17
   8.6480E+02   1.1621E-17
   9.7483E+02   1.0714E-17
   1.0989E+03   9.8627E-18
   1.2387E+03   9.0666E-18
   1.3963E+03   8.3240E-18
   1.5740E+03   7.6332E-18
   1.7742E+03   6.9919E-18
   2.0000E+03   6.3978E-18
-1
0.0  0.0  0.0
