# Equation:    e(-)+C_3H_3->C_3H_3(+)+2e(-)
# Type:         ionization
# Reference:    R. K. Janev and D. Reiter
#               Phys. Plasmas, Vol.11, No.2, February 2004
#
710092
e(-)+C_3H_3->C_3H_3(+)+2e(-)
8.34
 4
  2111     1  2112     1
    -1    -1     1     2
 2
 51
   8.3400E+00   1.0000E-30
   9.6104E+00   1.0296E-17
   1.1074E+01   5.3790E-17
   1.2761E+01   1.2282E-16
   1.4705E+01   2.0225E-16
   1.6945E+01   2.8021E-16
   1.9527E+01   3.4938E-16
   2.2501E+01   4.0611E-16
   2.5929E+01   4.4923E-16
   2.9878E+01   4.7910E-16
   3.4430E+01   4.9691E-16
   3.9674E+01   5.0428E-16
   4.5718E+01   5.0289E-16
   5.2682E+01   4.9441E-16
   6.0707E+01   4.8036E-16
   6.9955E+01   4.6208E-16
   8.0611E+01   4.4073E-16
   9.2890E+01   4.1729E-16
   1.0704E+02   3.9257E-16
   1.2335E+02   3.6724E-16
   1.4213E+02   3.4183E-16
   1.6379E+02   3.1676E-16
   1.8874E+02   2.9236E-16
   2.1749E+02   2.6887E-16
   2.5061E+02   2.4646E-16
   2.8879E+02   2.2525E-16
   3.3278E+02   2.0531E-16
   3.8347E+02   1.8667E-16
   4.4189E+02   1.6935E-16
   5.0920E+02   1.5332E-16
   5.8677E+02   1.3854E-16
   6.7615E+02   1.2497E-16
   7.7915E+02   1.1254E-16
   8.9783E+02   1.0121E-16
   1.0346E+03   9.0887E-17
   1.1922E+03   8.1515E-17
   1.3738E+03   7.3024E-17
   1.5831E+03   6.5345E-17
   1.8242E+03   5.8415E-17
   2.1021E+03   5.2169E-17
   2.4223E+03   4.6550E-17
   2.7913E+03   4.1502E-17
   3.2165E+03   3.6972E-17
   3.7065E+03   3.2912E-17
   4.2711E+03   2.9278E-17
   4.9217E+03   2.6029E-17
   5.6714E+03   2.3125E-17
   6.5354E+03   2.0534E-17
   7.5309E+03   1.8223E-17
   8.6781E+03   1.6163E-17
   1.0000E+04   1.4330E-17
-1
0.0  0.0  0.0
