# Equation:    e(-)+C_3H_6->C_3H_6(+)+2e(-)
# Type:         ionization
# Reference:    R. K. Janev and D. Reiter
#               Phys. Plasmas, Vol.11, No.2, February 2004
#
710050
e(-)+C_3H_6->C_3H_6(+)+2e(-)
9.72
 4
  2105     1  2106     1
    -1    -1     1     2
 2
 51
   9.7200E+00   1.0000E-30
   1.1166E+01   6.0335E-18
   1.2828E+01   2.6396E-17
   1.4737E+01   5.4521E-17
   1.6930E+01   8.4347E-17
   1.9449E+01   1.1216E-16
   2.2343E+01   1.3601E-16
   2.5668E+01   1.5510E-16
   2.9488E+01   1.6929E-16
   3.3876E+01   1.7889E-16
   3.8916E+01   1.8439E-16
   4.4707E+01   1.8634E-16
   5.1360E+01   1.8535E-16
   5.9003E+01   1.8196E-16
   6.7783E+01   1.7668E-16
   7.7869E+01   1.6996E-16
   8.9457E+01   1.6219E-16
   1.0277E+02   1.5370E-16
   1.1806E+02   1.4476E-16
   1.3563E+02   1.3560E-16
   1.5581E+02   1.2641E-16
   1.7900E+02   1.1734E-16
   2.0563E+02   1.0849E-16
   2.3623E+02   9.9963E-17
   2.7139E+02   9.1810E-17
   3.1177E+02   8.4078E-17
   3.5816E+02   7.6794E-17
   4.1146E+02   6.9972E-17
   4.7269E+02   6.3616E-17
   5.4303E+02   5.7721E-17
   6.2383E+02   5.2274E-17
   7.1666E+02   4.7261E-17
   8.2330E+02   4.2661E-17
   9.4582E+02   3.8453E-17
   1.0866E+03   3.4614E-17
   1.2482E+03   3.1119E-17
   1.4340E+03   2.7944E-17
   1.6474E+03   2.5067E-17
   1.8925E+03   2.2463E-17
   2.1741E+03   2.0112E-17
   2.4977E+03   1.7990E-17
   2.8693E+03   1.6080E-17
   3.2963E+03   1.4361E-17
   3.7868E+03   1.2817E-17
   4.3503E+03   1.1431E-17
   4.9977E+03   1.0188E-17
   5.7413E+03   9.0754E-18
   6.5957E+03   8.0795E-18
   7.5772E+03   7.1890E-18
   8.7047E+03   6.3934E-18
   1.0000E+04   5.6832E-18
-1
0.0  0.0  0.0
