# Equation:    e(-)+C_3H_6->C_2H_5(+)+CH+2e(-)
# Type:         ionization
# Reference:    R. K. Janev and D. Reiter
#               Phys. Plasmas, Vol.11, No.2, February 2004
#
710055
e(-)+C_3H_6->C_2H_5(+)+CH+2e(-)
15.28
 5
  2105     1   711   706     1
    -1    -1     1     1     2
 2
 48
   1.5280E+01   1.0000E-30
   1.9804E+01   3.4969E-19
   2.2546E+01   2.1987E-19
   2.5668E+01   5.7055E-17
   2.9222E+01   6.4686E-18
   4.3118E+01   3.1631E-18
   4.9089E+01   2.9645E-17
   5.5885E+01   3.5770E-17
   6.3623E+01   3.7300E-17
   7.2433E+01   3.7122E-17
   8.2462E+01   3.6137E-17
   9.3879E+01   3.4718E-17
   1.0688E+02   3.3055E-17
   1.2168E+02   3.1257E-17
   1.3852E+02   2.9396E-17
   1.5770E+02   2.7518E-17
   1.7954E+02   2.5659E-17
   2.0440E+02   2.3841E-17
   2.3270E+02   2.2083E-17
   2.6492E+02   2.0397E-17
   3.0160E+02   1.8792E-17
   3.4336E+02   1.7273E-17
   3.9090E+02   1.5842E-17
   4.4502E+02   1.4502E-17
   5.0664E+02   1.3251E-17
   5.7679E+02   1.2088E-17
   6.5665E+02   1.1010E-17
   7.4757E+02   1.0013E-17
   8.5107E+02   9.0952E-18
   9.6891E+02   8.2511E-18
   1.1031E+03   7.4766E-18
   1.2558E+03   6.7677E-18
   1.4297E+03   6.1198E-18
   1.6276E+03   5.5288E-18
   1.8530E+03   4.9906E-18
   2.1095E+03   4.5010E-18
   2.4016E+03   4.0564E-18
   2.7342E+03   3.6530E-18
   3.1127E+03   3.2875E-18
   3.5437E+03   2.9567E-18
   4.0344E+03   2.6576E-18
   4.5930E+03   2.3873E-18
   5.2289E+03   2.1434E-18
   5.9529E+03   1.9234E-18
   6.7772E+03   1.7252E-18
   7.7155E+03   1.5466E-18
   8.7838E+03   1.3860E-18
   1.0000E+04   1.2415E-18
-1
0.0  0.0  0.0
