# Equation:    e(-)+C_3H_8->C_2H_2(+)+CH_3+H_2+H+2e(-)
# Type:         ionization
# Reference:    R. K. Janev and D. Reiter
#               Phys. Plasmas, Vol.11, No.2, February 2004
#
710021
e(-)+C_3H_8->C_2H_2(+)+CH_3+H_2+H+2e(-)
18.58
 7
  2101     1   717   702    14    10     1
    -1    -1     1     1     1     1     2
 2
 40
   1.8580E+01   1.0000E-30
   2.3477E+01   5.5771E-19
   2.6390E+01   1.5168E-18
   2.9665E+01   2.9592E-18
   3.3346E+01   4.7962E-18
   3.7484E+01   6.7972E-18
   4.2135E+01   8.7260E-18
   4.7363E+01   1.0406E-17
   5.3241E+01   1.1735E-17
   5.9847E+01   1.2680E-17
   6.7273E+01   1.3250E-17
   7.5621E+01   1.3487E-17
   8.5004E+01   1.3444E-17
   9.5552E+01   1.3179E-17
   1.0741E+02   1.2747E-17
   1.2074E+02   1.2195E-17
   1.3572E+02   1.1564E-17
   1.5256E+02   1.0886E-17
   1.7149E+02   1.0187E-17
   1.9277E+02   9.4860E-18
   2.1669E+02   8.7974E-18
   2.4358E+02   8.1312E-18
   2.7380E+02   7.4941E-18
   3.0778E+02   6.8905E-18
   3.4597E+02   6.3227E-18
   3.8890E+02   5.7916E-18
   4.3715E+02   5.2973E-18
   4.9140E+02   4.8390E-18
   5.5238E+02   4.4153E-18
   6.2092E+02   4.0248E-18
   6.9796E+02   3.6656E-18
   7.8457E+02   3.3358E-18
   8.8193E+02   3.0336E-18
   9.9136E+02   2.7570E-18
   1.1144E+03   2.5041E-18
   1.2527E+03   2.2732E-18
   1.4081E+03   2.0626E-18
   1.5828E+03   1.8706E-18
   1.7792E+03   1.6958E-18
   2.0000E+03   1.5367E-18
-1
0.0  0.0  0.0
