# Equation:    e(-)+C_3H_8->C_2H_2(+)+CH_4+H_2+2e(-)
# Type:         ionization
# Reference:    R. K. Janev and D. Reiter
#               Phys. Plasmas, Vol.11, No.2, February 2004
#
710020
e(-)+C_3H_8->C_2H_2(+)+CH_4+H_2+2e(-)
14.08
 6
  2101     1   717   700    14     1
    -1    -1     1     1     1     2
 2
 38
   1.4080E+01   1.0000E-30
   2.3112E+01   1.1003E-18
   2.6161E+01   3.4297E-18
   2.9612E+01   7.0407E-18
   3.3518E+01   1.1718E-17
   3.7939E+01   1.6808E-17
   4.2944E+01   2.1647E-17
   4.8608E+01   2.5759E-17
   5.5020E+01   2.8896E-17
   6.2277E+01   3.0994E-17
   7.0492E+01   3.2116E-17
   7.9791E+01   3.2396E-17
   9.0316E+01   3.1995E-17
   1.0223E+02   3.1073E-17
   1.1571E+02   2.9776E-17
   1.3098E+02   2.8229E-17
   1.4825E+02   2.6531E-17
   1.6781E+02   2.4761E-17
   1.8994E+02   2.2978E-17
   2.1500E+02   2.1223E-17
   2.4336E+02   1.9527E-17
   2.7546E+02   1.7909E-17
   3.1180E+02   1.6382E-17
   3.5292E+02   1.4951E-17
   3.9948E+02   1.3620E-17
   4.5217E+02   1.2387E-17
   5.1181E+02   1.1250E-17
   5.7933E+02   1.0206E-17
   6.5574E+02   9.2481E-18
   7.4224E+02   8.3727E-18
   8.4015E+02   7.5738E-18
   9.5097E+02   6.8460E-18
   1.0764E+03   6.1840E-18
   1.2184E+03   5.5825E-18
   1.3791E+03   5.0367E-18
   1.5610E+03   4.5419E-18
   1.7669E+03   4.0937E-18
   2.0000E+03   3.6880E-18
-1
0.0  0.0  0.0
