# Equation:    e(-)+C_3H_8->C_3H_8(+)+2e(-)
# Type:         ionization
# Reference:    R. K. Janev and D. Reiter
#               Phys. Plasmas, Vol.11, No.2, February 2004
#
710002
e(-)+C_3H_8->C_3H_8(+)+2e(-)
10.94
 4
  2101     1  2102     1
    -1    -1     1     2
 2
 39
   1.0940E+01   1.0000E-30
   1.6168E+01   1.7606E-17
   1.8417E+01   2.4780E-17
   2.0978E+01   3.0941E-17
   2.3896E+01   3.7051E-17
   2.7219E+01   4.2383E-17
   3.1004E+01   4.6531E-17
   3.5316E+01   4.9525E-17
   4.0227E+01   5.1595E-17
   4.5822E+01   5.2990E-17
   5.2194E+01   5.3901E-17
   5.9453E+01   5.4442E-17
   6.7721E+01   5.4669E-17
   7.7139E+01   5.4603E-17
   8.7866E+01   5.4250E-17
   1.0009E+02   5.3610E-17
   1.1400E+02   5.2691E-17
   1.2986E+02   5.1507E-17
   1.4792E+02   5.0079E-17
   1.6849E+02   4.8438E-17
   1.9192E+02   4.6616E-17
   2.1861E+02   4.4647E-17
   2.4901E+02   4.2568E-17
   2.8365E+02   4.0414E-17
   3.2309E+02   3.8215E-17
   3.6802E+02   3.6000E-17
   4.1920E+02   3.3797E-17
   4.7750E+02   3.1625E-17
   5.4391E+02   2.9504E-17
   6.1955E+02   2.7448E-17
   7.0571E+02   2.5468E-17
   8.0386E+02   2.3574E-17
   9.1565E+02   2.1771E-17
   1.0430E+03   2.0064E-17
   1.1880E+03   1.8454E-17
   1.3533E+03   1.6942E-17
   1.5414E+03   1.5528E-17
   1.7558E+03   1.4209E-17
   2.0000E+03   1.2982E-17
-1
0.0  0.0  0.0
