# Equation:    e(-)+C_3H_7->C_2H_4(+)+CH_3+2e(-)
# Type:         ionization
# Reference:    R. K. Janev and D. Reiter
#               Phys. Plasmas, Vol.11, No.2, February 2004
#
710042
e(-)+C_3H_7->C_2H_4(+)+CH_3+2e(-)
11.55
 5
  2103     1   713   702     1
    -1    -1     1     1     2
 2
 50
   1.1550E+01   1.0000E-30
   1.5138E+01   1.7540E-18
   1.7331E+01   4.1056E-17
   1.9842E+01   7.4748E-17
   2.2716E+01   9.2822E-17
   2.6006E+01   1.0194E-16
   2.9773E+01   1.0608E-16
   3.4085E+01   1.0719E-16
   3.9023E+01   1.0628E-16
   4.4675E+01   1.0396E-16
   5.1146E+01   1.0065E-16
   5.8555E+01   9.6628E-17
   6.7036E+01   9.2126E-17
   7.6747E+01   8.7309E-17
   8.7863E+01   8.2311E-17
   1.0059E+02   7.7240E-17
   1.1516E+02   7.2180E-17
   1.3184E+02   6.7197E-17
   1.5094E+02   6.2343E-17
   1.7280E+02   5.7658E-17
   1.9783E+02   5.3171E-17
   2.2649E+02   4.8903E-17
   2.5930E+02   4.4867E-17
   2.9685E+02   4.1070E-17
   3.3985E+02   3.7516E-17
   3.8908E+02   3.4202E-17
   4.4544E+02   3.1124E-17
   5.0996E+02   2.8276E-17
   5.8383E+02   2.5647E-17
   6.6839E+02   2.3230E-17
   7.6521E+02   2.1011E-17
   8.7605E+02   1.8980E-17
   1.0029E+03   1.7125E-17
   1.1482E+03   1.5435E-17
   1.3145E+03   1.3896E-17
   1.5050E+03   1.2499E-17
   1.7229E+03   1.1233E-17
   1.9725E+03   1.0086E-17
   2.2582E+03   9.0483E-18
   2.5853E+03   8.1116E-18
   2.9598E+03   7.2667E-18
   3.3885E+03   6.5054E-18
   3.8794E+03   5.8202E-18
   4.4413E+03   5.2040E-18
   5.0846E+03   4.6503E-18
   5.8211E+03   4.1534E-18
   6.6643E+03   3.7076E-18
   7.6296E+03   3.3080E-18
   8.7348E+03   2.9502E-18
   1.0000E+04   2.6298E-18
-1
0.0  0.0  0.0
