# Equation:    e(-)+C_3H_8->C_2H_5(+)+CH_3+2e(-)
# Type:         ionization
# Reference:    R. K. Janev and D. Reiter
#               Phys. Plasmas, Vol.11, No.2, February 2004
#
710011
e(-)+C_3H_8->C_2H_5(+)+CH_3+2e(-)
11.86
 5
  2101     1   711   702     1
    -1    -1     1     1     2
 2
 40
   1.1860E+01   1.0000E-30
   1.5326E+01   9.8538E-18
   1.7422E+01   2.1866E-17
   1.9805E+01   3.8539E-17
   2.2514E+01   5.6005E-17
   2.5593E+01   7.1096E-17
   2.9094E+01   8.2907E-17
   3.3073E+01   9.1813E-17
   3.7596E+01   9.8546E-17
   4.2739E+01   1.0373E-16
   4.8584E+01   1.0774E-16
   5.5229E+01   1.1078E-16
   6.2783E+01   1.1289E-16
   7.1370E+01   1.1408E-16
   8.1131E+01   1.1434E-16
   9.2228E+01   1.1369E-16
   1.0484E+02   1.1218E-16
   1.1918E+02   1.0988E-16
   1.3548E+02   1.0689E-16
   1.5401E+02   1.0332E-16
   1.7508E+02   9.9274E-17
   1.9902E+02   9.4866E-17
   2.2624E+02   9.0199E-17
   2.5719E+02   8.5369E-17
   2.9237E+02   8.0459E-17
   3.3235E+02   7.5542E-17
   3.7781E+02   7.0678E-17
   4.2948E+02   6.5916E-17
   4.8823E+02   6.1295E-17
   5.5500E+02   5.6846E-17
   6.3091E+02   5.2590E-17
   7.1720E+02   4.8542E-17
   8.1529E+02   4.4713E-17
   9.2680E+02   4.1106E-17
   1.0536E+03   3.7723E-17
   1.1977E+03   3.4562E-17
   1.3615E+03   3.1616E-17
   1.5477E+03   2.8880E-17
   1.7594E+03   2.6346E-17
   2.0000E+03   2.4005E-17
-1
0.0  0.0  0.0
