# Equation:    e(-)+C_3H_8->C_3H(+)+3H_2+H+2e(-)
# Type:         ionization
# Reference:    R. K. Janev and D. Reiter
#               Phys. Plasmas, Vol.11, No.2, February 2004
#
710010
e(-)+C_3H_8->C_3H(+)+3H_2+H+2e(-)
20.51
 6
  2101     1  2116    14    10     1
    -1    -1     1     3     1     2
 2
 40
   2.0510E+01   1.0000E-30
   2.2998E+01   4.3688E-18
   2.8916E+01   1.0827E-18
   3.2424E+01   2.7416E-18
   3.6358E+01   4.6213E-18
   4.0769E+01   6.9683E-18
   4.5714E+01   9.7613E-18
   5.1260E+01   1.2739E-17
   5.7478E+01   1.5575E-17
   6.4451E+01   1.7999E-17
   7.2270E+01   1.9847E-17
   8.1037E+01   2.1055E-17
   9.0868E+01   2.1641E-17
   1.0189E+02   2.1672E-17
   1.1425E+02   2.1244E-17
   1.2811E+02   2.0459E-17
   1.4365E+02   1.9415E-17
   1.6108E+02   1.8200E-17
   1.8062E+02   1.6886E-17
   2.0253E+02   1.5531E-17
   2.2710E+02   1.4180E-17
   2.5465E+02   1.2866E-17
   2.8555E+02   1.1611E-17
   3.2019E+02   1.0431E-17
   3.5903E+02   9.3329E-18
   4.0258E+02   8.3219E-18
   4.5142E+02   7.3979E-18
   5.0619E+02   6.5590E-18
   5.6759E+02   5.8014E-18
   6.3645E+02   5.1203E-18
   7.1366E+02   4.5105E-18
   8.0023E+02   3.9664E-18
   8.9731E+02   3.4822E-18
   1.0062E+03   3.0525E-18
   1.1282E+03   2.6720E-18
   1.2651E+03   2.3358E-18
   1.4186E+03   2.0393E-18
   1.5907E+03   1.7781E-18
   1.7836E+03   1.5485E-18
   2.0000E+03   1.3469E-18
-1
0.0  0.0  0.0
