# Equation:    e(-)+C_3H_5->C_2H_4(+)+CH+2e(-)
# Type:         ionization
# Reference:    R. K. Janev and D. Reiter
#               Phys. Plasmas, Vol.11, No.2, February 2004
#
710069
e(-)+C_3H_5->C_2H_4(+)+CH+2e(-)
15.44
 5
  2107     1   713   706     1
    -1    -1     1     1     2
 2
 49
   1.5440E+01   1.0000E-30
   1.7574E+01   1.0119E-20
   2.2768E+01   1.3261E-17
   2.5915E+01   5.7487E-18
   2.9497E+01   3.4056E-17
   3.3575E+01   2.0646E-17
   4.3497E+01   1.4519E-17
   4.9510E+01   1.8750E-17
   5.6353E+01   1.9317E-17
   6.4142E+01   1.8942E-17
   7.3008E+01   1.8215E-17
   8.3100E+01   1.7332E-17
   9.4586E+01   1.6378E-17
   1.0766E+02   1.5397E-17
   1.2254E+02   1.4414E-17
   1.3948E+02   1.3445E-17
   1.5876E+02   1.2502E-17
   1.8070E+02   1.1592E-17
   2.0568E+02   1.0720E-17
   2.3411E+02   9.8906E-18
   2.6647E+02   9.1048E-18
   3.0330E+02   8.3644E-18
   3.4522E+02   7.6695E-18
   3.9294E+02   7.0199E-18
   4.4725E+02   6.4146E-18
   5.0907E+02   5.8525E-18
   5.7944E+02   5.3319E-18
   6.5953E+02   4.8511E-18
   7.5069E+02   4.4080E-18
   8.5445E+02   4.0007E-18
   9.7255E+02   3.6270E-18
   1.1070E+03   3.2848E-18
   1.2600E+03   2.9719E-18
   1.4341E+03   2.6864E-18
   1.6324E+03   2.4263E-18
   1.8580E+03   2.1895E-18
   2.1148E+03   1.9744E-18
   2.4071E+03   1.7790E-18
   2.7399E+03   1.6020E-18
   3.1186E+03   1.4416E-18
   3.5496E+03   1.2965E-18
   4.0403E+03   1.1653E-18
   4.5987E+03   1.0468E-18
   5.2344E+03   9.3990E-19
   5.9579E+03   8.4348E-19
   6.7814E+03   7.5660E-19
   7.7187E+03   6.7836E-19
   8.7856E+03   6.0795E-19
   1.0000E+04   5.4462E-19
-1
0.0  0.0  0.0
