# Equation:    e(-)+C_3H_5->C_2H_3(+)+CH_2+2e(-)
# Type:         ionization
# Reference:    R. K. Janev and D. Reiter
#               Phys. Plasmas, Vol.11, No.2, February 2004
#
710070
e(-)+C_3H_5->C_2H_3(+)+CH_2+2e(-)
13.58
 5
  2107     1   715   704     1
    -1    -1     1     1     2
 2
 50
   1.3580E+01   1.0000E-30
   1.5497E+01   7.9112E-19
   2.0180E+01   4.9644E-18
   2.3029E+01   2.9391E-17
   2.6279E+01   4.7675E-17
   2.9988E+01   5.7181E-17
   3.4221E+01   6.1498E-17
   3.9051E+01   6.2946E-17
   4.4563E+01   6.2719E-17
   5.0853E+01   6.1449E-17
   5.8031E+01   5.9503E-17
   6.6222E+01   5.7110E-17
   7.5569E+01   5.4426E-17
   8.6236E+01   5.1562E-17
   9.8408E+01   4.8602E-17
   1.1230E+02   4.5609E-17
   1.2815E+02   4.2631E-17
   1.4624E+02   3.9705E-17
   1.6688E+02   3.6860E-17
   1.9043E+02   3.4117E-17
   2.1731E+02   3.1493E-17
   2.4798E+02   2.8997E-17
   2.8299E+02   2.6638E-17
   3.2293E+02   2.4418E-17
   3.6851E+02   2.2338E-17
   4.2053E+02   2.0398E-17
   4.7988E+02   1.8595E-17
   5.4762E+02   1.6924E-17
   6.2491E+02   1.5380E-17
   7.1312E+02   1.3958E-17
   8.1377E+02   1.2651E-17
   9.2863E+02   1.1453E-17
   1.0597E+03   1.0356E-17
   1.2093E+03   9.3551E-18
   1.3800E+03   8.4423E-18
   1.5748E+03   7.6115E-18
   1.7970E+03   6.8565E-18
   2.0507E+03   6.1714E-18
   2.3401E+03   5.5505E-18
   2.6704E+03   4.9885E-18
   3.0473E+03   4.4803E-18
   3.4775E+03   4.0213E-18
   3.9683E+03   3.6071E-18
   4.5284E+03   3.2338E-18
   5.1676E+03   2.8975E-18
   5.8970E+03   2.5948E-18
   6.7294E+03   2.3226E-18
   7.6792E+03   2.0780E-18
   8.7631E+03   1.8583E-18
   1.0000E+04   1.6611E-18
-1
0.0  0.0  0.0
