# Equation:    e(-)+C_3H_7->C_2H_5(+)+CH_2+2e(-)
# Type:         ionization
# Reference:    R. K. Janev and D. Reiter
#               Phys. Plasmas, Vol.11, No.2, February 2004
#
710041
e(-)+C_3H_7->C_2H_5(+)+CH_2+2e(-)
12.42
 5
  2103     1   711   704     1
    -1    -1     1     1     2
 2
 49
   1.2420E+01   1.0000E-30
   1.4198E+01   9.8245E-19
   2.1213E+01   3.5334E-17
   2.4250E+01   6.7360E-17
   2.7722E+01   8.3290E-17
   3.1692E+01   9.0397E-17
   3.6229E+01   9.2861E-17
   4.1417E+01   9.2679E-17
   4.7348E+01   9.0872E-17
   5.4127E+01   8.8018E-17
   6.1877E+01   8.4475E-17
   7.0738E+01   8.0484E-17
   8.0866E+01   7.6219E-17
   9.2445E+01   7.1805E-17
   1.0568E+02   6.7341E-17
   1.2081E+02   6.2899E-17
   1.3811E+02   5.8536E-17
   1.5789E+02   5.4296E-17
   1.8050E+02   5.0212E-17
   2.0634E+02   4.6306E-17
   2.3589E+02   4.2595E-17
   2.6967E+02   3.9089E-17
   3.0828E+02   3.5793E-17
   3.5242E+02   3.2710E-17
   4.0288E+02   2.9835E-17
   4.6057E+02   2.7166E-17
   5.2652E+02   2.4696E-17
   6.0191E+02   2.2416E-17
   6.8810E+02   2.0318E-17
   7.8662E+02   1.8392E-17
   8.9926E+02   1.6629E-17
   1.0280E+03   1.5017E-17
   1.1752E+03   1.3547E-17
   1.3435E+03   1.2209E-17
   1.5359E+03   1.0992E-17
   1.7558E+03   9.8884E-18
   2.0072E+03   8.8879E-18
   2.2946E+03   7.9823E-18
   2.6232E+03   7.1638E-18
   2.9988E+03   6.4248E-18
   3.4281E+03   5.7582E-18
   3.9190E+03   5.1575E-18
   4.4802E+03   4.6169E-18
   5.1217E+03   4.1305E-18
   5.8550E+03   3.6935E-18
   6.6934E+03   3.3010E-18
   7.6518E+03   2.9489E-18
   8.7475E+03   2.6331E-18
   1.0000E+04   2.3501E-18
-1
0.0  0.0  0.0
