# Equation:    e(-)+C_3H_4->CH_2(+)+C_2H_2+2e(-)
# Type:         ionization
# Reference:    R. K. Janev and D. Reiter
#               Phys. Plasmas, Vol.11, No.2, February 2004
#
710088
e(-)+C_3H_4->CH_2(+)+C_2H_2+2e(-)
14.83
 5
  2109     1   705   716     1
    -1    -1     1     1     2
 2
 50
   1.4830E+01   1.0000E-30
   1.6893E+01   1.1059E-18
   2.1922E+01   2.0007E-18
   2.4972E+01   1.1448E-17
   2.8446E+01   1.5933E-17
   3.2404E+01   1.7876E-17
   3.6913E+01   1.8743E-17
   4.2049E+01   1.9042E-17
   4.7900E+01   1.8984E-17
   5.4565E+01   1.8675E-17
   6.2157E+01   1.8184E-17
   7.0806E+01   1.7558E-17
   8.0657E+01   1.6833E-17
   9.1880E+01   1.6040E-17
   1.0466E+02   1.5201E-17
   1.1923E+02   1.4337E-17
   1.3582E+02   1.3464E-17
   1.5471E+02   1.2594E-17
   1.7624E+02   1.1738E-17
   2.0076E+02   1.0904E-17
   2.2870E+02   1.0100E-17
   2.6052E+02   9.3292E-18
   2.9677E+02   8.5955E-18
   3.3806E+02   7.9010E-18
   3.8510E+02   7.2470E-18
   4.3868E+02   6.6340E-18
   4.9972E+02   6.0616E-18
   5.6925E+02   5.5292E-18
   6.4845E+02   5.0357E-18
   7.3868E+02   4.5794E-18
   8.4146E+02   4.1589E-18
   9.5854E+02   3.7722E-18
   1.0919E+03   3.4174E-18
   1.2438E+03   3.0926E-18
   1.4169E+03   2.7958E-18
   1.6141E+03   2.5250E-18
   1.8386E+03   2.2785E-18
   2.0945E+03   2.0543E-18
   2.3859E+03   1.8507E-18
   2.7179E+03   1.6660E-18
   3.0960E+03   1.4987E-18
   3.5268E+03   1.3474E-18
   4.0175E+03   1.2106E-18
   4.5765E+03   1.0870E-18
   5.2133E+03   9.7550E-19
   5.9387E+03   8.7499E-19
   6.7650E+03   7.8444E-19
   7.7063E+03   7.0293E-19
   8.7786E+03   6.2961E-19
   1.0000E+04   5.6370E-19
-1
0.0  0.0  0.0
