# Equation:    e(-)+C_3H_8->CH_3(+)+C_2H_4+H+2e(-)
# Type:         ionization
# Reference:    R. K. Janev and D. Reiter
#               Phys. Plasmas, Vol.11, No.2, February 2004
#
710026
e(-)+C_3H_8->CH_3(+)+C_2H_4+H+2e(-)
15.18
 6
  2101     1   703   712    10     1
    -1    -1     1     1     1     2
 2
 40
   1.5180E+01   1.0000E-30
   1.7150E+01   2.3712E-16
   1.9376E+01   5.0260E-17
   2.1890E+01   4.6655E-18
   2.7941E+01   3.9847E-19
   3.1567E+01   3.0248E-18
   3.5664E+01   5.1714E-18
   4.0292E+01   7.0338E-18
   4.5522E+01   8.7739E-18
   5.1429E+01   1.0371E-17
   5.8104E+01   1.1723E-17
   6.5645E+01   1.2738E-17
   7.4164E+01   1.3368E-17
   8.3789E+01   1.3618E-17
   9.4663E+01   1.3529E-17
   1.0695E+02   1.3163E-17
   1.2083E+02   1.2587E-17
   1.3651E+02   1.1867E-17
   1.5423E+02   1.1058E-17
   1.7424E+02   1.0207E-17
   1.9685E+02   9.3489E-18
   2.2240E+02   8.5092E-18
   2.5127E+02   7.7058E-18
   2.8387E+02   6.9499E-18
   3.2072E+02   6.2476E-18
   3.6234E+02   5.6016E-18
   4.0936E+02   5.0120E-18
   4.6249E+02   4.4772E-18
   5.2251E+02   3.9942E-18
   5.9032E+02   3.5597E-18
   6.6694E+02   3.1700E-18
   7.5349E+02   2.8212E-18
   8.5128E+02   2.5096E-18
   9.6176E+02   2.2316E-18
   1.0866E+03   1.9839E-18
   1.2276E+03   1.7633E-18
   1.3869E+03   1.5670E-18
   1.5669E+03   1.3924E-18
   1.7703E+03   1.2372E-18
   2.0000E+03   1.0992E-18
-1
0.0  0.0  0.0
