# Equation:    e(-)+C_3H_8->CH(+)+C_2H_5+H_2+2e(-)
# Type:         ionization
# Reference:    R. K. Janev and D. Reiter
#               Phys. Plasmas, Vol.11, No.2, February 2004
#
710033
e(-)+C_3H_8->CH(+)+C_2H_5+H_2+2e(-)
19.13
 6
  2101     1   707   710    14     1
    -1    -1     1     1     1     2
 2
 40
   1.9130E+01   1.0000E-30
   2.1488E+01   2.9592E-17
   2.4137E+01   5.9326E-18
   2.7112E+01   6.3041E-19
   3.4208E+01   1.3601E-19
   3.8425E+01   2.6253E-19
   4.3161E+01   3.6651E-19
   4.8482E+01   5.2316E-19
   5.4458E+01   7.5012E-19
   6.1171E+01   1.0182E-18
   6.8711E+01   1.2838E-18
   7.7181E+01   1.5102E-18
   8.6695E+01   1.6752E-18
   9.7381E+01   1.7714E-18
   1.0939E+02   1.8017E-18
   1.2287E+02   1.7758E-18
   1.3801E+02   1.7062E-18
   1.5503E+02   1.6054E-18
   1.7414E+02   1.4849E-18
   1.9560E+02   1.3542E-18
   2.1971E+02   1.2208E-18
   2.4680E+02   1.0900E-18
   2.7722E+02   9.6553E-19
   3.1139E+02   8.4972E-19
   3.4977E+02   7.4377E-19
   3.9289E+02   6.4815E-19
   4.4132E+02   5.6275E-19
   4.9572E+02   4.8714E-19
   5.5682E+02   4.2063E-19
   6.2546E+02   3.6246E-19
   7.0256E+02   3.1181E-19
   7.8916E+02   2.6785E-19
   8.8644E+02   2.2981E-19
   9.9571E+02   1.9697E-19
   1.1184E+03   1.6866E-19
   1.2563E+03   1.4429E-19
   1.4112E+03   1.2335E-19
   1.5851E+03   1.0536E-19
   1.7805E+03   8.9916E-20
   2.0000E+03   7.6672E-20
-1
0.0  0.0  0.0
