# Equation:    e(-)+C_3H_6->CH(+)+C_2H_5+2e(-)
# Type:         ionization
# Reference:    R. K. Janev and D. Reiter
#               Phys. Plasmas, Vol.11, No.2, February 2004
#
710062
e(-)+C_3H_6->CH(+)+C_2H_5+2e(-)
17.80
 5
  2105     1   707   710     1
    -1    -1     1     1     2
 2
 51
   1.7800E+01   1.0000E-30
   2.0203E+01   4.1798E-20
   2.2930E+01   7.4715E-19
   2.6025E+01   8.7419E-18
   2.9538E+01   6.0295E-18
   3.3526E+01   7.3927E-18
   3.8051E+01   7.0354E-18
   4.3188E+01   6.1536E-18
   4.9018E+01   6.5624E-18
   5.5635E+01   6.2248E-18
   6.3145E+01   4.9353E-18
   7.1668E+01   5.8242E-18
   8.1343E+01   5.4986E-18
   9.2323E+01   5.2379E-18
   1.0479E+02   5.0945E-18
   1.1893E+02   8.2083E-18
   1.3499E+02   3.7378E-18
   1.5321E+02   3.6787E-18
   1.7389E+02   3.4765E-18
   1.9736E+02   3.2501E-18
   2.2400E+02   3.0218E-18
   2.5424E+02   2.7992E-18
   2.8856E+02   2.5855E-18
   3.2751E+02   2.3823E-18
   3.7172E+02   2.1904E-18
   4.2190E+02   2.0100E-18
   4.7885E+02   1.8413E-18
   5.4349E+02   1.6840E-18
   6.1686E+02   1.5379E-18
   7.0013E+02   1.4025E-18
   7.9464E+02   1.2774E-18
   9.0190E+02   1.1621E-18
   1.0236E+03   1.0560E-18
   1.1618E+03   9.5855E-19
   1.3187E+03   8.6928E-19
   1.4967E+03   7.8760E-19
   1.6987E+03   7.1299E-19
   1.9280E+03   6.4493E-19
   2.1883E+03   5.8292E-19
   2.4837E+03   5.2650E-19
   2.8189E+03   4.7522E-19
   3.1995E+03   4.2867E-19
   3.6313E+03   3.8644E-19
   4.1215E+03   3.4818E-19
   4.6779E+03   3.1353E-19
   5.3094E+03   2.8219E-19
   6.0261E+03   2.5386E-19
   6.8395E+03   2.2827E-19
   7.7628E+03   2.0517E-19
   8.8107E+03   1.8432E-19
   1.0000E+04   1.6553E-19
-1
0.0  0.0  0.0
