# Equation:    e(-)+C_3H_4->C_3H_3(+)+H+2e(-)
# Type:         ionization
# Reference:    R. K. Janev and D. Reiter
#               Phys. Plasmas, Vol.11, No.2, February 2004
#
710078
e(-)+C_3H_4->C_3H_3(+)+H+2e(-)
11.42
 5
  2109     1  2112    10     1
    -1    -1     1     1     2
 2
 51
   1.1420E+01   1.0000E-30
   1.3077E+01   1.0323E-17
   1.4975E+01   2.8435E-17
   1.7148E+01   4.8885E-17
   1.9636E+01   6.8286E-17
   2.2485E+01   8.5110E-17
   2.5748E+01   9.8768E-17
   2.9484E+01   1.0917E-16
   3.3763E+01   1.1649E-16
   3.8662E+01   1.2103E-16
   4.4272E+01   1.2318E-16
   5.0697E+01   1.2329E-16
   5.8053E+01   1.2173E-16
   6.6477E+01   1.1884E-16
   7.6124E+01   1.1490E-16
   8.7170E+01   1.1018E-16
   9.9819E+01   1.0490E-16
   1.1430E+02   9.9250E-17
   1.3089E+02   9.3381E-17
   1.4988E+02   8.7426E-17
   1.7163E+02   8.1489E-17
   1.9654E+02   7.5653E-17
   2.2506E+02   6.9983E-17
   2.5771E+02   6.4527E-17
   2.9511E+02   5.9321E-17
   3.3793E+02   5.4388E-17
   3.8697E+02   4.9742E-17
   4.4313E+02   4.5390E-17
   5.0743E+02   4.1334E-17
   5.8106E+02   3.7568E-17
   6.6537E+02   3.4086E-17
   7.6193E+02   3.0877E-17
   8.7249E+02   2.7929E-17
   9.9909E+02   2.5227E-17
   1.1441E+03   2.2758E-17
   1.3101E+03   2.0506E-17
   1.5002E+03   1.8457E-17
   1.7179E+03   1.6595E-17
   1.9672E+03   1.4907E-17
   2.2526E+03   1.3379E-17
   2.5795E+03   1.1998E-17
   2.9538E+03   1.0751E-17
   3.3824E+03   9.6263E-18
   3.8732E+03   8.6135E-18
   4.4353E+03   7.7023E-18
   5.0789E+03   6.8833E-18
   5.8159E+03   6.1478E-18
   6.6598E+03   5.4880E-18
   7.6262E+03   4.8964E-18
   8.7328E+03   4.3665E-18
   1.0000E+04   3.8921E-18
-1
0.0  0.0  0.0
