# Equation:    e(-)+C_3H_8->C_3H_4(+)+2H_2+2e(-)
# Type:         ionization
# Reference:    R. K. Janev and D. Reiter
#               Phys. Plasmas, Vol.11, No.2, February 2004
#
710007
e(-)+C_3H_8->C_3H_4(+)+2H_2+2e(-)
13.39
 5
  2101     1  2110    14     1
    -1    -1     1     2     2
 2
 40
   1.3390E+01   1.0000E-30
   1.7199E+01   3.0816E-19
   1.9492E+01   6.4498E-19
   2.2090E+01   1.2317E-18
   2.5036E+01   2.0990E-18
   2.8374E+01   3.0454E-18
   3.2157E+01   3.9112E-18
   3.6444E+01   4.6173E-18
   4.1303E+01   5.1440E-18
   4.6810E+01   5.5036E-18
   5.3052E+01   5.7212E-18
   6.0125E+01   5.8241E-18
   6.8141E+01   5.8368E-18
   7.7227E+01   5.7800E-18
   8.7523E+01   5.6700E-18
   9.9193E+01   5.5195E-18
   1.1242E+02   5.3386E-18
   1.2741E+02   5.1353E-18
   1.4439E+02   4.9158E-18
   1.6365E+02   4.6853E-18
   1.8546E+02   4.4483E-18
   2.1019E+02   4.2080E-18
   2.3822E+02   3.9677E-18
   2.6998E+02   3.7296E-18
   3.0598E+02   3.4959E-18
   3.4677E+02   3.2681E-18
   3.9301E+02   3.0476E-18
   4.4541E+02   2.8354E-18
   5.0479E+02   2.6323E-18
   5.7209E+02   2.4388E-18
   6.4837E+02   2.2552E-18
   7.3482E+02   2.0817E-18
   8.3279E+02   1.9183E-18
   9.4383E+02   1.7650E-18
   1.0697E+03   1.6215E-18
   1.2123E+03   1.4875E-18
   1.3739E+03   1.3629E-18
   1.5571E+03   1.2471E-18
   1.7647E+03   1.1399E-18
   2.0000E+03   1.0407E-18
-1
0.0  0.0  0.0
