# Equation:    e(-)+C_3H_4->C_3H_4(+)+2e(-)
# Type:         ionization
# Reference:    R. K. Janev and D. Reiter
#               Phys. Plasmas, Vol.11, No.2, February 2004
#
710077
e(-)+C_3H_4->C_3H_4(+)+2e(-)
10.36
 4
  2109     1  2110     1
    -1    -1     1     2
 2
 51
   1.0360E+01   1.0000E-30
   1.1886E+01   6.9752E-18
   1.3638E+01   3.3970E-17
   1.5647E+01   7.4477E-17
   1.7953E+01   1.1967E-16
   2.0598E+01   1.6334E-16
   2.3633E+01   2.0188E-16
   2.7115E+01   2.3354E-16
   3.1110E+01   2.5779E-16
   3.5694E+01   2.7486E-16
   4.0953E+01   2.8535E-16
   4.6987E+01   2.9010E-16
   5.3911E+01   2.8998E-16
   6.1854E+01   2.8587E-16
   7.0967E+01   2.7856E-16
   8.1424E+01   2.6878E-16
   9.3421E+01   2.5717E-16
   1.0719E+02   2.4427E-16
   1.2298E+02   2.3054E-16
   1.4110E+02   2.1636E-16
   1.6189E+02   2.0204E-16
   1.8574E+02   1.8782E-16
   2.1311E+02   1.7391E-16
   2.4451E+02   1.6045E-16
   2.8054E+02   1.4755E-16
   3.2187E+02   1.3529E-16
   3.6929E+02   1.2371E-16
   4.2371E+02   1.1285E-16
   4.8614E+02   1.0271E-16
   5.5776E+02   9.3294E-17
   6.3995E+02   8.4582E-17
   7.3424E+02   7.6552E-17
   8.4242E+02   6.9174E-17
   9.6655E+02   6.2416E-17
   1.1090E+03   5.6243E-17
   1.2724E+03   5.0617E-17
   1.4598E+03   4.5502E-17
   1.6749E+03   4.0860E-17
   1.9217E+03   3.6654E-17
   2.2049E+03   3.2851E-17
   2.5297E+03   2.9417E-17
   2.9025E+03   2.6321E-17
   3.3301E+03   2.3533E-17
   3.8208E+03   2.1025E-17
   4.3837E+03   1.8772E-17
   5.0296E+03   1.6750E-17
   5.7707E+03   1.4936E-17
   6.6210E+03   1.3312E-17
   7.5965E+03   1.1858E-17
   8.7158E+03   1.0557E-17
   1.0000E+04   9.3947E-18
-1
0.0  0.0  0.0
