# Equation:    e(-)+C_3H_3->CH_3(+)+C_2+2e(-)
# Type:         ionization
# Reference:    R. K. Janev and D. Reiter
#               Phys. Plasmas, Vol.11, No.2, February 2004
#
710099
e(-)+C_3H_3->CH_3(+)+C_2+2e(-)
17.23
 5
  2111     1   703    64     1
    -1    -1     1     1     2
 2
 48
   1.7230E+01   1.0000E-30
   1.9569E+01   1.1019E-20
   2.8667E+01   2.3822E-18
   3.6977E+01   9.8960E-18
   4.1996E+01   1.2414E-17
   4.7696E+01   1.2613E-17
   5.4169E+01   1.2276E-17
   6.1522E+01   1.1762E-17
   6.9872E+01   1.1179E-17
   7.9355E+01   1.0569E-17
   9.0126E+01   9.9514E-18
   1.0236E+02   9.3378E-18
   1.1625E+02   8.7355E-18
   1.3203E+02   8.1492E-18
   1.4995E+02   7.5826E-18
   1.7030E+02   7.0382E-18
   1.9342E+02   6.5181E-18
   2.1967E+02   6.0234E-18
   2.4949E+02   5.5550E-18
   2.8335E+02   5.1132E-18
   3.2181E+02   4.6981E-18
   3.6548E+02   4.3094E-18
   4.1509E+02   3.9465E-18
   4.7143E+02   3.6088E-18
   5.3542E+02   3.2953E-18
   6.0809E+02   3.0051E-18
   6.9062E+02   2.7370E-18
   7.8436E+02   2.4899E-18
   8.9082E+02   2.2626E-18
   1.0117E+03   2.0540E-18
   1.1490E+03   1.8627E-18
   1.3050E+03   1.6877E-18
   1.4821E+03   1.5278E-18
   1.6833E+03   1.3820E-18
   1.9118E+03   1.2491E-18
   2.1712E+03   1.1281E-18
   2.4659E+03   1.0182E-18
   2.8006E+03   9.1839E-19
   3.1808E+03   8.2785E-19
   3.6125E+03   7.4580E-19
   4.1028E+03   6.7151E-19
   4.6597E+03   6.0430E-19
   5.2921E+03   5.4355E-19
   6.0104E+03   4.8867E-19
   6.8262E+03   4.3913E-19
   7.7527E+03   3.9445E-19
   8.8049E+03   3.5416E-19
   1.0000E+04   3.1786E-19
-1
0.0  0.0  0.0
