# Equation:    e(-)+C_3H_3->C_2H_3(+)+C+2e(-)
# Type:         ionization
# Reference:    R. K. Janev and D. Reiter
#               Phys. Plasmas, Vol.11, No.2, February 2004
#
710095
e(-)+C_3H_3->C_2H_3(+)+C+2e(-)
16.06
 5
  2111     1   715    60     1
    -1    -1     1     1     2
 2
 50
   1.6060E+01   1.0000E-30
   2.0774E+01   7.6170E-18
   2.3627E+01   1.7801E-17
   2.6871E+01   2.2015E-17
   3.0561E+01   2.3139E-17
   3.4758E+01   2.3091E-17
   3.9531E+01   2.2561E-17
   4.4960E+01   2.1802E-17
   5.1134E+01   2.0917E-17
   5.8156E+01   1.9960E-17
   6.6143E+01   1.8960E-17
   7.5226E+01   1.7938E-17
   8.5556E+01   1.6910E-17
   9.7305E+01   1.5886E-17
   1.1067E+02   1.4877E-17
   1.2587E+02   1.3892E-17
   1.4315E+02   1.2936E-17
   1.6281E+02   1.2014E-17
   1.8517E+02   1.1130E-17
   2.1059E+02   1.0288E-17
   2.3951E+02   9.4885E-18
   2.7241E+02   8.7335E-18
   3.0982E+02   8.0232E-18
   3.5236E+02   7.3573E-18
   4.0075E+02   6.7353E-18
   4.5578E+02   6.1562E-18
   5.1837E+02   5.6184E-18
   5.8956E+02   5.1205E-18
   6.7052E+02   4.6606E-18
   7.6260E+02   4.2367E-18
   8.6733E+02   3.8470E-18
   9.8643E+02   3.4894E-18
   1.1219E+03   3.1617E-18
   1.2760E+03   2.8621E-18
   1.4512E+03   2.5886E-18
   1.6505E+03   2.3392E-18
   1.8771E+03   2.1122E-18
   2.1349E+03   1.9057E-18
   2.4281E+03   1.7183E-18
   2.7615E+03   1.5482E-18
   3.1408E+03   1.3941E-18
   3.5721E+03   1.2545E-18
   4.0626E+03   1.1283E-18
   4.6205E+03   1.0142E-18
   5.2550E+03   9.1123E-19
   5.9767E+03   8.1829E-19
   6.7974E+03   7.3449E-19
   7.7309E+03   6.5897E-19
   8.7926E+03   5.9097E-19
   1.0000E+04   5.2977E-19
-1
0.0  0.0  0.0
