# Equation:    e(-)+C_3H_6->C_2H_4(+)+CH_2+2e(-)
# Type:         ionization
# Reference:    R. K. Janev and D. Reiter
#               Phys. Plasmas, Vol.11, No.2, February 2004
#
710056
e(-)+C_3H_6->C_2H_4(+)+CH_2+2e(-)
14.82
 5
  2105     1   713   704     1
    -1    -1     1     1     2
 2
 50
   1.4820E+01   1.0000E-30
   1.9232E+01   5.9367E-19
   2.1908E+01   1.1503E-17
   2.4956E+01   1.7086E-17
   2.8429E+01   1.5935E-17
   3.2385E+01   1.9381E-17
   3.6892E+01   4.3558E-17
   4.2025E+01   5.2904E-17
   4.7874E+01   5.6469E-17
   5.4535E+01   5.7363E-17
   6.2124E+01   5.6807E-17
   7.0769E+01   5.5376E-17
   8.0617E+01   5.3389E-17
   9.1836E+01   5.1042E-17
   1.0461E+02   4.8469E-17
   1.1917E+02   4.5766E-17
   1.3576E+02   4.3003E-17
   1.5465E+02   4.0236E-17
   1.7617E+02   3.7503E-17
   2.0068E+02   3.4838E-17
   2.2861E+02   3.2262E-17
   2.6042E+02   2.9793E-17
   2.9666E+02   2.7443E-17
   3.3794E+02   2.5219E-17
   3.8497E+02   2.3125E-17
   4.3854E+02   2.1164E-17
   4.9956E+02   1.9333E-17
   5.6908E+02   1.7631E-17
   6.4827E+02   1.6053E-17
   7.3848E+02   1.4596E-17
   8.4124E+02   1.3253E-17
   9.5831E+02   1.2018E-17
   1.0917E+03   1.0886E-17
   1.2436E+03   9.8499E-18
   1.4166E+03   8.9034E-18
   1.6138E+03   8.0402E-18
   1.8383E+03   7.2543E-18
   2.0941E+03   6.5398E-18
   2.3855E+03   5.8910E-18
   2.7175E+03   5.3028E-18
   3.0957E+03   4.7700E-18
   3.5264E+03   4.2880E-18
   4.0172E+03   3.8523E-18
   4.5762E+03   3.4589E-18
   5.2130E+03   3.1039E-18
   5.9384E+03   2.7840E-18
   6.7647E+03   2.4958E-18
   7.7061E+03   2.2364E-18
   8.7784E+03   2.0030E-18
   1.0000E+04   1.7932E-18
-1
0.0  0.0  0.0
