# Equation:    e(-)+C_3H_6->C_2H_2(+)+CH_4+2e(-)
# Type:         ionization
# Reference:    R. K. Janev and D. Reiter
#               Phys. Plasmas, Vol.11, No.2, February 2004
#
710058
e(-)+C_3H_6->C_2H_2(+)+CH_4+2e(-)
12.74
 5
  2105     1   717   700     1
    -1    -1     1     1     2
 2
 50
   1.2740E+01   1.0000E-30
   1.6633E+01   9.2063E-18
   1.9005E+01   2.4165E-17
   2.1715E+01   3.2247E-17
   2.4811E+01   3.6901E-17
   2.8350E+01   3.9767E-17
   3.2393E+01   4.1449E-17
   3.7012E+01   4.2242E-17
   4.2290E+01   4.2334E-17
   4.8321E+01   4.1867E-17
   5.5212E+01   4.0958E-17
   6.3085E+01   3.9702E-17
   7.2082E+01   3.8183E-17
   8.2361E+01   3.6473E-17
   9.4106E+01   3.4629E-17
   1.0753E+02   3.2704E-17
   1.2286E+02   3.0737E-17
   1.4038E+02   2.8764E-17
   1.6040E+02   2.6812E-17
   1.8327E+02   2.4904E-17
   2.0941E+02   2.3057E-17
   2.3927E+02   2.1283E-17
   2.7340E+02   1.9592E-17
   3.1238E+02   1.7990E-17
   3.5693E+02   1.6481E-17
   4.0783E+02   1.5066E-17
   4.6599E+02   1.3746E-17
   5.3244E+02   1.2518E-17
   6.0837E+02   1.1381E-17
   6.9513E+02   1.0332E-17
   7.9426E+02   9.3651E-18
   9.0753E+02   8.4777E-18
   1.0369E+03   7.6648E-18
   1.1848E+03   6.9218E-18
   1.3538E+03   6.2441E-18
   1.5468E+03   5.6271E-18
   1.7674E+03   5.0662E-18
   2.0195E+03   4.5573E-18
   2.3075E+03   4.0961E-18
   2.6365E+03   3.6787E-18
   3.0125E+03   3.3014E-18
   3.4421E+03   2.9608E-18
   3.9330E+03   2.6537E-18
   4.4939E+03   2.3769E-18
   5.1347E+03   2.1278E-18
   5.8670E+03   1.9037E-18
   6.7036E+03   1.7024E-18
   7.6596E+03   1.5216E-18
   8.7519E+03   1.3594E-18
   1.0000E+04   1.2139E-18
-1
0.0  0.0  0.0
