# Equation:    e(-)+C_3H_7->C_2H_2(+)+CH_4+H+2e(-)
# Type:         ionization
# Reference:    R. K. Janev and D. Reiter
#               Phys. Plasmas, Vol.11, No.2, February 2004
#
710044
e(-)+C_3H_7->C_2H_2(+)+CH_4+H+2e(-)
14.32
 6
  2103     1   717   700    10     1
    -1    -1     1     1     1     2
 2
 49
   1.4320E+01   1.0000E-30
   2.1212E+01   9.0738E-18
   2.4181E+01   2.2206E-17
   2.7564E+01   7.6893E-18
   3.1422E+01   1.8521E-17
   3.5819E+01   1.9253E-17
   4.0831E+01   1.7963E-17
   4.6545E+01   1.6978E-17
   5.3058E+01   1.6027E-17
   6.0483E+01   2.0817E-17
   6.8947E+01   1.9841E-17
   7.8596E+01   7.9590E-18
   8.9594E+01   1.0426E-17
   1.0213E+02   1.0285E-17
   1.1642E+02   9.7906E-18
   1.3272E+02   9.2002E-18
   1.5129E+02   8.5855E-18
   1.7246E+02   7.9744E-18
   1.9659E+02   7.3803E-18
   2.2410E+02   6.8101E-18
   2.5546E+02   6.2679E-18
   2.9121E+02   5.7556E-18
   3.3196E+02   5.2743E-18
   3.7842E+02   4.8241E-18
   4.3137E+02   4.4046E-18
   4.9174E+02   4.0150E-18
   5.6055E+02   3.6545E-18
   6.3899E+02   3.3217E-18
   7.2841E+02   3.0153E-18
   8.3034E+02   2.7338E-18
   9.4654E+02   2.4757E-18
   1.0790E+03   2.2397E-18
   1.2300E+03   2.0241E-18
   1.4021E+03   1.8276E-18
   1.5983E+03   1.6487E-18
   1.8220E+03   1.4861E-18
   2.0770E+03   1.3385E-18
   2.3676E+03   1.2046E-18
   2.6989E+03   1.0834E-18
   3.0766E+03   9.7375E-19
   3.5071E+03   8.7465E-19
   3.9979E+03   7.8518E-19
   4.5574E+03   7.0447E-19
   5.1951E+03   6.3172E-19
   5.9221E+03   5.6619E-19
   6.7508E+03   5.0722E-19
   7.6955E+03   4.5419E-19
   8.7724E+03   4.0652E-19
   1.0000E+04   3.6370E-19
-1
0.0  0.0  0.0
