# Equation:    e(-)+C_3H_8->CH_2(+)+C_2H_6+2e(-)
# Type:         ionization
# Reference:    R. K. Janev and D. Reiter
#               Phys. Plasmas, Vol.11, No.2, February 2004
#
710029
e(-)+C_3H_8->CH_2(+)+C_2H_6+2e(-)
16.76
 5
  2101     1   705   708     1
    -1    -1     1     1     2
 2
 39
   1.6760E+01   1.0000E-30
   1.8888E+01   3.8501E-18
   2.7036E+01   1.9729E-19
   3.0470E+01   5.1771E-19
   3.4339E+01   1.0876E-18
   3.8700E+01   1.9701E-18
   4.3614E+01   3.0613E-18
   4.9152E+01   4.1978E-18
   5.5394E+01   5.2339E-18
   6.2428E+01   6.0738E-18
   7.0356E+01   6.6732E-18
   7.9290E+01   7.0285E-18
   8.9359E+01   7.1623E-18
   1.0071E+02   7.1109E-18
   1.1349E+02   6.9149E-18
   1.2791E+02   6.6132E-18
   1.4415E+02   6.2406E-18
   1.6246E+02   5.8254E-18
   1.8308E+02   5.3902E-18
   2.0633E+02   4.9520E-18
   2.3254E+02   4.5230E-18
   2.6206E+02   4.1117E-18
   2.9534E+02   3.7233E-18
   3.3285E+02   3.3611E-18
   3.7512E+02   3.0262E-18
   4.2275E+02   2.7190E-18
   4.7643E+02   2.4388E-18
   5.3694E+02   2.1844E-18
   6.0512E+02   1.9542E-18
   6.8196E+02   1.7467E-18
   7.6856E+02   1.5600E-18
   8.6616E+02   1.3923E-18
   9.7615E+02   1.2420E-18
   1.1001E+03   1.1075E-18
   1.2398E+03   9.8715E-19
   1.3972E+03   8.7963E-19
   1.5747E+03   7.8362E-19
   1.7746E+03   6.9794E-19
   2.0000E+03   6.2152E-19
-1
0.0  0.0  0.0
