# Equation:    e(-)+C_3H_4->C_2H_2(+)+CH_2+2e(-)
# Type:         ionization
# Reference:    R. K. Janev and D. Reiter
#               Phys. Plasmas, Vol.11, No.2, February 2004
#
710083
e(-)+C_3H_4->C_2H_2(+)+CH_2+2e(-)
15.83
 5
  2109     1   717   704     1
    -1    -1     1     1     2
 2
 48
   1.5830E+01   1.0000E-30
   1.8009E+01   5.5829E-20
   2.3308E+01   2.3428E-18
   3.4320E+01   1.5298E-17
   3.9044E+01   2.0912E-17
   4.4419E+01   2.2855E-17
   5.0533E+01   2.3406E-17
   5.7489E+01   2.3288E-17
   6.5403E+01   2.2789E-17
   7.4406E+01   2.2052E-17
   8.4648E+01   2.1159E-17
   9.6300E+01   2.0166E-17
   1.0956E+02   1.9109E-17
   1.2464E+02   1.8019E-17
   1.4179E+02   1.6917E-17
   1.6131E+02   1.5821E-17
   1.8352E+02   1.4745E-17
   2.0878E+02   1.3698E-17
   2.3752E+02   1.2688E-17
   2.7021E+02   1.1721E-17
   3.0741E+02   1.0802E-17
   3.4973E+02   9.9324E-18
   3.9787E+02   9.1138E-18
   4.5264E+02   8.3467E-18
   5.1495E+02   7.6305E-18
   5.8583E+02   6.9644E-18
   6.6647E+02   6.3467E-18
   7.5821E+02   5.7756E-18
   8.6259E+02   5.2490E-18
   9.8133E+02   4.7645E-18
   1.1164E+03   4.3199E-18
   1.2701E+03   3.9125E-18
   1.4449E+03   3.5401E-18
   1.6438E+03   3.2001E-18
   1.8701E+03   2.8903E-18
   2.1275E+03   2.6083E-18
   2.4204E+03   2.3521E-18
   2.7536E+03   2.1195E-18
   3.1326E+03   1.9086E-18
   3.5638E+03   1.7176E-18
   4.0544E+03   1.5447E-18
   4.6125E+03   1.3885E-18
   5.2474E+03   1.2474E-18
   5.9698E+03   1.1201E-18
   6.7915E+03   1.0053E-18
   7.7264E+03   9.0178E-19
   8.7900E+03   8.0860E-19
   1.0000E+04   7.2475E-19
-1
0.0  0.0  0.0
