# Equation:    e(-)+C_3H_5->C_3H(+)+2H_2+2e(-)
# Type:         ionization
# Reference:    R. K. Janev and D. Reiter
#               Phys. Plasmas, Vol.11, No.2, February 2004
#
710067
e(-)+C_3H_5->C_3H(+)+2H_2+2e(-)
15.36
 5
  2107     1  2116    14     1
    -1    -1     1     2     2
 2
 48
   1.5360E+01   1.0000E-30
   1.9904E+01   3.4152E-19
   2.2657E+01   6.4307E-18
   2.9360E+01   7.3515E-18
   3.8045E+01   1.9789E-18
   4.3308E+01   5.4174E-18
   4.9299E+01   5.4249E-18
   5.6119E+01   5.2282E-18
   6.3883E+01   4.9810E-18
   7.2721E+01   4.7163E-18
   8.2781E+01   4.4459E-18
   9.4233E+01   4.1756E-18
   1.0727E+02   3.9089E-18
   1.2211E+02   3.6482E-18
   1.3900E+02   3.3954E-18
   1.5823E+02   3.1519E-18
   1.8012E+02   2.9186E-18
   2.0504E+02   2.6964E-18
   2.3340E+02   2.4857E-18
   2.6569E+02   2.2867E-18
   3.0245E+02   2.0996E-18
   3.4429E+02   1.9243E-18
   3.9192E+02   1.7607E-18
   4.4614E+02   1.6084E-18
   5.0786E+02   1.4671E-18
   5.7811E+02   1.3363E-18
   6.5809E+02   1.2155E-18
   7.4913E+02   1.1043E-18
   8.5276E+02   1.0021E-18
   9.7074E+02   9.0837E-19
   1.1050E+03   8.2256E-19
   1.2579E+03   7.4413E-19
   1.4319E+03   6.7257E-19
   1.6300E+03   6.0736E-19
   1.8555E+03   5.4804E-19
   2.1122E+03   4.9414E-19
   2.4044E+03   4.4521E-19
   2.7370E+03   4.0086E-19
   3.1157E+03   3.6070E-19
   3.5467E+03   3.2436E-19
   4.0373E+03   2.9151E-19
   4.5959E+03   2.6185E-19
   5.2317E+03   2.3508E-19
   5.9554E+03   2.1095E-19
   6.7793E+03   1.8920E-19
   7.7171E+03   1.6962E-19
   8.7847E+03   1.5200E-19
   1.0000E+04   1.3616E-19
-1
0.0  0.0  0.0
