# Equation:    e(-)+C_3H_5->C_2H_5(+)+C+2e(-)
# Type:         ionization
# Reference:    R. K. Janev and D. Reiter
#               Phys. Plasmas, Vol.11, No.2, February 2004
#
710068
e(-)+C_3H_5->C_2H_5(+)+C+2e(-)
14.01
 5
  2107     1   711    60     1
    -1    -1     1     1     2
 2
 49
   1.4010E+01   1.0000E-30
   1.5978E+01   2.8503E-20
   2.0780E+01   4.7885E-18
   2.3699E+01   7.8420E-18
   2.7027E+01   2.5652E-18
   3.5151E+01   6.3589E-18
   4.0087E+01   6.7006E-18
   4.5717E+01   6.5784E-18
   5.2138E+01   6.3443E-18
   5.9460E+01   6.0649E-18
   6.7810E+01   5.7630E-18
   7.7333E+01   5.4497E-18
   8.8193E+01   5.1319E-18
   1.0058E+02   4.8145E-18
   1.1470E+02   4.5012E-18
   1.3081E+02   4.1950E-18
   1.4918E+02   3.8980E-18
   1.7013E+02   3.6122E-18
   1.9403E+02   3.3386E-18
   2.2128E+02   3.0784E-18
   2.5235E+02   2.8321E-18
   2.8779E+02   2.6000E-18
   3.2821E+02   2.3823E-18
   3.7430E+02   2.1788E-18
   4.2686E+02   1.9892E-18
   4.8681E+02   1.8132E-18
   5.5518E+02   1.6503E-18
   6.3315E+02   1.4999E-18
   7.2206E+02   1.3614E-18
   8.2347E+02   1.2342E-18
   9.3911E+02   1.1176E-18
   1.0710E+03   1.0109E-18
   1.2214E+03   9.1344E-19
   1.3929E+03   8.2459E-19
   1.5886E+03   7.4373E-19
   1.8116E+03   6.7022E-19
   2.0661E+03   6.0350E-19
   2.3562E+03   5.4302E-19
   2.6871E+03   4.8825E-19
   3.0645E+03   4.3871E-19
   3.4949E+03   3.9395E-19
   3.9857E+03   3.5355E-19
   4.5454E+03   3.1711E-19
   5.1837E+03   2.8427E-19
   5.9117E+03   2.5470E-19
   6.7420E+03   2.2810E-19
   7.6888E+03   2.0418E-19
   8.7686E+03   1.8269E-19
   1.0000E+04   1.6339E-19
-1
0.0  0.0  0.0
