# Equation:    e(-)+C_3H_8->CH(+)+C_2H_4+H_2+H+2e(-)
# Type:         ionization
# Reference:    R. K. Janev and D. Reiter
#               Phys. Plasmas, Vol.11, No.2, February 2004
#
710034
e(-)+C_3H_8->CH(+)+C_2H_4+H_2+H+2e(-)
18.44
 7
  2101     1   707   712    14    10     1
    -1    -1     1     1     1     1     2
 2
 41
   1.8440E+01   1.0000E-30
   2.0732E+01   4.5651E-17
   2.3309E+01   1.0009E-17
   2.6206E+01   1.3666E-18
   2.9464E+01   1.8977E-20
   3.3126E+01   8.9726E-20
   3.7244E+01   2.3441E-19
   4.1873E+01   3.3656E-19
   4.7078E+01   4.7654E-19
   5.2929E+01   6.8914E-19
   5.9508E+01   9.5326E-19
   6.6905E+01   1.2253E-18
   7.5221E+01   1.4649E-18
   8.4571E+01   1.6457E-18
   9.5083E+01   1.7572E-18
   1.0690E+02   1.8005E-18
   1.2019E+02   1.7845E-18
   1.3513E+02   1.7215E-18
   1.5193E+02   1.6246E-18
   1.7081E+02   1.5058E-18
   1.9204E+02   1.3752E-18
   2.1591E+02   1.2407E-18
   2.4275E+02   1.1083E-18
   2.7292E+02   9.8179E-19
   3.0685E+02   8.6383E-19
   3.4499E+02   7.5579E-19
   3.8787E+02   6.5822E-19
   4.3608E+02   5.7106E-19
   4.9029E+02   4.9390E-19
   5.5123E+02   4.2607E-19
   6.1974E+02   3.6678E-19
   6.9678E+02   3.1518E-19
   7.8339E+02   2.7045E-19
   8.8076E+02   2.3177E-19
   9.9024E+02   1.9841E-19
   1.1133E+03   1.6970E-19
   1.2517E+03   1.4501E-19
   1.4073E+03   1.2381E-19
   1.5822E+03   1.0562E-19
   1.7789E+03   9.0029E-20
   2.0000E+03   7.6672E-20
-1
0.0  0.0  0.0
