# Equation:    e(-)+C_3H_5->C_2H_2(+)+CH_3+2e(-)
# Type:         ionization
# Reference:    R. K. Janev and D. Reiter
#               Phys. Plasmas, Vol.11, No.2, February 2004
#
710071
e(-)+C_3H_5->C_2H_2(+)+CH_3+2e(-)
13.41
 5
  2107     1   717   702     1
    -1    -1     1     1     2
 2
 50
   1.3410E+01   1.0000E-30
   1.7472E+01   7.3825E-18
   1.9943E+01   2.3371E-17
   2.2763E+01   3.2386E-17
   2.5983E+01   3.6338E-17
   2.9658E+01   3.7854E-17
   3.3852E+01   3.8131E-17
   3.8640E+01   3.7690E-17
   4.4105E+01   3.6792E-17
   5.0343E+01   3.5584E-17
   5.7464E+01   3.4161E-17
   6.5591E+01   3.2591E-17
   7.4868E+01   3.0927E-17
   8.5457E+01   2.9207E-17
   9.7544E+01   2.7465E-17
   1.1134E+02   2.5726E-17
   1.2709E+02   2.4012E-17
   1.4506E+02   2.2339E-17
   1.6558E+02   2.0719E-17
   1.8900E+02   1.9163E-17
   2.1573E+02   1.7678E-17
   2.4624E+02   1.6269E-17
   2.8107E+02   1.4939E-17
   3.2082E+02   1.3689E-17
   3.6620E+02   1.2519E-17
   4.1799E+02   1.1428E-17
   4.7711E+02   1.0415E-17
   5.4459E+02   9.4766E-18
   6.2161E+02   8.6102E-18
   7.0953E+02   7.8123E-18
   8.0988E+02   7.0793E-18
   9.2443E+02   6.4074E-18
   1.0552E+03   5.7928E-18
   1.2044E+03   5.2316E-18
   1.3748E+03   4.7202E-18
   1.5692E+03   4.2548E-18
   1.7911E+03   3.8320E-18
   2.0445E+03   3.4484E-18
   2.3336E+03   3.1009E-18
   2.6637E+03   2.7863E-18
   3.0404E+03   2.5020E-18
   3.4705E+03   2.2452E-18
   3.9613E+03   2.0135E-18
   4.5216E+03   1.8047E-18
   5.1611E+03   1.6167E-18
   5.8911E+03   1.4475E-18
   6.7243E+03   1.2954E-18
   7.6753E+03   1.1587E-18
   8.7609E+03   1.0360E-18
   1.0000E+04   9.2586E-19
-1
0.0  0.0  0.0
