# Equation:    e(-)+C_3H_3->C_3H(+)+H_2+2e(-)
# Type:         ionization
# Reference:    R. K. Janev and D. Reiter
#               Phys. Plasmas, Vol.11, No.2, February 2004
#
710094
e(-)+C_3H_3->C_3H(+)+H_2+2e(-)
14.40
 5
  2111     1  2116    14     1
    -1    -1     1     1     2
 2
 51
   1.4400E+01   1.0000E-30
   1.6413E+01   1.2622E-16
   1.8708E+01   1.5474E-16
   2.1324E+01   1.7591E-16
   2.4305E+01   1.9066E-16
   2.7703E+01   2.0005E-16
   3.1576E+01   2.0503E-16
   3.5991E+01   2.0643E-16
   4.1023E+01   2.0494E-16
   4.6758E+01   2.0117E-16
   5.3295E+01   1.9561E-16
   6.0747E+01   1.8870E-16
   6.9240E+01   1.8078E-16
   7.8920E+01   1.7215E-16
   8.9954E+01   1.6307E-16
   1.0253E+02   1.5374E-16
   1.1687E+02   1.4432E-16
   1.3320E+02   1.3496E-16
   1.5183E+02   1.2577E-16
   1.7306E+02   1.1683E-16
   1.9725E+02   1.0820E-16
   2.2483E+02   9.9939E-17
   2.5626E+02   9.2079E-17
   2.9209E+02   8.4643E-17
   3.3293E+02   7.7641E-17
   3.7947E+02   7.1079E-17
   4.3253E+02   6.4952E-17
   4.9300E+02   5.9253E-17
   5.6193E+02   5.3969E-17
   6.4049E+02   4.9084E-17
   7.3004E+02   4.4581E-17
   8.3210E+02   4.0439E-17
   9.4844E+02   3.6638E-17
   1.0810E+03   3.3158E-17
   1.2322E+03   2.9977E-17
   1.4045E+03   2.7076E-17
   1.6008E+03   2.4433E-17
   1.8246E+03   2.2029E-17
   2.0797E+03   1.9845E-17
   2.3705E+03   1.7865E-17
   2.7019E+03   1.6071E-17
   3.0797E+03   1.4447E-17
   3.5102E+03   1.2979E-17
   4.0010E+03   1.1654E-17
   4.5604E+03   1.0457E-17
   5.1980E+03   9.3789E-18
   5.9247E+03   8.4073E-18
   6.7531E+03   7.5328E-18
   7.6972E+03   6.7461E-18
   8.7734E+03   6.0388E-18
   1.0000E+04   5.4035E-18
-1
0.0  0.0  0.0
