# Equation:    e(-)+C_3H_8->CH_3(+)+C_2H_2+H_2+H+2e(-)
# Type:         ionization
# Reference:    R. K. Janev and D. Reiter
#               Phys. Plasmas, Vol.11, No.2, February 2004
#
710028
e(-)+C_3H_8->CH_3(+)+C_2H_2+H_2+H+2e(-)
19.59
 7
  2101     1   703   716    14    10     1
    -1    -1     1     1     1     1     2
 2
 41
   1.9590E+01   1.0000E-30
   2.1992E+01   1.1163E-16
   2.4688E+01   3.1609E-17
   2.7715E+01   6.6103E-18
   3.1112E+01   5.2601E-19
   3.4927E+01   9.1524E-20
   3.9209E+01   8.8651E-19
   4.4016E+01   1.6748E-18
   4.9412E+01   2.2383E-18
   5.5470E+01   2.6156E-18
   6.2271E+01   2.8702E-18
   6.9905E+01   3.0421E-18
   7.8475E+01   3.1496E-18
   8.8096E+01   3.2003E-18
   9.8897E+01   3.1992E-18
   1.1102E+02   3.1517E-18
   1.2463E+02   3.0649E-18
   1.3991E+02   2.9467E-18
   1.5707E+02   2.8053E-18
   1.7632E+02   2.6483E-18
   1.9794E+02   2.4825E-18
   2.2221E+02   2.3135E-18
   2.4945E+02   2.1456E-18
   2.8003E+02   1.9821E-18
   3.1436E+02   1.8251E-18
   3.5290E+02   1.6762E-18
   3.9617E+02   1.5363E-18
   4.4474E+02   1.4058E-18
   4.9927E+02   1.2846E-18
   5.6047E+02   1.1726E-18
   6.2919E+02   1.0695E-18
   7.0633E+02   9.7476E-19
   7.9292E+02   8.8791E-19
   8.9013E+02   8.0840E-19
   9.9926E+02   7.3571E-19
   1.1218E+03   6.6931E-19
   1.2593E+03   6.0870E-19
   1.4137E+03   5.5342E-19
   1.5870E+03   5.0301E-19
   1.7816E+03   4.5707E-19
   2.0000E+03   4.1522E-19
-1
0.0  0.0  0.0
