# Equation:    e(-)+C_3H_8->CH_3(+)+C_2H_5+2e(-)
# Type:         ionization
# Reference:    R. K. Janev and D. Reiter
#               Phys. Plasmas, Vol.11, No.2, February 2004
#
710025
e(-)+C_3H_8->CH_3(+)+C_2H_5+2e(-)
13.58
 5
  2101     1   703   710     1
    -1    -1     1     1     2
 2
 40
   1.3580E+01   1.0000E-30
   1.5385E+01   9.4616E-16
   1.7430E+01   2.4546E-16
   1.9747E+01   4.6622E-17
   2.2372E+01   2.4764E-18
   2.8716E+01   1.8165E-18
   3.2533E+01   4.9046E-18
   3.6857E+01   7.2014E-18
   4.1757E+01   9.1471E-18
   4.7308E+01   1.0973E-17
   5.3596E+01   1.2653E-17
   6.0721E+01   1.4061E-17
   6.8793E+01   1.5090E-17
   7.7937E+01   1.5688E-17
   8.8298E+01   1.5865E-17
   1.0003E+02   1.5672E-17
   1.1333E+02   1.5180E-17
   1.2840E+02   1.4468E-17
   1.4547E+02   1.3607E-17
   1.6480E+02   1.2659E-17
   1.8671E+02   1.1674E-17
   2.1153E+02   1.0689E-17
   2.3965E+02   9.7316E-18
   2.7151E+02   8.8191E-18
   3.0760E+02   7.9629E-18
   3.4849E+02   7.1687E-18
   3.9481E+02   6.4388E-18
   4.4729E+02   5.7726E-18
   5.0675E+02   5.1678E-18
   5.7411E+02   4.6210E-18
   6.5043E+02   4.1284E-18
   7.3689E+02   3.6857E-18
   8.3485E+02   3.2886E-18
   9.4582E+02   2.9331E-18
   1.0716E+03   2.6150E-18
   1.2140E+03   2.3308E-18
   1.3754E+03   2.0770E-18
   1.5582E+03   1.8506E-18
   1.7653E+03   1.6485E-18
   2.0000E+03   1.4684E-18
-1
0.0  0.0  0.0
