# Equation:    e(-)+C_3H_6->CH_4(+)+C_2H_2+2e(-)
# Type:         ionization
# Reference:    R. K. Janev and D. Reiter
#               Phys. Plasmas, Vol.11, No.2, February 2004
#
710059
e(-)+C_3H_6->CH_4(+)+C_2H_2+2e(-)
14.04
 5
  2105     1   701   716     1
    -1    -1     1     1     2
 2
 49
   1.4040E+01   1.0000E-30
   1.6011E+01   3.4629E-19
   2.3745E+01   9.8046E-18
   2.7079E+01   1.8221E-17
   3.0880E+01   2.0619E-17
   3.5216E+01   2.1481E-17
   4.0160E+01   2.1686E-17
   4.5797E+01   2.1509E-17
   5.2227E+01   2.1074E-17
   5.9559E+01   2.0452E-17
   6.7920E+01   1.9695E-17
   7.7455E+01   1.8839E-17
   8.8329E+01   1.7915E-17
   1.0073E+02   1.6948E-17
   1.1487E+02   1.5960E-17
   1.3100E+02   1.4966E-17
   1.4939E+02   1.3980E-17
   1.7036E+02   1.3014E-17
   1.9428E+02   1.2076E-17
   2.2155E+02   1.1173E-17
   2.5265E+02   1.0310E-17
   2.8812E+02   9.4892E-18
   3.2857E+02   8.7139E-18
   3.7470E+02   7.9850E-18
   4.2730E+02   7.3026E-18
   4.8729E+02   6.6664E-18
   5.5570E+02   6.0753E-18
   6.3372E+02   5.5280E-18
   7.2268E+02   5.0226E-18
   8.2414E+02   4.5572E-18
   9.3984E+02   4.1297E-18
   1.0718E+03   3.7379E-18
   1.2222E+03   3.3796E-18
   1.3938E+03   3.0525E-18
   1.5895E+03   2.7544E-18
   1.8127E+03   2.4832E-18
   2.0671E+03   2.2368E-18
   2.3573E+03   2.0133E-18
   2.6883E+03   1.8107E-18
   3.0657E+03   1.6274E-18
   3.4961E+03   1.4617E-18
   3.9869E+03   1.3121E-18
   4.5466E+03   1.1771E-18
   5.1849E+03   1.0553E-18
   5.9127E+03   9.4571E-19
   6.7428E+03   8.4705E-19
   7.6894E+03   7.5832E-19
   8.7689E+03   6.7857E-19
   1.0000E+04   6.0695E-19
-1
0.0  0.0  0.0
