# Equation:    e(-)+C_3H_3->C_2H(+)+CH_2+2e(-)
# Type:         ionization
# Reference:    R. K. Janev and D. Reiter
#               Phys. Plasmas, Vol.11, No.2, February 2004
#
710097
e(-)+C_3H_3->C_2H(+)+CH_2+2e(-)
17.83
 5
  2111     1   719   704     1
    -1    -1     1     1     2
 2
 49
   1.7830E+01   1.0000E-30
   2.2967E+01   3.2366E-19
   2.9584E+01   3.7342E-18
   3.3577E+01   1.2863E-18
   3.8108E+01   2.3758E-18
   4.3250E+01   1.1851E-17
   4.9087E+01   1.3078E-17
   5.5711E+01   1.2985E-17
   6.3230E+01   1.2527E-17
   7.1763E+01   1.1939E-17
   8.1447E+01   1.1300E-17
   9.2438E+01   1.0645E-17
   1.0491E+02   9.9897E-18
   1.1907E+02   9.3453E-18
   1.3514E+02   8.7177E-18
   1.5338E+02   8.1111E-18
   1.7408E+02   7.5286E-18
   1.9757E+02   6.9723E-18
   2.2423E+02   6.4434E-18
   2.5449E+02   5.9429E-18
   2.8883E+02   5.4710E-18
   3.2781E+02   5.0276E-18
   3.7205E+02   4.6126E-18
   4.2226E+02   4.2252E-18
   4.7924E+02   3.8647E-18
   5.4391E+02   3.5300E-18
   6.1731E+02   3.2202E-18
   7.0062E+02   2.9339E-18
   7.9517E+02   2.6701E-18
   9.0248E+02   2.4273E-18
   1.0243E+03   2.2043E-18
   1.1625E+03   1.9999E-18
   1.3194E+03   1.8129E-18
   1.4974E+03   1.6419E-18
   1.6995E+03   1.4858E-18
   1.9289E+03   1.3436E-18
   2.1892E+03   1.2141E-18
   2.4846E+03   1.0964E-18
   2.8199E+03   9.8941E-19
   3.2004E+03   8.9234E-19
   3.6323E+03   8.0433E-19
   4.1225E+03   7.2460E-19
   4.6788E+03   6.5244E-19
   5.3103E+03   5.8717E-19
   6.0269E+03   5.2818E-19
   6.8402E+03   4.7491E-19
   7.7633E+03   4.2682E-19
   8.8110E+03   3.8345E-19
   1.0000E+04   3.4435E-19
-1
0.0  0.0  0.0
