# Equation:    e(-)+C_3H_7->CH_2(+)+C_2H_5+2e(-)
# Type:         ionization
# Reference:    R. K. Janev and D. Reiter
#               Phys. Plasmas, Vol.11, No.2, February 2004
#
710048
e(-)+C_3H_7->CH_2(+)+C_2H_5+2e(-)
14.70
 5
  2103     1   705   710     1
    -1    -1     1     1     2
 2
 48
   1.4700E+01   1.0000E-30
   1.6748E+01   4.5689E-20
   2.1741E+01   3.1095E-18
   2.4770E+01   3.6347E-17
   3.2154E+01   3.0908E-17
   3.6635E+01   2.8423E-17
   4.1739E+01   2.6473E-17
   4.7555E+01   2.4880E-17
   5.4182E+01   2.3291E-17
   6.1732E+01   2.2674E-17
   7.0333E+01   2.0797E-17
   8.0134E+01   2.3161E-17
   9.1300E+01   2.4303E-17
   1.1852E+02   1.1839E-17
   1.3503E+02   1.2364E-17
   1.5384E+02   1.1925E-17
   1.7528E+02   1.1244E-17
   1.9971E+02   1.0493E-17
   2.2753E+02   9.7325E-18
   2.5924E+02   8.9882E-18
   2.9536E+02   8.2737E-18
   3.3652E+02   7.5954E-18
   3.8341E+02   6.9568E-18
   4.3683E+02   6.3589E-18
   4.9770E+02   5.8020E-18
   5.6705E+02   5.2852E-18
   6.4606E+02   4.8072E-18
   7.3608E+02   4.3664E-18
   8.3865E+02   3.9611E-18
   9.5551E+02   3.5891E-18
   1.0886E+03   3.2486E-18
   1.2403E+03   2.9373E-18
   1.4132E+03   2.6534E-18
   1.6101E+03   2.3947E-18
   1.8344E+03   2.1595E-18
   2.0900E+03   1.9458E-18
   2.3813E+03   1.7520E-18
   2.7131E+03   1.5764E-18
   3.0911E+03   1.4175E-18
   3.5218E+03   1.2738E-18
   4.0126E+03   1.1440E-18
   4.5717E+03   1.0268E-18
   5.2087E+03   9.2120E-19
   5.9345E+03   8.2601E-19
   6.7614E+03   7.4031E-19
   7.7036E+03   6.6320E-19
   8.7770E+03   5.9386E-19
   1.0000E+04   5.3155E-19
-1
0.0  0.0  0.0
