# Equation:    e(-)+C_3H_8->C_2H_3(+)+CH_3+H_2+2e(-)
# Type:         ionization
# Reference:    R. K. Janev and D. Reiter
#               Phys. Plasmas, Vol.11, No.2, February 2004
#
710018
e(-)+C_3H_8->C_2H_3(+)+CH_3+H_2+2e(-)
13.88
 6
  2101     1   715   702    14     1
    -1    -1     1     1     1     2
 2
 37
   1.3880E+01   1.0000E-30
   2.5836E+01   9.9891E-18
   2.9254E+01   2.9015E-17
   3.3125E+01   4.2247E-17
   3.7507E+01   5.2186E-17
   4.2470E+01   6.0038E-17
   4.8089E+01   6.6294E-17
   5.4452E+01   7.1127E-17
   6.1657E+01   7.4608E-17
   6.9815E+01   7.6801E-17
   7.9052E+01   7.7804E-17
   8.9512E+01   7.7743E-17
   1.0136E+02   7.6765E-17
   1.1477E+02   7.5025E-17
   1.2995E+02   7.2675E-17
   1.4714E+02   6.9858E-17
   1.6661E+02   6.6700E-17
   1.8866E+02   6.3312E-17
   2.1362E+02   5.9788E-17
   2.4188E+02   5.6206E-17
   2.7389E+02   5.2628E-17
   3.1013E+02   4.9104E-17
   3.5116E+02   4.5672E-17
   3.9762E+02   4.2361E-17
   4.5023E+02   3.9191E-17
   5.0980E+02   3.6175E-17
   5.7726E+02   3.3323E-17
   6.5364E+02   3.0638E-17
   7.4012E+02   2.8122E-17
   8.3805E+02   2.5772E-17
   9.4893E+02   2.3585E-17
   1.0745E+03   2.1555E-17
   1.2167E+03   1.9675E-17
   1.3776E+03   1.7939E-17
   1.5599E+03   1.6340E-17
   1.7663E+03   1.4868E-17
   2.0000E+03   1.3516E-17
-1
0.0  0.0  0.0
