# Equation:    e(-)+C_3H_8->C_3H_7(+)+H+2e(-)
# Type:         ionization
# Reference:    R. K. Janev and D. Reiter
#               Phys. Plasmas, Vol.11, No.2, February 2004
#
710003
e(-)+C_3H_8->C_3H_7(+)+H+2e(-)
11.84
 5
  2101     1  2104    10     1
    -1    -1     1     1     2
 2
 41
   1.1840E+01   1.0000E-30
   1.3460E+01   5.7100E-18
   1.5302E+01   1.2775E-18
   1.7395E+01   1.0371E-17
   1.9775E+01   1.9326E-17
   2.2481E+01   2.6004E-17
   2.5557E+01   3.0819E-17
   2.9053E+01   3.4375E-17
   3.3028E+01   3.7056E-17
   3.7547E+01   3.9072E-17
   4.2685E+01   4.0548E-17
   4.8525E+01   4.1572E-17
   5.5164E+01   4.2215E-17
   6.2711E+01   4.2531E-17
   7.1292E+01   4.2568E-17
   8.1046E+01   4.2358E-17
   9.2135E+01   4.1930E-17
   1.0474E+02   4.1303E-17
   1.1907E+02   4.0495E-17
   1.3536E+02   3.9523E-17
   1.5388E+02   3.8405E-17
   1.7494E+02   3.7157E-17
   1.9887E+02   3.5800E-17
   2.2608E+02   3.4352E-17
   2.5702E+02   3.2833E-17
   2.9218E+02   3.1264E-17
   3.3216E+02   2.9663E-17
   3.7760E+02   2.8047E-17
   4.2927E+02   2.6434E-17
   4.8800E+02   2.4836E-17
   5.5477E+02   2.3267E-17
   6.3067E+02   2.1738E-17
   7.1696E+02   2.0256E-17
   8.1505E+02   1.8830E-17
   9.2657E+02   1.7464E-17
   1.0533E+03   1.6162E-17
   1.1975E+03   1.4927E-17
   1.3613E+03   1.3761E-17
   1.5476E+03   1.2662E-17
   1.7593E+03   1.1632E-17
   2.0000E+03   1.0669E-17
-1
0.0  0.0  0.0
