# Equation:    e(-)+C_3H_3->C_3H_2(+)+H+2e(-)
# Type:         ionization
# Reference:    R. K. Janev and D. Reiter
#               Phys. Plasmas, Vol.11, No.2, February 2004
#
710093
e(-)+C_3H_3->C_3H_2(+)+H+2e(-)
15.39
 5
  2111     1  2114    10     1
    -1    -1     1     1     2
 2
 51
   1.5390E+01   1.0000E-30
   1.7518E+01   2.9451E-17
   1.9941E+01   5.3014E-17
   2.2699E+01   6.9378E-17
   2.5838E+01   7.8862E-17
   2.9411E+01   8.3717E-17
   3.3479E+01   8.5634E-17
   3.8109E+01   8.5637E-17
   4.3379E+01   8.4348E-17
   4.9378E+01   8.2161E-17
   5.6207E+01   7.9340E-17
   6.3980E+01   7.6078E-17
   7.2828E+01   7.2515E-17
   8.2900E+01   6.8762E-17
   9.4365E+01   6.4906E-17
   1.0742E+02   6.1015E-17
   1.2227E+02   5.7145E-17
   1.3918E+02   5.3339E-17
   1.5843E+02   4.9632E-17
   1.8034E+02   4.6051E-17
   2.0528E+02   4.2615E-17
   2.3367E+02   3.9339E-17
   2.6598E+02   3.6232E-17
   3.0277E+02   3.3300E-17
   3.4464E+02   3.0545E-17
   3.9230E+02   2.7967E-17
   4.4655E+02   2.5563E-17
   5.0831E+02   2.3328E-17
   5.7861E+02   2.1257E-17
   6.5863E+02   1.9343E-17
   7.4971E+02   1.7579E-17
   8.5340E+02   1.5956E-17
   9.7142E+02   1.4467E-17
   1.1058E+03   1.3103E-17
   1.2587E+03   1.1856E-17
   1.4328E+03   1.0717E-17
   1.6309E+03   9.6793E-18
   1.8564E+03   8.7350E-18
   2.1132E+03   7.8766E-18
   2.4054E+03   7.0974E-18
   2.7381E+03   6.3910E-18
   3.1168E+03   5.7510E-18
   3.5478E+03   5.1720E-18
   4.0384E+03   4.6486E-18
   4.5969E+03   4.1758E-18
   5.2327E+03   3.7492E-18
   5.9563E+03   3.3645E-18
   6.7801E+03   3.0178E-18
   7.7177E+03   2.7056E-18
   8.7851E+03   2.4247E-18
   1.0000E+04   2.1720E-18
-1
0.0  0.0  0.0
