# Equation:    e(-)+C_3H_4->C(+)+C_2H_4+2e(-)
# Type:         ionization
# Reference:    R. K. Janev and D. Reiter
#               Phys. Plasmas, Vol.11, No.2, February 2004
#
710090
e(-)+C_3H_4->C(+)+C_2H_4+2e(-)
17.32
 5
  2109     1    61   712     1
    -1    -1     1     1     2
 2
 48
   1.7320E+01   1.0000E-30
   2.2336E+01   1.6802E-19
   3.2711E+01   5.2908E-18
   3.7147E+01   1.3567E-18
   4.2184E+01   3.9885E-18
   4.7905E+01   9.5475E-18
   5.4401E+01   3.8357E-18
   6.1779E+01   4.3244E-18
   7.0156E+01   4.2533E-18
   7.9670E+01   4.0942E-18
   9.0474E+01   3.9041E-18
   1.0274E+02   3.7000E-18
   1.1668E+02   3.4899E-18
   1.3250E+02   3.2783E-18
   1.5047E+02   3.0686E-18
   1.7087E+02   2.8630E-18
   1.9404E+02   2.6632E-18
   2.2036E+02   2.4707E-18
   2.5024E+02   2.2863E-18
   2.8418E+02   2.1107E-18
   3.2271E+02   1.9445E-18
   3.6648E+02   1.7877E-18
   4.1617E+02   1.6405E-18
   4.7261E+02   1.5028E-18
   5.3670E+02   1.3744E-18
   6.0948E+02   1.2551E-18
   6.9213E+02   1.1445E-18
   7.8599E+02   1.0424E-18
   8.9258E+02   9.4813E-19
   1.0136E+03   8.6143E-19
   1.1511E+03   7.8182E-19
   1.3072E+03   7.0887E-19
   1.4844E+03   6.4211E-19
   1.6858E+03   5.8113E-19
   1.9144E+03   5.2551E-19
   2.1740E+03   4.7484E-19
   2.4688E+03   4.2875E-19
   2.8036E+03   3.8686E-19
   3.1837E+03   3.4884E-19
   3.6155E+03   3.1436E-19
   4.1058E+03   2.8313E-19
   4.6626E+03   2.5486E-19
   5.2949E+03   2.2929E-19
   6.0129E+03   2.0618E-19
   6.8283E+03   1.8532E-19
   7.7543E+03   1.6649E-19
   8.8058E+03   1.4952E-19
   1.0000E+04   1.3422E-19
-1
0.0  0.0  0.0
