# Equation:    e(-)+C_3H_4->C_2H_4(+)+C+2e(-)
# Type:         ionization
# Reference:    R. K. Janev and D. Reiter
#               Phys. Plasmas, Vol.11, No.2, February 2004
#
710081
e(-)+C_3H_4->C_2H_4(+)+C+2e(-)
16.56
 5
  2109     1   713    60     1
    -1    -1     1     1     2
 2
 50
   1.6560E+01   1.0000E-30
   2.1394E+01   2.7114E-20
   2.4317E+01   4.4905E-19
   2.7640E+01   3.6591E-19
   3.1416E+01   6.9327E-18
   3.5709E+01   7.0474E-18
   4.0587E+01   2.4773E-17
   4.6133E+01   5.8758E-18
   5.2436E+01   6.9651E-18
   5.9600E+01   7.0068E-18
   6.7743E+01   6.8368E-18
   7.6999E+01   6.5839E-18
   8.7519E+01   6.2890E-18
   9.9477E+01   5.9708E-18
   1.1307E+02   5.6404E-18
   1.2852E+02   5.3052E-18
   1.4608E+02   4.9709E-18
   1.6603E+02   4.6416E-18
   1.8872E+02   4.3204E-18
   2.1450E+02   4.0098E-18
   2.4381E+02   3.7116E-18
   2.7712E+02   3.4272E-18
   3.1499E+02   3.1574E-18
   3.5802E+02   2.9027E-18
   4.0694E+02   2.6633E-18
   4.6254E+02   2.4393E-18
   5.2574E+02   2.2303E-18
   5.9757E+02   2.0360E-18
   6.7921E+02   1.8560E-18
   7.7201E+02   1.6896E-18
   8.7749E+02   1.5362E-18
   9.9738E+02   1.3950E-18
   1.1337E+03   1.2654E-18
   1.2885E+03   1.1467E-18
   1.4646E+03   1.0381E-18
   1.6647E+03   9.3898E-19
   1.8922E+03   8.4858E-19
   2.1507E+03   7.6628E-19
   2.4445E+03   6.9144E-19
   2.7785E+03   6.2347E-19
   3.1581E+03   5.6181E-19
   3.5896E+03   5.0593E-19
   4.0801E+03   4.5535E-19
   4.6375E+03   4.0959E-19
   5.2712E+03   3.6823E-19
   5.9914E+03   3.3088E-19
   6.8099E+03   2.9718E-19
   7.7404E+03   2.6679E-19
   8.7979E+03   2.3941E-19
   1.0000E+04   2.1474E-19
-1
0.0  0.0  0.0
