# Equation:    e(-)+C_3H_6->C_3H_4(+)+H_2+2e(-)
# Type:         ionization
# Reference:    R. K. Janev and D. Reiter
#               Phys. Plasmas, Vol.11, No.2, February 2004
#
710052
e(-)+C_3H_6->C_3H_4(+)+H_2+2e(-)
12.07
 5
  2105     1  2110    14     1
    -1    -1     1     1     2
 2
 51
   1.2070E+01   1.0000E-30
   1.3806E+01   2.1296E-17
   1.5792E+01   4.8418E-17
   1.8064E+01   7.1424E-17
   2.0662E+01   8.9786E-17
   2.3634E+01   1.0396E-16
   2.7034E+01   1.1439E-16
   3.0922E+01   1.2154E-16
   3.5370E+01   1.2585E-16
   4.0458E+01   1.2774E-16
   4.6277E+01   1.2762E-16
   5.2934E+01   1.2587E-16
   6.0548E+01   1.2280E-16
   6.9257E+01   1.1872E-16
   7.9219E+01   1.1388E-16
   9.0614E+01   1.0849E-16
   1.0365E+02   1.0273E-16
   1.1856E+02   9.6762E-17
   1.3561E+02   9.0704E-17
   1.5512E+02   8.4661E-17
   1.7743E+02   7.8714E-17
   2.0295E+02   7.2928E-17
   2.3214E+02   6.7352E-17
   2.6554E+02   6.2020E-17
   3.0373E+02   5.6958E-17
   3.4742E+02   5.2181E-17
   3.9739E+02   4.7697E-17
   4.5455E+02   4.3509E-17
   5.1994E+02   3.9612E-17
   5.9473E+02   3.6001E-17
   6.8027E+02   3.2667E-17
   7.7812E+02   2.9596E-17
   8.9005E+02   2.6777E-17
   1.0181E+03   2.4195E-17
   1.1645E+03   2.1836E-17
   1.3320E+03   1.9685E-17
   1.5236E+03   1.7727E-17
   1.7428E+03   1.5949E-17
   1.9935E+03   1.4336E-17
   2.2802E+03   1.2875E-17
   2.6082E+03   1.1554E-17
   2.9834E+03   1.0361E-17
   3.4125E+03   9.2841E-18
   3.9034E+03   8.3139E-18
   4.4648E+03   7.4405E-18
   5.1071E+03   6.6549E-18
   5.8417E+03   5.9489E-18
   6.6819E+03   5.3150E-18
   7.6431E+03   4.7463E-18
   8.7425E+03   4.2364E-18
   1.0000E+04   3.7796E-18
-1
0.0  0.0  0.0
