# Equation:    e(-)+C_3H_8->C_2H_5(+)+CH_2+H+2e(-)
# Type:         ionization
# Reference:    R. K. Janev and D. Reiter
#               Phys. Plasmas, Vol.11, No.2, February 2004
#
710012
e(-)+C_3H_8->C_2H_5(+)+CH_2+H+2e(-)
16.71
 6
  2101     1   711   704    10     1
    -1    -1     1     1     1     2
 2
 41
   1.6710E+01   1.0000E-30
   1.8833E+01   1.7303E-17
   2.1227E+01   2.6354E-17
   2.3924E+01   3.4705E-17
   2.6964E+01   4.1587E-17
   3.0390E+01   4.6968E-17
   3.4252E+01   5.1120E-17
   3.8604E+01   5.4356E-17
   4.3510E+01   5.6911E-17
   4.9039E+01   5.8926E-17
   5.5270E+01   6.0469E-17
   6.2293E+01   6.1561E-17
   7.0209E+01   6.2205E-17
   7.9130E+01   6.2403E-17
   8.9186E+01   6.2163E-17
   1.0052E+02   6.1506E-17
   1.1329E+02   6.0463E-17
   1.2769E+02   5.9076E-17
   1.4391E+02   5.7390E-17
   1.6220E+02   5.5454E-17
   1.8281E+02   5.3318E-17
   2.0604E+02   5.1030E-17
   2.3222E+02   4.8634E-17
   2.6173E+02   4.6171E-17
   2.9499E+02   4.3676E-17
   3.3248E+02   4.1180E-17
   3.7472E+02   3.8710E-17
   4.2234E+02   3.6286E-17
   4.7601E+02   3.3927E-17
   5.3649E+02   3.1647E-17
   6.0467E+02   2.9455E-17
   6.8150E+02   2.7360E-17
   7.6810E+02   2.5366E-17
   8.6571E+02   2.3477E-17
   9.7571E+02   2.1693E-17
   1.0997E+03   2.0014E-17
   1.2394E+03   1.8440E-17
   1.3969E+03   1.6967E-17
   1.5744E+03   1.5592E-17
   1.7745E+03   1.4312E-17
   2.0000E+03   1.3123E-17
-1
0.0  0.0  0.0
