# Equation:    e(-)+C_3H_8->C_3H_6(+)+2H+2e(-)
# Type:         ionization
# Reference:    R. K. Janev and D. Reiter
#               Phys. Plasmas, Vol.11, No.2, February 2004
#
710005
e(-)+C_3H_8->C_3H_6(+)+2H+2e(-)
15.59
 5
  2101     1  2106    10     1
    -1    -1     1     2     2
 2
 40
   1.5590E+01   1.0000E-30
   1.9873E+01   4.9037E-19
   2.2437E+01   1.0180E-18
   2.5332E+01   1.4500E-18
   2.8600E+01   1.7753E-18
   3.2290E+01   2.0022E-18
   3.6457E+01   2.1548E-18
   4.1161E+01   2.2590E-18
   4.6472E+01   2.3338E-18
   5.2468E+01   2.3906E-18
   5.9237E+01   2.4339E-18
   6.6881E+01   2.4643E-18
   7.5510E+01   2.4805E-18
   8.5253E+01   2.4810E-18
   9.6253E+01   2.4647E-18
   1.0867E+02   2.4316E-18
   1.2269E+02   2.3825E-18
   1.3853E+02   2.3187E-18
   1.5640E+02   2.2423E-18
   1.7658E+02   2.1555E-18
   1.9936E+02   2.0606E-18
   2.2509E+02   1.9599E-18
   2.5413E+02   1.8555E-18
   2.8692E+02   1.7493E-18
   3.2394E+02   1.6428E-18
   3.6573E+02   1.5375E-18
   4.1292E+02   1.4344E-18
   4.6620E+02   1.3344E-18
   5.2636E+02   1.2382E-18
   5.9427E+02   1.1462E-18
   6.7095E+02   1.0588E-18
   7.5752E+02   9.7618E-19
   8.5526E+02   8.9841E-19
   9.6561E+02   8.2549E-19
   1.0902E+03   7.5737E-19
   1.2309E+03   6.9392E-19
   1.3897E+03   6.3499E-19
   1.5690E+03   5.8039E-19
   1.7714E+03   5.2991E-19
   2.0000E+03   4.8334E-19
-1
0.0  0.0  0.0
