# Equation:    e(-)+C_3H_8->CH(+)+C_2H_6+H+2e(-)
# Type:         ionization
# Reference:    R. K. Janev and D. Reiter
#               Phys. Plasmas, Vol.11, No.2, February 2004
#
710032
e(-)+C_3H_8->CH(+)+C_2H_6+H+2e(-)
19.29
 6
  2101     1   707   708    10     1
    -1    -1     1     1     1     2
 2
 40
   1.9290E+01   1.0000E-30
   2.1663E+01   2.6736E-17
   2.4329E+01   5.2352E-18
   2.7322E+01   5.1679E-19
   3.4458E+01   1.4596E-19
   3.8698E+01   2.6859E-19
   4.3459E+01   3.7382E-19
   4.8806E+01   5.3440E-19
   5.4811E+01   7.6432E-19
   6.1554E+01   1.0329E-18
   6.9127E+01   1.2968E-18
   7.7632E+01   1.5200E-18
   8.7183E+01   1.6815E-18
   9.7910E+01   1.7742E-18
   1.0996E+02   1.8016E-18
   1.2348E+02   1.7736E-18
   1.3868E+02   1.7025E-18
   1.5574E+02   1.6009E-18
   1.7490E+02   1.4801E-18
   1.9642E+02   1.3494E-18
   2.2058E+02   1.2162E-18
   2.4772E+02   1.0859E-18
   2.7820E+02   9.6187E-19
   3.1243E+02   8.4654E-19
   3.5087E+02   7.4107E-19
   3.9404E+02   6.4588E-19
   4.4252E+02   5.6088E-19
   4.9696E+02   4.8561E-19
   5.5810E+02   4.1941E-19
   6.2677E+02   3.6149E-19
   7.0388E+02   3.1105E-19
   7.9048E+02   2.6726E-19
   8.8773E+02   2.2937E-19
   9.9695E+02   1.9664E-19
   1.1196E+03   1.6842E-19
   1.2574E+03   1.4413E-19
   1.4121E+03   1.2324E-19
   1.5858E+03   1.0530E-19
   1.7809E+03   8.9891E-20
   2.0000E+03   7.6672E-20
-1
0.0  0.0  0.0
