# Equation:    e(-)+C_3H_8->C_3H_5(+)+H_2+H+2e(-)
# Type:         ionization
# Reference:    R. K. Janev and D. Reiter
#               Phys. Plasmas, Vol.11, No.2, February 2004
#
710006
e(-)+C_3H_8->C_3H_5(+)+H_2+H+2e(-)
13.28
 6
  2101     1  2108    14    10     1
    -1    -1     1     1     1     2
 2
 40
   1.3280E+01   1.0000E-30
   1.7064E+01   1.9232E-18
   1.9344E+01   4.9909E-18
   2.1927E+01   9.2199E-18
   2.4856E+01   1.3900E-17
   2.8176E+01   1.8336E-17
   3.1939E+01   2.2127E-17
   3.6205E+01   2.5133E-17
   4.1040E+01   2.7371E-17
   4.6522E+01   2.8935E-17
   5.2735E+01   2.9938E-17
   5.9779E+01   3.0487E-17
   6.7763E+01   3.0674E-17
   7.6814E+01   3.0571E-17
   8.7073E+01   3.0233E-17
   9.8703E+01   2.9703E-17
   1.1189E+02   2.9016E-17
   1.2683E+02   2.8199E-17
   1.4377E+02   2.7276E-17
   1.6297E+02   2.6268E-17
   1.8474E+02   2.5194E-17
   2.0941E+02   2.4070E-17
   2.3738E+02   2.2913E-17
   2.6909E+02   2.1736E-17
   3.0503E+02   2.0553E-17
   3.4577E+02   1.9374E-17
   3.9195E+02   1.8210E-17
   4.4430E+02   1.7069E-17
   5.0365E+02   1.5958E-17
   5.7092E+02   1.4883E-17
   6.4717E+02   1.3849E-17
   7.3361E+02   1.2859E-17
   8.3159E+02   1.1916E-17
   9.4266E+02   1.1021E-17
   1.0686E+03   1.0175E-17
   1.2113E+03   9.3776E-18
   1.3731E+03   8.6293E-18
   1.5565E+03   7.9289E-18
   1.7643E+03   7.2750E-18
   2.0000E+03   6.6662E-18
-1
0.0  0.0  0.0
