# Equation:    e(-)+C_3H_4->C_2H(+)+CH_3+2e(-)
# Type:         ionization
# Reference:    R. K. Janev and D. Reiter
#               Phys. Plasmas, Vol.11, No.2, February 2004
#
710084
e(-)+C_3H_4->C_2H(+)+CH_3+2e(-)
16.06
 5
  2109     1   719   702     1
    -1    -1     1     1     2
 2
 47
   1.6060E+01   1.0000E-30
   2.0774E+01   2.0451E-19
   2.6871E+01   8.6630E-18
   3.9531E+01   8.5945E-18
   4.4960E+01   1.2912E-17
   5.1134E+01   1.3780E-17
   5.8156E+01   1.3827E-17
   6.6143E+01   1.3548E-17
   7.5226E+01   1.3101E-17
   8.5556E+01   1.2557E-17
   9.7305E+01   1.1954E-17
   1.1067E+02   1.1317E-17
   1.2587E+02   1.0662E-17
   1.4315E+02   1.0003E-17
   1.6281E+02   9.3497E-18
   1.8517E+02   8.7095E-18
   2.1059E+02   8.0881E-18
   2.3951E+02   7.4899E-18
   2.7241E+02   6.9180E-18
   3.0982E+02   6.3745E-18
   3.5236E+02   5.8608E-18
   4.0075E+02   5.3776E-18
   4.5578E+02   4.9249E-18
   5.1837E+02   4.5025E-18
   5.8956E+02   4.1097E-18
   6.7052E+02   3.7455E-18
   7.6260E+02   3.4088E-18
   8.6733E+02   3.0983E-18
   9.8643E+02   2.8128E-18
   1.1219E+03   2.5507E-18
   1.2760E+03   2.3105E-18
   1.4512E+03   2.0909E-18
   1.6505E+03   1.8905E-18
   1.8771E+03   1.7078E-18
   2.1349E+03   1.5415E-18
   2.4281E+03   1.3903E-18
   2.7615E+03   1.2531E-18
   3.1408E+03   1.1286E-18
   3.5721E+03   1.0159E-18
   4.0626E+03   9.1390E-19
   4.6205E+03   8.2166E-19
   5.2550E+03   7.3833E-19
   5.9767E+03   6.6312E-19
   6.7974E+03   5.9528E-19
   7.7309E+03   5.3413E-19
   8.7926E+03   4.7906E-19
   1.0000E+04   4.2948E-19
-1
0.0  0.0  0.0
