# Equation:    e(-)+C_3H_4->CH_4(+)+C_2+2e(-)
# Type:         ionization
# Reference:    R. K. Janev and D. Reiter
#               Phys. Plasmas, Vol.11, No.2, February 2004
#
710086
e(-)+C_3H_4->CH_4(+)+C_2+2e(-)
17.68
 5
  2109     1   701    64     1
    -1    -1     1     1     2
 2
 50
   1.7680E+01   1.0000E-30
   2.0069E+01   9.3232E-23
   2.5860E+01   4.6750E-19
   2.9355E+01   1.0824E-18
   3.3322E+01   6.3575E-18
   3.7825E+01   6.3628E-18
   4.2937E+01   7.2858E-18
   4.8740E+01   6.0262E-18
   5.5327E+01   5.0654E-18
   6.2804E+01   5.8885E-18
   7.1291E+01   5.4503E-18
   8.0926E+01   5.1569E-18
   9.1862E+01   4.8820E-18
   1.0428E+02   4.6158E-18
   1.1837E+02   4.3602E-18
   1.3437E+02   4.1241E-18
   1.5252E+02   3.9360E-18
   1.7314E+02   4.0001E-18
   1.9653E+02   2.4154E-18
   2.2309E+02   2.7727E-18
   2.5324E+02   2.6433E-18
   2.8747E+02   2.4687E-18
   3.2632E+02   2.2879E-18
   3.7042E+02   2.1111E-18
   4.2048E+02   1.9420E-18
   4.7730E+02   1.7820E-18
   5.4180E+02   1.6319E-18
   6.1502E+02   1.4918E-18
   6.9814E+02   1.3615E-18
   7.9249E+02   1.2408E-18
   8.9959E+02   1.1293E-18
   1.0212E+03   1.0266E-18
   1.1592E+03   9.3222E-19
   1.3158E+03   8.4561E-19
   1.4936E+03   7.6631E-19
   1.6955E+03   6.9382E-19
   1.9246E+03   6.2765E-19
   2.1847E+03   5.6735E-19
   2.4800E+03   5.1247E-19
   2.8151E+03   4.6257E-19
   3.1956E+03   4.1726E-19
   3.6274E+03   3.7615E-19
   4.1176E+03   3.3890E-19
   4.6741E+03   3.0517E-19
   5.3058E+03   2.7465E-19
   6.0228E+03   2.4706E-19
   6.8367E+03   2.2214E-19
   7.7607E+03   1.9964E-19
   8.8095E+03   1.7935E-19
   1.0000E+04   1.6105E-19
-1
0.0  0.0  0.0
