# Equation:    e(-)+C_3H_8->CH_2(+)+C_2H_4+H_2+2e(-)
# Type:         ionization
# Reference:    R. K. Janev and D. Reiter
#               Phys. Plasmas, Vol.11, No.2, February 2004
#
710031
e(-)+C_3H_8->CH_2(+)+C_2H_4+H_2+2e(-)
18.19
 6
  2101     1   705   712    14     1
    -1    -1     1     1     1     2
 2
 40
   1.8190E+01   1.0000E-30
   2.0458E+01   2.8233E-19
   2.5878E+01   7.5140E-20
   2.9104E+01   2.9276E-19
   3.2733E+01   6.3882E-19
   3.6814E+01   1.2203E-18
   4.1404E+01   2.0015E-18
   4.6566E+01   2.8711E-18
   5.2372E+01   3.7107E-18
   5.8902E+01   4.4314E-18
   6.6246E+01   4.9829E-18
   7.4506E+01   5.3492E-18
   8.3796E+01   5.5382E-18
   9.4244E+01   5.5725E-18
   1.0599E+02   5.4811E-18
   1.1921E+02   5.2938E-18
   1.3407E+02   5.0383E-18
   1.5079E+02   4.7383E-18
   1.6959E+02   4.4134E-18
   1.9074E+02   4.0784E-18
   2.1452E+02   3.7447E-18
   2.4126E+02   3.4203E-18
   2.7134E+02   3.1105E-18
   3.0518E+02   2.8189E-18
   3.4323E+02   2.5473E-18
   3.8602E+02   2.2964E-18
   4.3415E+02   2.0662E-18
   4.8828E+02   1.8561E-18
   5.4916E+02   1.6653E-18
   6.1763E+02   1.4924E-18
   6.9464E+02   1.3363E-18
   7.8125E+02   1.1957E-18
   8.7866E+02   1.0692E-18
   9.8821E+02   9.5558E-19
   1.1114E+03   8.5371E-19
   1.2500E+03   7.6243E-19
   1.4059E+03   6.8072E-19
   1.5811E+03   6.0762E-19
   1.7783E+03   5.4226E-19
   2.0000E+03   4.8384E-19
-1
0.0  0.0  0.0
