# Equation:    e(-)+C_3H_8->C_2H_3(+)+CH_4+H+2e(-)
# Type:         ionization
# Reference:    R. K. Janev and D. Reiter
#               Phys. Plasmas, Vol.11, No.2, February 2004
#
710019
e(-)+C_3H_8->C_2H_3(+)+CH_4+H+2e(-)
13.93
 6
  2101     1   715   700    10     1
    -1    -1     1     1     1     2
 2
 40
   1.3930E+01   1.0000E-30
   1.7857E+01   2.1061E-18
   2.0218E+01   1.2313E-17
   2.2891E+01   1.8961E-17
   2.5917E+01   2.3798E-17
   2.9344E+01   2.7874E-17
   3.3223E+01   3.1561E-17
   3.7616E+01   3.4866E-17
   4.2589E+01   3.7671E-17
   4.8219E+01   3.9862E-17
   5.4594E+01   4.1380E-17
   6.1812E+01   4.2224E-17
   6.9984E+01   4.2439E-17
   7.9237E+01   4.2100E-17
   8.9713E+01   4.1295E-17
   1.0157E+02   4.0115E-17
   1.1500E+02   3.8645E-17
   1.3021E+02   3.6964E-17
   1.4742E+02   3.5138E-17
   1.6691E+02   3.3225E-17
   1.8898E+02   3.1269E-17
   2.1397E+02   2.9309E-17
   2.4225E+02   2.7374E-17
   2.7428E+02   2.5485E-17
   3.1055E+02   2.3660E-17
   3.5160E+02   2.1910E-17
   3.9809E+02   2.0243E-17
   4.5072E+02   1.8664E-17
   5.1031E+02   1.7177E-17
   5.7778E+02   1.5781E-17
   6.5416E+02   1.4476E-17
   7.4065E+02   1.3260E-17
   8.3857E+02   1.2130E-17
   9.4944E+02   1.1082E-17
   1.0750E+03   1.0114E-17
   1.2171E+03   9.2201E-18
   1.3780E+03   8.3970E-18
   1.5602E+03   7.6403E-18
   1.7665E+03   6.9456E-18
   2.0000E+03   6.3090E-18
-1
0.0  0.0  0.0
