# Equation:    e(-)+C_3H_4->CH_3(+)+C_2H+2e(-)
# Type:         ionization
# Reference:    R. K. Janev and D. Reiter
#               Phys. Plasmas, Vol.11, No.2, February 2004
#
710087
e(-)+C_3H_4->CH_3(+)+C_2H+2e(-)
14.29
 5
  2109     1   703   718     1
    -1    -1     1     1     2
 2
 49
   1.4290E+01   1.0000E-30
   2.1170E+01   8.8490E-18
   2.4134E+01   1.5183E-17
   2.7512E+01   1.8496E-17
   3.1364E+01   2.0274E-17
   3.5754E+01   2.1205E-17
   4.0759E+01   2.1593E-17
   4.6465E+01   2.1596E-17
   5.2969E+01   2.1311E-17
   6.0384E+01   2.0808E-17
   6.8837E+01   2.0138E-17
   7.8474E+01   1.9345E-17
   8.9459E+01   1.8463E-17
   1.0198E+02   1.7520E-17
   1.1626E+02   1.6542E-17
   1.3253E+02   1.5546E-17
   1.5108E+02   1.4551E-17
   1.7223E+02   1.3569E-17
   1.9634E+02   1.2610E-17
   2.2383E+02   1.1682E-17
   2.5516E+02   1.0792E-17
   2.9088E+02   9.9439E-18
   3.3160E+02   9.1401E-18
   3.7802E+02   8.3827E-18
   4.3094E+02   7.6723E-18
   4.9126E+02   7.0088E-18
   5.6003E+02   6.3916E-18
   6.3843E+02   5.8192E-18
   7.2780E+02   5.2902E-18
   8.2968E+02   4.8025E-18
   9.4583E+02   4.3542E-18
   1.0782E+03   3.9430E-18
   1.2292E+03   3.5666E-18
   1.4012E+03   3.2228E-18
   1.5974E+03   2.9092E-18
   1.8210E+03   2.6238E-18
   2.0759E+03   2.3644E-18
   2.3665E+03   2.1289E-18
   2.6978E+03   1.9154E-18
   3.0754E+03   1.7222E-18
   3.5059E+03   1.5473E-18
   3.9967E+03   1.3894E-18
   4.5562E+03   1.2469E-18
   5.1940E+03   1.1183E-18
   5.9211E+03   1.0025E-18
   6.7500E+03   8.9818E-19
   7.6949E+03   8.0435E-19
   8.7720E+03   7.2001E-19
   1.0000E+04   6.4422E-19
-1
0.0  0.0  0.0
