# e + C_3H_8 -> e + C_3H_8
#  Momentum transfer
# "Gaseous Electronics : Tables, Atoms, and Molecules"
#  Gorur Govinda Raju, CRC Press, 2011
#http://www.crcnetbase.com/isbn/978-1-4398-4894-4
710001
e(-)+C_3H_8->C_3H_8+e(-)
0.0
2
2101  1
 0  0
1
 30
 0.015 17.63e-16
 0.02  16.52e-16
 0.03  13.64e-16
 0.04  10.75e-16
 0.06   7.08e-16
 0.07   5.95e-16
 0.08   5.01e-16
 0.09   4.29e-16
  0.1   3.79e-16
  0.14  3.00e-16
  0.2   4.47e-16
  0.3  20.20e-16
  1.5  19.80e-16
  2.0  20.82e-16
  3.0  27.40e-16
  4.0  35.32e-16
  5.0  37.50e-16
  6.5  42.88e-16
  7.0  44.37e-16
  8.0  44.51e-16
  9.0  44.94e-16
 10.0  44.34e-16
 12.0  42.38e-16
 15.0  39.15e-16
 20.0  37.63e-16
 25.0  36.32e-16
 30.0  32.87e-16
 60.0  18.78e-16
100.0  13.00e-16
1000.0  0.10e-16
-1
0.0  0.0  0.0
