# Equation:    e(-)+C_3H_4->H(+)+C_3H_3+2e(-)
# Type:         ionization
# Reference:    R. K. Janev and D. Reiter
#               Phys. Plasmas, Vol.11, No.2, February 2004
#
710091
e(-)+C_3H_4->H(+)+C_3H_3+2e(-)
16.67
 5
  2109     1    11  2111     1
    -1    -1     1     1     2
 2
 47
   1.6670E+01   1.0000E-30
   1.8945E+01   1.0935E-21
   3.1604E+01   6.8032E-18
   3.5917E+01   5.3714E-18
   4.0819E+01   8.6651E-18
   5.2721E+01   6.5163E-18
   5.9917E+01   6.8825E-18
   6.8094E+01   6.7809E-18
   7.7388E+01   6.5510E-18
   8.7949E+01   6.2657E-18
   9.9952E+01   5.9523E-18
   1.1359E+02   5.6246E-18
   1.2910E+02   5.2912E-18
   1.4672E+02   4.9582E-18
   1.6674E+02   4.6299E-18
   1.8950E+02   4.3097E-18
   2.1536E+02   4.0000E-18
   2.4475E+02   3.7026E-18
   2.7815E+02   3.4190E-18
   3.1612E+02   3.1499E-18
   3.5926E+02   2.8960E-18
   4.0829E+02   2.6573E-18
   4.6401E+02   2.4339E-18
   5.2734E+02   2.2255E-18
   5.9931E+02   2.0318E-18
   6.8110E+02   1.8522E-18
   7.7406E+02   1.6863E-18
   8.7970E+02   1.5333E-18
   9.9976E+02   1.3925E-18
   1.1362E+03   1.2633E-18
   1.2913E+03   1.1448E-18
   1.4675E+03   1.0365E-18
   1.6678E+03   9.3761E-19
   1.8954E+03   8.4742E-19
   2.1541E+03   7.6530E-19
   2.4481E+03   6.9063E-19
   2.7822E+03   6.2280E-19
   3.1619E+03   5.6127E-19
   3.5934E+03   5.0549E-19
   4.0839E+03   4.5500E-19
   4.6412E+03   4.0932E-19
   5.2746E+03   3.6803E-19
   5.9945E+03   3.3074E-19
   6.8127E+03   2.9708E-19
   7.7424E+03   2.6673E-19
   8.7991E+03   2.3938E-19
   1.0000E+04   2.1474E-19
-1
0.0  0.0  0.0
