# Equation:    e(-)+C_3H_8->C_3H_3(+)+2H_2+H+2e(-)
# Type:         ionization
# Reference:    R. K. Janev and D. Reiter
#               Phys. Plasmas, Vol.11, No.2, February 2004
#
710008
e(-)+C_3H_8->C_3H_3(+)+2H_2+H+2e(-)
14.45
 6
  2101     1  2112    14    10     1
    -1    -1     1     2     1     2
 2
 39
   1.4450E+01   1.0000E-30
   2.0915E+01   3.1297E-18
   2.3658E+01   8.8117E-18
   2.6762E+01   2.0801E-17
   3.0272E+01   3.5531E-17
   3.4243E+01   4.9409E-17
   3.8735E+01   6.0605E-17
   4.3816E+01   6.8665E-17
   4.9563E+01   7.3855E-17
   5.6064E+01   7.6697E-17
   6.3419E+01   7.7728E-17
   7.1737E+01   7.7406E-17
   8.1147E+01   7.6088E-17
   9.1792E+01   7.4043E-17
   1.0383E+02   7.1471E-17
   1.1745E+02   6.8523E-17
   1.3286E+02   6.5316E-17
   1.5029E+02   6.1942E-17
   1.7000E+02   5.8476E-17
   1.9230E+02   5.4978E-17
   2.1752E+02   5.1498E-17
   2.4606E+02   4.8076E-17
   2.7833E+02   4.4744E-17
   3.1484E+02   4.1527E-17
   3.5614E+02   3.8442E-17
   4.0286E+02   3.5504E-17
   4.5570E+02   3.2721E-17
   5.1548E+02   3.0098E-17
   5.8310E+02   2.7635E-17
   6.5958E+02   2.5333E-17
   7.4610E+02   2.3188E-17
   8.4397E+02   2.1195E-17
   9.5468E+02   1.9349E-17
   1.0799E+03   1.7643E-17
   1.2216E+03   1.6070E-17
   1.3818E+03   1.4623E-17
   1.5630E+03   1.3294E-17
   1.7681E+03   1.2075E-17
   2.0000E+03   1.0959E-17
-1
0.0  0.0  0.0
