# Equation:    e(-)+C_3H_6->C_2H_3(+)+CH_3+2e(-)
# Type:         ionization
# Reference:    R. K. Janev and D. Reiter
#               Phys. Plasmas, Vol.11, No.2, February 2004
#
710057
e(-)+C_3H_6->C_2H_3(+)+CH_3+2e(-)
12.55
 5
  2105     1   715   702     1
    -1    -1     1     1     2
 2
 51
   1.2550E+01   1.0000E-30
   1.4344E+01   7.1164E-18
   1.6394E+01   3.0208E-17
   1.8738E+01   5.0171E-17
   2.1417E+01   6.4118E-17
   2.4478E+01   7.3850E-17
   2.7977E+01   8.0513E-17
   3.1977E+01   8.4777E-17
   3.6548E+01   8.7100E-17
   4.1772E+01   8.7842E-17
   4.7744E+01   8.7302E-17
   5.4569E+01   8.5734E-17
   6.2369E+01   8.3359E-17
   7.1285E+01   8.0365E-17
   8.1475E+01   7.6912E-17
   9.3122E+01   7.3137E-17
   1.0643E+02   6.9154E-17
   1.2165E+02   6.5059E-17
   1.3904E+02   6.0931E-17
   1.5891E+02   5.6831E-17
   1.8163E+02   5.2812E-17
   2.0759E+02   4.8912E-17
   2.3727E+02   4.5161E-17
   2.7119E+02   4.1581E-17
   3.0995E+02   3.8186E-17
   3.5426E+02   3.4985E-17
   4.0490E+02   3.1983E-17
   4.6278E+02   2.9180E-17
   5.2894E+02   2.6574E-17
   6.0455E+02   2.4158E-17
   6.9097E+02   2.1928E-17
   7.8974E+02   1.9875E-17
   9.0263E+02   1.7989E-17
   1.0317E+03   1.6261E-17
   1.1791E+03   1.4683E-17
   1.3477E+03   1.3243E-17
   1.5404E+03   1.1932E-17
   1.7605E+03   1.0741E-17
   2.0122E+03   9.6597E-18
   2.2999E+03   8.6803E-18
   2.6286E+03   7.7941E-18
   3.0044E+03   6.9933E-18
   3.4339E+03   6.2704E-18
   3.9247E+03   5.6185E-18
   4.4858E+03   5.0314E-18
   5.1270E+03   4.5029E-18
   5.8599E+03   4.0278E-18
   6.6976E+03   3.6009E-18
   7.6550E+03   3.2177E-18
   8.7493E+03   2.8739E-18
   1.0000E+04   2.5657E-18
-1
0.0  0.0  0.0
