# Equation:    e(-)+C_3H_5->C_2H(+)+CH_4+2e(-)
# Type:         ionization
# Reference:    R. K. Janev and D. Reiter
#               Phys. Plasmas, Vol.11, No.2, February 2004
#
710072
e(-)+C_3H_5->C_2H(+)+CH_4+2e(-)
14.00
 5
  2107     1   719   700     1
    -1    -1     1     1     2
 2
 47
   1.4000E+01   1.0000E-30
   1.8209E+01   1.6870E-18
   3.0803E+01   1.6010E-17
   3.5129E+01   1.9633E-17
   4.0063E+01   2.0373E-17
   4.5690E+01   2.0204E-17
   5.2108E+01   1.9647E-17
   5.9426E+01   1.8891E-17
   6.7773E+01   1.8024E-17
   7.7292E+01   1.7094E-17
   8.8148E+01   1.6132E-17
   1.0053E+02   1.5159E-17
   1.1465E+02   1.4190E-17
   1.3075E+02   1.3237E-17
   1.4912E+02   1.2310E-17
   1.7006E+02   1.1413E-17
   1.9394E+02   1.0554E-17
   2.2118E+02   9.7352E-18
   2.5225E+02   8.9589E-18
   2.8768E+02   8.2268E-18
   3.2809E+02   7.5393E-18
   3.7417E+02   6.8962E-18
   4.2672E+02   6.2970E-18
   4.8665E+02   5.7405E-18
   5.5500E+02   5.2251E-18
   6.3296E+02   4.7493E-18
   7.2186E+02   4.3110E-18
   8.2324E+02   3.9083E-18
   9.3887E+02   3.5391E-18
   1.0707E+03   3.2013E-18
   1.2211E+03   2.8927E-18
   1.3926E+03   2.6114E-18
   1.5882E+03   2.3553E-18
   1.8113E+03   2.1225E-18
   2.0657E+03   1.9113E-18
   2.3559E+03   1.7197E-18
   2.6867E+03   1.5462E-18
   3.0641E+03   1.3894E-18
   3.4945E+03   1.2476E-18
   3.9853E+03   1.1196E-18
   4.5450E+03   1.0042E-18
   5.1834E+03   9.0023E-19
   5.9114E+03   8.0658E-19
   6.7417E+03   7.2233E-19
   7.6886E+03   6.4658E-19
   8.7684E+03   5.7851E-19
   1.0000E+04   5.1739E-19
-1
0.0  0.0  0.0
