# Equation:    e(-)+C_3H_4->C_2H_3(+)+CH+2e(-)
# Type:         ionization
# Reference:    R. K. Janev and D. Reiter
#               Phys. Plasmas, Vol.11, No.2, February 2004
#
710082
e(-)+C_3H_4->C_2H_3(+)+CH+2e(-)
15.59
 5
  2109     1   715   706     1
    -1    -1     1     1     2
 2
 49
   1.5590E+01   1.0000E-30
   2.0190E+01   1.0438E-18
   2.6147E+01   7.6687E-18
   2.9755E+01   2.0212E-17
   3.3861E+01   2.6113E-17
   3.8534E+01   2.8724E-17
   4.3852E+01   2.9767E-17
   4.9904E+01   2.9947E-17
   5.6791E+01   2.9589E-17
   6.4628E+01   2.8872E-17
   7.3547E+01   2.7905E-17
   8.3696E+01   2.6765E-17
   9.5247E+01   2.5506E-17
   1.0839E+02   2.4172E-17
   1.2335E+02   2.2796E-17
   1.4037E+02   2.1405E-17
   1.5974E+02   2.0021E-17
   1.8179E+02   1.8661E-17
   2.0687E+02   1.7337E-17
   2.3542E+02   1.6059E-17
   2.6791E+02   1.4836E-17
   3.0489E+02   1.3673E-17
   3.4696E+02   1.2571E-17
   3.9484E+02   1.1535E-17
   4.4933E+02   1.0563E-17
   5.1134E+02   9.6555E-18
   5.8191E+02   8.8116E-18
   6.6221E+02   8.0290E-18
   7.5360E+02   7.3054E-18
   8.5759E+02   6.6382E-18
   9.7594E+02   6.0246E-18
   1.1106E+03   5.4613E-18
   1.2639E+03   4.9454E-18
   1.4383E+03   4.4738E-18
   1.6368E+03   4.0433E-18
   1.8627E+03   3.6511E-18
   2.1197E+03   3.2942E-18
   2.4123E+03   2.9699E-18
   2.7452E+03   2.6756E-18
   3.1240E+03   2.4088E-18
   3.5551E+03   2.1672E-18
   4.0457E+03   1.9487E-18
   4.6041E+03   1.7512E-18
   5.2394E+03   1.5728E-18
   5.9625E+03   1.4119E-18
   6.7853E+03   1.2668E-18
   7.7217E+03   1.1362E-18
   8.7873E+03   1.0185E-18
   1.0000E+04   9.1265E-19
-1
0.0  0.0  0.0
