# Equation:    e(-)+C_3H_8->C_3H_2(+)+3H_2+2e(-)
# Type:         ionization
# Reference:    R. K. Janev and D. Reiter
#               Phys. Plasmas, Vol.11, No.2, February 2004
#
710009
e(-)+C_3H_8->C_3H_2(+)+3H_2+2e(-)
16.96
 5
  2101     1  2114    14     1
    -1    -1     1     3     2
 2
 40
   1.6960E+01   1.0000E-30
   1.9108E+01   6.5635E-17
   2.1528E+01   9.2717E-18
   2.7327E+01   2.1244E-18
   3.0788E+01   6.5459E-18
   3.4687E+01   1.1345E-17
   3.9080E+01   1.6264E-17
   4.4030E+01   2.1113E-17
   4.9606E+01   2.5588E-17
   5.5889E+01   2.9388E-17
   6.2968E+01   3.2300E-17
   7.0943E+01   3.4232E-17
   7.9928E+01   3.5201E-17
   9.0051E+01   3.5300E-17
   1.0146E+02   3.4668E-17
   1.1431E+02   3.3456E-17
   1.2878E+02   3.1817E-17
   1.4509E+02   2.9886E-17
   1.6347E+02   2.7781E-17
   1.8417E+02   2.5595E-17
   2.0750E+02   2.3403E-17
   2.3378E+02   2.1260E-17
   2.6339E+02   1.9205E-17
   2.9675E+02   1.7265E-17
   3.3433E+02   1.5454E-17
   3.7668E+02   1.3783E-17
   4.2438E+02   1.2251E-17
   4.7813E+02   1.0859E-17
   5.3869E+02   9.5992E-18
   6.0692E+02   8.4661E-18
   6.8378E+02   7.4509E-18
   7.7039E+02   6.5448E-18
   8.6796E+02   5.7387E-18
   9.7789E+02   5.0236E-18
   1.1017E+03   4.3908E-18
   1.2413E+03   3.8322E-18
   1.3985E+03   3.3400E-18
   1.5756E+03   2.9072E-18
   1.7752E+03   2.5273E-18
   2.0000E+03   2.1943E-18
-1
0.0  0.0  0.0
