# Equation:    e(-)+C_3H_5->C_3H_2(+)+H_2+H+2e(-)
# Type:         ionization
# Reference:    R. K. Janev and D. Reiter
#               Phys. Plasmas, Vol.11, No.2, February 2004
#
710066
e(-)+C_3H_5->C_3H_2(+)+H_2+H+2e(-)
16.36
 6
  2107     1  2114    14    10     1
    -1    -1     1     1     1     2
 2
 47
   1.6360E+01   1.0000E-30
   2.4041E+01   6.7322E-19
   2.7333E+01   3.2684E-18
   3.1075E+01   2.0688E-16
   3.5329E+01   1.7271E-16
   4.0166E+01   3.5323E-17
   4.5664E+01   1.7699E-16
   5.1916E+01   1.2111E-16
   7.6291E+01   1.8798E-17
   8.6736E+01   3.9303E-17
   9.8611E+01   4.7345E-17
   1.1211E+02   4.9997E-17
   1.2746E+02   5.0021E-17
   1.4491E+02   4.8661E-17
   1.6475E+02   4.6550E-17
   1.8730E+02   4.4038E-17
   2.1295E+02   4.1332E-17
   2.4210E+02   3.8560E-17
   2.7524E+02   3.5804E-17
   3.1293E+02   3.3116E-17
   3.5577E+02   3.0531E-17
   4.0447E+02   2.8069E-17
   4.5985E+02   2.5744E-17
   5.2281E+02   2.3561E-17
   5.9438E+02   2.1522E-17
   6.7575E+02   1.9626E-17
   7.6827E+02   1.7869E-17
   8.7345E+02   1.6247E-17
   9.9303E+02   1.4753E-17
   1.1290E+03   1.3381E-17
   1.2835E+03   1.2123E-17
   1.4593E+03   1.0972E-17
   1.6590E+03   9.9218E-18
   1.8862E+03   8.9641E-18
   2.1444E+03   8.0922E-18
   2.4380E+03   7.2997E-18
   2.7718E+03   6.5801E-18
   3.1512E+03   5.9276E-18
   3.5827E+03   5.3364E-18
   4.0731E+03   4.8014E-18
   4.6308E+03   4.3176E-18
   5.2648E+03   3.8805E-18
   5.9855E+03   3.4859E-18
   6.8050E+03   3.1300E-18
   7.7366E+03   2.8092E-18
   8.7958E+03   2.5201E-18
   1.0000E+04   2.2599E-18
-1
0.0  0.0  0.0
