# Equation:    e(-)+C_3H_7->C_3H_3(+)+2H_2+2e(-)
# Type:         ionization
# Reference:    R. K. Janev and D. Reiter
#               Phys. Plasmas, Vol.11, No.2, February 2004
#
710040
e(-)+C_3H_7->C_3H_3(+)+2H_2+2e(-)
10.16
 5
  2103     1  2112    14     1
    -1    -1     1     2     2
 2
 51
   1.0160E+01   1.0000E-30
   1.1662E+01   3.0822E-17
   1.3385E+01   6.2589E-17
   1.5363E+01   8.3887E-17
   1.7634E+01   9.8324E-17
   2.0240E+01   1.0813E-16
   2.3231E+01   1.1442E-16
   2.6664E+01   1.1791E-16
   3.0605E+01   1.1911E-16
   3.5128E+01   1.1848E-16
   4.0319E+01   1.1640E-16
   4.6278E+01   1.1317E-16
   5.3118E+01   1.0908E-16
   6.0968E+01   1.0436E-16
   6.9978E+01   9.9185E-17
   8.0320E+01   9.3730E-17
   9.2191E+01   8.8122E-17
   1.0582E+02   8.2471E-17
   1.2145E+02   7.6862E-17
   1.3940E+02   7.1364E-17
   1.6001E+02   6.6031E-17
   1.8365E+02   6.0904E-17
   2.1080E+02   5.6012E-17
   2.4195E+02   5.1375E-17
   2.7771E+02   4.7006E-17
   3.1875E+02   4.2910E-17
   3.6585E+02   3.9088E-17
   4.1992E+02   3.5537E-17
   4.8198E+02   3.2250E-17
   5.5322E+02   2.9218E-17
   6.3498E+02   2.6429E-17
   7.2882E+02   2.3872E-17
   8.3653E+02   2.1533E-17
   9.6016E+02   1.9399E-17
   1.1021E+03   1.7455E-17
   1.2649E+03   1.5689E-17
   1.4519E+03   1.4088E-17
   1.6665E+03   1.2637E-17
   1.9127E+03   1.1326E-17
   2.1954E+03   1.0142E-17
   2.5199E+03   9.0747E-18
   2.8923E+03   8.1136E-18
   3.3197E+03   7.2492E-18
   3.8104E+03   6.4725E-18
   4.3735E+03   5.7754E-18
   5.0198E+03   5.1503E-18
   5.7617E+03   4.5903E-18
   6.6132E+03   4.0889E-18
   7.5906E+03   3.6405E-18
   8.7124E+03   3.2397E-18
   1.0000E+04   2.8816E-18
-1
0.0  0.0  0.0
