# Equation:    e(-)+C_3H_4->CH(+)+C_2H_3+2e(-)
# Type:         ionization
# Reference:    R. K. Janev and D. Reiter
#               Phys. Plasmas, Vol.11, No.2, February 2004
#
710089
e(-)+C_3H_4->CH(+)+C_2H_3+2e(-)
17.98
 5
  2109     1   707   714     1
    -1    -1     1     1     2
 2
 49
   1.7980E+01   1.0000E-30
   2.3153E+01   2.7310E-20
   2.9813E+01   3.4784E-19
   3.3831E+01   1.3499E-17
   3.8390E+01   1.5635E-17
   4.3563E+01   4.6735E-19
   4.9434E+01   1.4309E-17
   5.6095E+01   8.8934E-18
   6.3655E+01   1.4232E-17
   7.2233E+01   1.3098E-17
   8.1967E+01   1.2332E-17
   9.3013E+01   1.1632E-17
   1.0555E+02   1.0958E-17
   1.1977E+02   1.0302E-17
   1.3591E+02   9.6645E-18
   1.5423E+02   9.0442E-18
   1.7501E+02   8.4119E-18
   1.9860E+02   8.1294E-18
   2.2536E+02   7.5339E-18
   2.5573E+02   7.1387E-18
   2.9019E+02   7.0274E-18
   3.2930E+02   9.6575E-18
   3.7367E+02   3.4384E-18
   4.2403E+02   4.0257E-18
   4.8117E+02   3.8923E-18
   5.4601E+02   3.6445E-18
   6.1959E+02   3.3719E-18
   7.0309E+02   3.1005E-18
   7.9784E+02   2.8398E-18
   9.0536E+02   2.5938E-18
   1.0274E+03   2.3641E-18
   1.1658E+03   2.1510E-18
   1.3229E+03   1.9543E-18
   1.5012E+03   1.7733E-18
   1.7035E+03   1.6073E-18
   1.9331E+03   1.4553E-18
   2.1936E+03   1.3165E-18
   2.4892E+03   1.1899E-18
   2.8246E+03   1.0747E-18
   3.2053E+03   9.6996E-19
   3.6372E+03   8.7484E-19
   4.1273E+03   7.8855E-19
   4.6835E+03   7.1036E-19
   5.3147E+03   6.3958E-19
   6.0309E+03   5.7555E-19
   6.8436E+03   5.1768E-19
   7.7659E+03   4.6542E-19
   8.8124E+03   4.1825E-19
   1.0000E+04   3.7571E-19
-1
0.0  0.0  0.0
