# Equation:    e(-)+C_3H_7->CH_3(+)+C_2H_4+2e(-)
# Type:         ionization
# Reference:    R. K. Janev and D. Reiter
#               Phys. Plasmas, Vol.11, No.2, February 2004
#
710047
e(-)+C_3H_7->CH_3(+)+C_2H_4+2e(-)
10.88
 5
  2103     1   703   712     1
    -1    -1     1     1     2
 2
 50
   1.0880E+01   1.0000E-30
   1.4294E+01   1.4110E-17
   1.6384E+01   3.8875E-17
   1.8780E+01   5.0786E-17
   2.1526E+01   5.6465E-17
   2.4674E+01   5.9253E-17
   2.8281E+01   6.0360E-17
   3.2417E+01   6.0327E-17
   3.7157E+01   5.9463E-17
   4.2590E+01   5.7976E-17
   4.8817E+01   5.6024E-17
   5.5955E+01   5.3730E-17
   6.4137E+01   5.1194E-17
   7.3514E+01   4.8500E-17
   8.4264E+01   4.5713E-17
   9.6585E+01   4.2889E-17
   1.1071E+02   4.0073E-17
   1.2689E+02   3.7301E-17
   1.4545E+02   3.4600E-17
   1.6672E+02   3.1993E-17
   1.9109E+02   2.9496E-17
   2.1903E+02   2.7120E-17
   2.5106E+02   2.4872E-17
   2.8777E+02   2.2759E-17
   3.2985E+02   2.0779E-17
   3.7808E+02   1.8934E-17
   4.3336E+02   1.7221E-17
   4.9673E+02   1.5636E-17
   5.6936E+02   1.4174E-17
   6.5261E+02   1.2829E-17
   7.4803E+02   1.1596E-17
   8.5741E+02   1.0468E-17
   9.8277E+02   9.4376E-18
   1.1265E+03   8.4993E-18
   1.2912E+03   7.6461E-18
   1.4800E+03   6.8718E-18
   1.6964E+03   6.1701E-18
   1.9444E+03   5.5352E-18
   2.2287E+03   4.9615E-18
   2.5546E+03   4.4439E-18
   2.9281E+03   3.9774E-18
   3.3563E+03   3.5574E-18
   3.8471E+03   3.1797E-18
   4.4096E+03   2.8403E-18
   5.0543E+03   2.5357E-18
   5.7934E+03   2.2625E-18
   6.6405E+03   2.0176E-18
   7.6114E+03   1.7984E-18
   8.7243E+03   1.6022E-18
   1.0000E+04   1.4268E-18
-1
0.0  0.0  0.0
