# Equation:    e(-)+C_3H_6->C_3H_5(+)+H+2e(-)
# Type:         ionization
# Reference:    R. K. Janev and D. Reiter
#               Phys. Plasmas, Vol.11, No.2, February 2004
#
710051
e(-)+C_3H_6->C_3H_5(+)+H+2e(-)
11.95
 5
  2105     1  2108    10     1
    -1    -1     1     1     2
 2
 51
   1.1950E+01   1.0000E-30
   1.3672E+01   3.8686E-17
   1.5641E+01   6.2597E-17
   1.7895E+01   8.4172E-17
   2.0473E+01   1.0242E-16
   2.3422E+01   1.1702E-16
   2.6797E+01   1.2799E-16
   3.0657E+01   1.3559E-16
   3.5074E+01   1.4020E-16
   4.0127E+01   1.4222E-16
   4.5909E+01   1.4205E-16
   5.2523E+01   1.4008E-16
   6.0090E+01   1.3667E-16
   6.8747E+01   1.3214E-16
   7.8651E+01   1.2676E-16
   8.9982E+01   1.2077E-16
   1.0295E+02   1.1437E-16
   1.1778E+02   1.0773E-16
   1.3475E+02   1.0099E-16
   1.5416E+02   9.4261E-17
   1.7637E+02   8.7641E-17
   2.0178E+02   8.1198E-17
   2.3085E+02   7.4988E-17
   2.6411E+02   6.9050E-17
   3.0216E+02   6.3411E-17
   3.4569E+02   5.8089E-17
   3.9549E+02   5.3094E-17
   4.5247E+02   4.8428E-17
   5.1766E+02   4.4087E-17
   5.9224E+02   4.0065E-17
   6.7756E+02   3.6350E-17
   7.7518E+02   3.2930E-17
   8.8685E+02   2.9789E-17
   1.0146E+03   2.6914E-17
   1.1608E+03   2.4287E-17
   1.3280E+03   2.1891E-17
   1.5194E+03   1.9712E-17
   1.7383E+03   1.7732E-17
   1.9887E+03   1.5936E-17
   2.2752E+03   1.4310E-17
   2.6030E+03   1.2840E-17
   2.9780E+03   1.1512E-17
   3.4071E+03   1.0314E-17
   3.8979E+03   9.2349E-18
   4.4595E+03   8.2634E-18
   5.1020E+03   7.3897E-18
   5.8370E+03   6.6047E-18
   6.6779E+03   5.8999E-18
   7.6400E+03   5.2678E-18
   8.7407E+03   4.7011E-18
   1.0000E+04   4.1934E-18
-1
0.0  0.0  0.0
