# Equation:    e(-)+C_3H_7->C_2H_2(+)+CH_3+H_2+2e(-)
# Type:         ionization
# Reference:    R. K. Janev and D. Reiter
#               Phys. Plasmas, Vol.11, No.2, February 2004
#
710045
e(-)+C_3H_7->C_2H_2(+)+CH_3+H_2+2e(-)
14.26
 6
  2103     1   717   702    14     1
    -1    -1     1     1     1     2
 2
 49
   1.4260E+01   1.0000E-30
   1.6257E+01   3.6827E-19
   1.8533E+01   1.5491E-18
   2.4087E+01   1.6851E-15
   2.7460E+01   1.4949E-17
   3.5690E+01   2.3013E-17
   4.0687E+01   2.0896E-17
   4.6385E+01   2.0300E-17
   5.2881E+01   2.2429E-17
   6.0286E+01   5.5467E-18
   6.8728E+01   1.2312E-17
   7.8352E+01   1.2500E-17
   8.9324E+01   1.2043E-17
   1.0183E+02   1.1409E-17
   1.1609E+02   1.0717E-17
   1.3235E+02   1.0012E-17
   1.5088E+02   9.3140E-18
   1.7201E+02   8.6354E-18
   1.9610E+02   7.9829E-18
   2.2356E+02   7.3607E-18
   2.5486E+02   6.7710E-18
   2.9055E+02   6.2152E-18
   3.3124E+02   5.6937E-18
   3.7762E+02   5.2065E-18
   4.3050E+02   4.7528E-18
   4.9079E+02   4.3319E-18
   5.5952E+02   3.9423E-18
   6.3787E+02   3.5829E-18
   7.2719E+02   3.2520E-18
   8.2902E+02   2.9482E-18
   9.4511E+02   2.6697E-18
   1.0775E+03   2.4149E-18
   1.2283E+03   2.1823E-18
   1.4003E+03   1.9703E-18
   1.5964E+03   1.7773E-18
   1.8200E+03   1.6019E-18
   2.0749E+03   1.4426E-18
   2.3654E+03   1.2983E-18
   2.6966E+03   1.1676E-18
   3.0743E+03   1.0493E-18
   3.5048E+03   9.4248E-19
   3.9956E+03   8.4600E-19
   4.5551E+03   7.5898E-19
   5.1929E+03   6.8056E-19
   5.9201E+03   6.0992E-19
   6.7491E+03   5.4636E-19
   7.6942E+03   4.8920E-19
   8.7717E+03   4.3782E-19
   1.0000E+04   3.9168E-19
-1
0.0  0.0  0.0
