# Equation:    e(-)+C_3H_7->C_3H_4(+)+H_2+H+2e(-)
# Type:         ionization
# Reference:    R. K. Janev and D. Reiter
#               Phys. Plasmas, Vol.11, No.2, February 2004
#
710039
e(-)+C_3H_7->C_3H_4(+)+H_2+H+2e(-)
13.65
 6
  2103     1  2110    14    10     1
    -1    -1     1     1     1     2
 2
 47
   1.3650E+01   1.0000E-30
   2.0278E+01   2.5205E-17
   2.3138E+01   7.3327E-17
   3.4373E+01   3.9075E-17
   3.9220E+01   6.2216E-17
   4.4752E+01   7.1498E-17
   5.1063E+01   7.4477E-17
   5.8264E+01   7.4343E-17
   6.6482E+01   7.2535E-17
   7.5857E+01   6.9777E-17
   8.6556E+01   6.6472E-17
   9.8763E+01   6.2864E-17
   1.1269E+02   5.9109E-17
   1.2858E+02   5.5312E-17
   1.4672E+02   5.1548E-17
   1.6741E+02   4.7869E-17
   1.9102E+02   4.4311E-17
   2.1796E+02   4.0901E-17
   2.4870E+02   3.7656E-17
   2.8377E+02   3.4587E-17
   3.2379E+02   3.1699E-17
   3.6946E+02   2.8994E-17
   4.2156E+02   2.6471E-17
   4.8102E+02   2.4126E-17
   5.4886E+02   2.1955E-17
   6.2626E+02   1.9949E-17
   7.1458E+02   1.8102E-17
   8.1536E+02   1.6406E-17
   9.3035E+02   1.4850E-17
   1.0616E+03   1.3427E-17
   1.2113E+03   1.2128E-17
   1.3821E+03   1.0944E-17
   1.5770E+03   9.8671E-18
   1.7994E+03   8.8882E-18
   2.0532E+03   7.9999E-18
   2.3428E+03   7.1951E-18
   2.6732E+03   6.4665E-18
   3.0502E+03   5.8079E-18
   3.4803E+03   5.2130E-18
   3.9712E+03   4.6763E-18
   4.5312E+03   4.1924E-18
   5.1703E+03   3.7565E-18
   5.8994E+03   3.3643E-18
   6.7314E+03   3.0115E-18
   7.6808E+03   2.6945E-18
   8.7640E+03   2.4098E-18
   1.0000E+04   2.1542E-18
-1
0.0  0.0  0.0
