# Equation:    e(-)+C_3H_5->CH_3(+)+C_2H_2+2e(-)
# Type:         ionization
# Reference:    R. K. Janev and D. Reiter
#               Phys. Plasmas, Vol.11, No.2, February 2004
#
710074
e(-)+C_3H_5->CH_3(+)+C_2H_2+2e(-)
11.85
 5
  2107     1   703   716     1
    -1    -1     1     1     2
 2
 51
   1.1850E+01   1.0000E-30
   1.3560E+01   2.6320E-17
   1.5516E+01   3.0829E-17
   1.7754E+01   3.3601E-17
   2.0315E+01   3.5486E-17
   2.3246E+01   3.6678E-17
   2.6599E+01   3.7271E-17
   3.0437E+01   3.7344E-17
   3.4828E+01   3.6976E-17
   3.9852E+01   3.6244E-17
   4.5601E+01   3.5218E-17
   5.2180E+01   3.3961E-17
   5.9707E+01   3.2531E-17
   6.8321E+01   3.0977E-17
   7.8177E+01   2.9340E-17
   8.9455E+01   2.7656E-17
   1.0236E+02   2.5955E-17
   1.1713E+02   2.4262E-17
   1.3402E+02   2.2596E-17
   1.5336E+02   2.0974E-17
   1.7548E+02   1.9408E-17
   2.0080E+02   1.7908E-17
   2.2976E+02   1.6480E-17
   2.6291E+02   1.5128E-17
   3.0084E+02   1.3856E-17
   3.4424E+02   1.2664E-17
   3.9390E+02   1.1552E-17
   4.5072E+02   1.0518E-17
   5.1575E+02   9.5608E-18
   5.9015E+02   8.6767E-18
   6.7529E+02   7.8629E-18
   7.7270E+02   7.1156E-18
   8.8418E+02   6.4311E-18
   1.0117E+03   5.8055E-18
   1.1577E+03   5.2350E-18
   1.3247E+03   4.7155E-18
   1.5158E+03   4.2435E-18
   1.7345E+03   3.8152E-18
   1.9847E+03   3.4273E-18
   2.2710E+03   3.0762E-18
   2.5986E+03   2.7591E-18
   2.9735E+03   2.4728E-18
   3.4025E+03   2.2148E-18
   3.8933E+03   1.9824E-18
   4.4550E+03   1.7733E-18
   5.0977E+03   1.5854E-18
   5.8331E+03   1.4166E-18
   6.6746E+03   1.2652E-18
   7.6375E+03   1.1293E-18
   8.7393E+03   1.0076E-18
   1.0000E+04   8.9862E-19
-1
0.0  0.0  0.0
