# Equation:    e(-)+C_3H_2->C_2(+)+CH_2+2e(-)
# Type:         ionization
# Reference:    R. K. Janev and D. Reiter
#               Phys. Plasmas, Vol.11, No.2, February 2004
#
710109
e(-)+C_3H_2->C_2(+)+CH_2+2e(-)
18.69
 5
  2113     1    63   704     1
    -1    -1     1     1     2
 2
 48
   1.8690E+01   1.0000E-30
   2.1192E+01   9.7250E-21
   2.7247E+01   1.5688E-18
   3.5031E+01   8.0402E-18
   3.9721E+01   7.6862E-18
   4.5039E+01   7.2837E-18
   5.7905E+01   6.7273E-18
   6.5658E+01   6.0248E-18
   7.4448E+01   6.2031E-18
   8.4416E+01   5.8458E-18
   9.5717E+01   5.4401E-18
   1.0853E+02   5.5165E-18
   1.2306E+02   5.0958E-18
   1.3954E+02   4.8526E-18
   1.5822E+02   4.7779E-18
   1.7940E+02   6.4356E-18
   2.0342E+02   2.7166E-18
   2.3066E+02   2.9955E-18
   2.6154E+02   2.8857E-18
   2.9655E+02   2.7113E-18
   3.3626E+02   2.5222E-18
   3.8127E+02   2.3333E-18
   4.3232E+02   2.1505E-18
   4.9020E+02   1.9764E-18
   5.5583E+02   1.8123E-18
   6.3024E+02   1.6586E-18
   7.1462E+02   1.5153E-18
   8.1030E+02   1.3823E-18
   9.1878E+02   1.2593E-18
   1.0418E+03   1.1458E-18
   1.1813E+03   1.0414E-18
   1.3394E+03   9.4545E-19
   1.5187E+03   8.5753E-19
   1.7221E+03   7.7709E-19
   1.9526E+03   7.0360E-19
   2.2140E+03   6.3656E-19
   2.5105E+03   5.7549E-19
   2.8466E+03   5.1992E-19
   3.2277E+03   4.6941E-19
   3.6598E+03   4.2355E-19
   4.1498E+03   3.8194E-19
   4.7054E+03   3.4424E-19
   5.3353E+03   3.1010E-19
   6.0496E+03   2.7921E-19
   6.8596E+03   2.5128E-19
   7.7779E+03   2.2605E-19
   8.8193E+03   2.0326E-19
   1.0000E+04   1.8270E-19
-1
0.0  0.0  0.0
