# Equation:    e(-)+C_3H_3->CH_2(+)+C_2H+2e(-)
# Type:         ionization
# Reference:    R. K. Janev and D. Reiter
#               Phys. Plasmas, Vol.11, No.2, February 2004
#
710100
e(-)+C_3H_3->CH_2(+)+C_2H+2e(-)
16.62
 5
  2111     1   705   718     1
    -1    -1     1     1     2
 2
 49
   1.6620E+01   1.0000E-30
   2.1469E+01   6.7993E-19
   2.7732E+01   9.3495E-18
   3.1519E+01   1.6168E-17
   3.5822E+01   1.7691E-17
   4.0714E+01   1.7726E-17
   4.6273E+01   1.7266E-17
   5.2592E+01   1.6605E-17
   5.9773E+01   1.5851E-17
   6.7935E+01   1.5050E-17
   7.7211E+01   1.4229E-17
   8.7754E+01   1.3404E-17
   9.9737E+01   1.2584E-17
   1.1336E+02   1.1778E-17
   1.2883E+02   1.0993E-17
   1.4643E+02   1.0232E-17
   1.6642E+02   9.5000E-18
   1.8914E+02   8.7996E-18
   2.1497E+02   8.1327E-18
   2.4432E+02   7.5006E-18
   2.7769E+02   6.9039E-18
   3.1560E+02   6.3429E-18
   3.5870E+02   5.8172E-18
   4.0768E+02   5.3264E-18
   4.6334E+02   4.8695E-18
   5.2661E+02   4.4453E-18
   5.9852E+02   4.0525E-18
   6.8024E+02   3.6897E-18
   7.7313E+02   3.3553E-18
   8.7870E+02   3.0478E-18
   9.9868E+02   2.7656E-18
   1.1350E+03   2.5070E-18
   1.2900E+03   2.2704E-18
   1.4662E+03   2.0544E-18
   1.6664E+03   1.8573E-18
   1.8939E+03   1.6779E-18
   2.1525E+03   1.5146E-18
   2.4465E+03   1.3663E-18
   2.7805E+03   1.2317E-18
   3.1602E+03   1.1097E-18
   3.5917E+03   9.9911E-19
   4.0821E+03   8.9908E-19
   4.6395E+03   8.0863E-19
   5.2731E+03   7.2691E-19
   5.9931E+03   6.5313E-19
   6.8114E+03   5.8658E-19
   7.7415E+03   5.2657E-19
   8.7986E+03   4.7250E-19
   1.0000E+04   4.2382E-19
-1
0.0  0.0  0.0
