# Equation:    e(-)+C_3H->C_2(+)+CH+2e(-)
# Type:         ionization
# Reference:    R. K. Janev and D. Reiter
#               Phys. Plasmas, Vol.11, No.2, February 2004
#
710117
e(-)+C_3H->C_2(+)+CH+2e(-)
21.85
 5
  2115     1    63   706     1
    -1    -1     1     1     2
 2
 51
   2.1850E+01   1.0000E-30
   2.4698E+01   9.9340E-21
   2.7917E+01   1.2428E-18
   3.1556E+01   4.0247E-18
   3.5669E+01   4.3348E-18
   4.0319E+01   4.1494E-18
   4.5574E+01   3.9564E-18
   5.1514E+01   3.7734E-18
   5.8229E+01   3.5661E-18
   6.5819E+01   3.1787E-18
   7.4398E+01   5.4761E-18
   8.4095E+01   3.7911E-18
   9.5057E+01   3.6147E-18
   1.0745E+02   3.6911E-18
   1.2145E+02   4.8720E-18
   1.3728E+02   2.0346E-19
   1.5518E+02   1.6740E-18
   1.7540E+02   1.8242E-18
   1.9827E+02   1.8021E-18
   2.2411E+02   1.7278E-18
   2.5332E+02   1.6336E-18
   2.8634E+02   1.5319E-18
   3.2366E+02   1.4286E-18
   3.6585E+02   1.3267E-18
   4.1354E+02   1.2281E-18
   4.6744E+02   1.1337E-18
   5.2837E+02   1.0442E-18
   5.9724E+02   9.5974E-19
   6.7509E+02   8.8053E-19
   7.6308E+02   8.0654E-19
   8.6254E+02   7.3768E-19
   9.7497E+02   6.7380E-19
   1.1021E+03   6.1469E-19
   1.2457E+03   5.6013E-19
   1.4081E+03   5.0988E-19
   1.5916E+03   4.6369E-19
   1.7991E+03   4.2130E-19
   2.0336E+03   3.8247E-19
   2.2986E+03   3.4695E-19
   2.5982E+03   3.1450E-19
   2.9369E+03   2.8488E-19
   3.3197E+03   2.5789E-19
   3.7524E+03   2.3332E-19
   4.2415E+03   2.1097E-19
   4.7944E+03   1.9065E-19
   5.4193E+03   1.7221E-19
   6.1257E+03   1.5548E-19
   6.9242E+03   1.4030E-19
   7.8267E+03   1.2656E-19
   8.8469E+03   1.1411E-19
   1.0000E+04   1.0285E-19
-1
0.0  0.0  0.0
