# Equation:    e(-)+C_3H_2->C_3(+)+H_2+2e(-)
# Type:         ionization
# Reference:    R. K. Janev and D. Reiter
#               Phys. Plasmas, Vol.11, No.2, February 2004
#
710106
e(-)+C_3H_2->C_3(+)+H_2+2e(-)
15.72
 5
  2113     1    66    14     1
    -1    -1     1     1     2
 2
 49
   1.5720E+01   1.0000E-30
   2.3156E+01   4.8562E-18
   2.6347E+01   1.7760E-17
   2.9978E+01   2.8317E-17
   3.4110E+01   3.4857E-17
   3.8810E+01   3.8544E-17
   4.4159E+01   4.0404E-17
   5.0245E+01   4.1065E-17
   5.7169E+01   4.0904E-17
   6.5048E+01   4.0163E-17
   7.4012E+01   3.9006E-17
   8.4212E+01   3.7553E-17
   9.5818E+01   3.5892E-17
   1.0902E+02   3.4095E-17
   1.2405E+02   3.2215E-17
   1.4114E+02   3.0296E-17
   1.6059E+02   2.8372E-17
   1.8273E+02   2.6471E-17
   2.0791E+02   2.4614E-17
   2.3656E+02   2.2817E-17
   2.6916E+02   2.1092E-17
   3.0626E+02   1.9447E-17
   3.4846E+02   1.7889E-17
   3.9648E+02   1.6420E-17
   4.5113E+02   1.5042E-17
   5.1330E+02   1.3754E-17
   5.8404E+02   1.2555E-17
   6.6452E+02   1.1443E-17
   7.5610E+02   1.0414E-17
   8.6030E+02   9.4646E-18
   9.7887E+02   8.5912E-18
   1.1138E+03   7.7894E-18
   1.2673E+03   7.0548E-18
   1.4419E+03   6.3831E-18
   1.6406E+03   5.7698E-18
   1.8667E+03   5.2109E-18
   2.1240E+03   4.7023E-18
   2.4167E+03   4.2400E-18
   2.7497E+03   3.8204E-18
   3.1287E+03   3.4399E-18
   3.5599E+03   3.0954E-18
   4.0505E+03   2.7837E-18
   4.6087E+03   2.5019E-18
   5.2438E+03   2.2474E-18
   5.9665E+03   2.0178E-18
   6.7887E+03   1.8107E-18
   7.7243E+03   1.6242E-18
   8.7888E+03   1.4562E-18
   1.0000E+04   1.3050E-18
-1
0.0  0.0  0.0
