# Equation:    e(-)+C_3H->CH(+)+C_2+2e(-)
# Type:         ionization
# Reference:    R. K. Janev and D. Reiter
#               Phys. Plasmas, Vol.11, No.2, February 2004
#
710118
e(-)+C_3H->CH(+)+C_2+2e(-)
21.08
 5
  2115     1   707    64     1
    -1    -1     1     1     2
 2
 49
   2.1080E+01   1.0000E-30
   2.3845E+01   2.9505E-20
   3.4511E+01   1.6883E-17
   3.9038E+01   1.0223E-17
   4.4158E+01   8.9115E-18
   4.9949E+01   8.7834E-18
   5.6500E+01   1.0078E-17
   6.3911E+01   3.7121E-17
   7.2293E+01   4.5005E-19
   8.1775E+01   2.8805E-18
   9.2500E+01   3.4156E-18
   1.0463E+02   3.5347E-18
   1.1836E+02   3.4983E-18
   1.3388E+02   3.3892E-18
   1.5144E+02   3.2427E-18
   1.7130E+02   3.0763E-18
   1.9377E+02   2.9002E-18
   2.1918E+02   2.7207E-18
   2.4793E+02   2.5419E-18
   2.8044E+02   2.3666E-18
   3.1723E+02   2.1967E-18
   3.5883E+02   2.0336E-18
   4.0589E+02   1.8781E-18
   4.5913E+02   1.7307E-18
   5.1935E+02   1.5917E-18
   5.8746E+02   1.4613E-18
   6.6451E+02   1.3394E-18
   7.5167E+02   1.2258E-18
   8.5025E+02   1.1202E-18
   9.6177E+02   1.0225E-18
   1.0879E+03   9.3216E-19
   1.2306E+03   8.4887E-19
   1.3920E+03   7.7223E-19
   1.5746E+03   7.0184E-19
   1.7811E+03   6.3731E-19
   2.0147E+03   5.7822E-19
   2.2789E+03   5.2421E-19
   2.5778E+03   4.7489E-19
   2.9159E+03   4.2992E-19
   3.2983E+03   3.8896E-19
   3.7309E+03   3.5169E-19
   4.2203E+03   3.1781E-19
   4.7738E+03   2.8704E-19
   5.3999E+03   2.5911E-19
   6.1081E+03   2.3379E-19
   6.9093E+03   2.1085E-19
   7.8155E+03   1.9008E-19
   8.8405E+03   1.7128E-19
   1.0000E+04   1.5428E-19
-1
0.0  0.0  0.0
