# Equation:    e(-)+C_3H->C_3H(+)+2e(-)
# Type:         ionization
# Reference:    R. K. Janev and D. Reiter
#               Phys. Plasmas, Vol.11, No.2, February 2004
#
710114
e(-)+C_3H->C_3H(+)+2e(-)
12.70
 4
  2115     1  2116     1
    -1    -1     1     2
 2
 51
   1.2700E+01   1.0000E-30
   1.4512E+01   6.9679E-18
   1.6583E+01   4.0963E-17
   1.8949E+01   1.0248E-16
   2.1652E+01   1.8154E-16
   2.4741E+01   2.6698E-16
   2.8271E+01   3.4981E-16
   3.2305E+01   4.2396E-16
   3.6914E+01   4.8596E-16
   4.2181E+01   5.3437E-16
   4.8200E+01   5.6911E-16
   5.5077E+01   5.9102E-16
   6.2935E+01   6.0144E-16
   7.1914E+01   6.0195E-16
   8.2175E+01   5.9420E-16
   9.3899E+01   5.7976E-16
   1.0730E+02   5.6009E-16
   1.2261E+02   5.3651E-16
   1.4010E+02   5.1014E-16
   1.6009E+02   4.8196E-16
   1.8293E+02   4.5277E-16
   2.0903E+02   4.2323E-16
   2.3885E+02   3.9386E-16
   2.7293E+02   3.6509E-16
   3.1187E+02   3.3722E-16
   3.5637E+02   3.1049E-16
   4.0722E+02   2.8506E-16
   4.6532E+02   2.6104E-16
   5.3171E+02   2.3848E-16
   6.0757E+02   2.1741E-16
   6.9426E+02   1.9782E-16
   7.9331E+02   1.7967E-16
   9.0650E+02   1.6292E-16
   1.0358E+03   1.4752E-16
   1.1836E+03   1.3338E-16
   1.3525E+03   1.2046E-16
   1.5455E+03   1.0865E-16
   1.7660E+03   9.7903E-17
   2.0180E+03   8.8128E-17
   2.3059E+03   7.9256E-17
   2.6349E+03   7.1215E-17
   3.0108E+03   6.3939E-17
   3.4404E+03   5.7364E-17
   3.9313E+03   5.1429E-17
   4.4922E+03   4.6077E-17
   5.1331E+03   4.1257E-17
   5.8655E+03   3.6919E-17
   6.7024E+03   3.3020E-17
   7.6586E+03   2.9517E-17
   8.7514E+03   2.6373E-17
   1.0000E+04   2.3552E-17
-1
0.0  0.0  0.0
