# Equation:    e(-)+C_3H->C(+)+C_2H+2e(-)
# Type:         ionization
# Reference:    R. K. Janev and D. Reiter
#               Phys. Plasmas, Vol.11, No.2, February 2004
#
710119
e(-)+C_3H->C(+)+C_2H+2e(-)
19.24
 5
  2115     1    61   718     1
    -1    -1     1     1     2
 2
 51
   1.9240E+01   1.0000E-30
   2.1803E+01   3.7965E-18
   2.4708E+01   6.9181E-18
   2.8000E+01   8.9852E-18
   3.1730E+01   1.0329E-17
   3.5957E+01   1.1200E-17
   4.0747E+01   1.1737E-17
   4.6176E+01   1.2021E-17
   5.2328E+01   1.2106E-17
   5.9299E+01   1.2032E-17
   6.7199E+01   1.1831E-17
   7.6152E+01   1.1530E-17
   8.6297E+01   1.1150E-17
   9.7794E+01   1.0711E-17
   1.1082E+02   1.0229E-17
   1.2559E+02   9.7177E-18
   1.4232E+02   9.1888E-18
   1.6128E+02   8.6522E-18
   1.8276E+02   8.1158E-18
   2.0711E+02   7.5862E-18
   2.3471E+02   7.0687E-18
   2.6597E+02   6.5674E-18
   3.0141E+02   6.0854E-18
   3.4156E+02   5.6251E-18
   3.8707E+02   5.1879E-18
   4.3863E+02   4.7747E-18
   4.9707E+02   4.3861E-18
   5.6329E+02   4.0220E-18
   6.3834E+02   3.6820E-18
   7.2338E+02   3.3658E-18
   8.1975E+02   3.0723E-18
   9.2896E+02   2.8009E-18
   1.0527E+03   2.5503E-18
   1.1930E+03   2.3195E-18
   1.3519E+03   2.1074E-18
   1.5320E+03   1.9128E-18
   1.7361E+03   1.7346E-18
   1.9674E+03   1.5717E-18
   2.2295E+03   1.4229E-18
   2.5265E+03   1.2873E-18
   2.8631E+03   1.1637E-18
   3.2446E+03   1.0514E-18
   3.6768E+03   9.4926E-19
   4.1667E+03   8.5656E-19
   4.7218E+03   7.7248E-19
   5.3508E+03   6.9629E-19
   6.0637E+03   6.2731E-19
   6.8715E+03   5.6489E-19
   7.7870E+03   5.0845E-19
   8.8244E+03   4.5746E-19
   1.0000E+04   4.1142E-19
-1
0.0  0.0  0.0
