# Equation:    e(-)+C_3H->H(+)+C_3+2e(-)
# Type:         ionization
# Reference:    R. K. Janev and D. Reiter
#               Phys. Plasmas, Vol.11, No.2, February 2004
#
710120
e(-)+C_3H->H(+)+C_3+2e(-)
19.97
 5
  2115     1    11    65     1
    -1    -1     1     1     2
 2
 50
   1.9970E+01   1.0000E-30
   2.5607E+01   6.3778E-19
   2.8997E+01   4.8326E-18
   3.2836E+01   1.0732E-17
   3.7183E+01   1.6140E-17
   4.2105E+01   2.0318E-17
   4.7679E+01   2.3266E-17
   5.3991E+01   2.5182E-17
   6.1138E+01   2.6280E-17
   6.9231E+01   2.6743E-17
   7.8396E+01   2.6717E-17
   8.8774E+01   2.6316E-17
   1.0053E+02   2.5635E-17
   1.1383E+02   2.4745E-17
   1.2890E+02   2.3705E-17
   1.4597E+02   2.2564E-17
   1.6529E+02   2.1359E-17
   1.8717E+02   2.0120E-17
   2.1195E+02   1.8873E-17
   2.4001E+02   1.7636E-17
   2.7178E+02   1.6425E-17
   3.0776E+02   1.5250E-17
   3.4850E+02   1.4121E-17
   3.9464E+02   1.3043E-17
   4.4688E+02   1.2020E-17
   5.0604E+02   1.1054E-17
   5.7303E+02   1.0147E-17
   6.4888E+02   9.2979E-18
   7.3478E+02   8.5066E-18
   8.3205E+02   7.7712E-18
   9.4220E+02   7.0899E-18
   1.0669E+03   6.4602E-18
   1.2082E+03   5.8797E-18
   1.3681E+03   5.3457E-18
   1.5492E+03   4.8553E-18
   1.7543E+03   4.4058E-18
   1.9865E+03   3.9945E-18
   2.2495E+03   3.6187E-18
   2.5473E+03   3.2758E-18
   2.8845E+03   2.9633E-18
   3.2664E+03   2.6788E-18
   3.6988E+03   2.4201E-18
   4.1884E+03   2.1851E-18
   4.7429E+03   1.9719E-18
   5.3708E+03   1.7785E-18
   6.0818E+03   1.6033E-18
   6.8869E+03   1.4447E-18
   7.7986E+03   1.3012E-18
   8.8310E+03   1.1714E-18
   1.0000E+04   1.0542E-18
-1
0.0  0.0  0.0
