# Equation:    e(-)+C_3H_3->CH(+)+C_2H_2+2e(-)
# Type:         ionization
# Reference:    R. K. Janev and D. Reiter
#               Phys. Plasmas, Vol.11, No.2, February 2004
#
710101
e(-)+C_3H_3->CH(+)+C_2H_2+2e(-)
16.43
 5
  2111     1   707   716     1
    -1    -1     1     1     2
 2
 50
   1.6430E+01   1.0000E-30
   1.8678E+01   1.3100E-19
   2.4138E+01   8.4910E-18
   2.7440E+01   1.7361E-17
   3.1194E+01   2.0063E-17
   3.5462E+01   2.0513E-17
   4.0313E+01   2.0186E-17
   4.5828E+01   1.9545E-17
   5.2098E+01   1.8756E-17
   5.9226E+01   1.7890E-17
   6.7328E+01   1.6984E-17
   7.6539E+01   1.6058E-17
   8.7011E+01   1.5128E-17
   9.8914E+01   1.4205E-17
   1.1245E+02   1.3298E-17
   1.2783E+02   1.2413E-17
   1.4532E+02   1.1555E-17
   1.6520E+02   1.0729E-17
   1.8780E+02   9.9390E-18
   2.1349E+02   9.1861E-18
   2.4270E+02   8.4721E-18
   2.7590E+02   7.7981E-18
   3.1365E+02   7.1642E-18
   3.5656E+02   6.5702E-18
   4.0534E+02   6.0155E-18
   4.6079E+02   5.4990E-18
   5.2383E+02   5.0195E-18
   5.9550E+02   4.5756E-18
   6.7697E+02   4.1655E-18
   7.6958E+02   3.7876E-18
   8.7487E+02   3.4400E-18
   9.9456E+02   3.1210E-18
   1.1306E+03   2.8288E-18
   1.2853E+03   2.5615E-18
   1.4611E+03   2.3174E-18
   1.6610E+03   2.0948E-18
   1.8883E+03   1.8921E-18
   2.1466E+03   1.7077E-18
   2.4403E+03   1.5402E-18
   2.7741E+03   1.3882E-18
   3.1537E+03   1.2505E-18
   3.5851E+03   1.1257E-18
   4.0756E+03   1.0128E-18
   4.6332E+03   9.1075E-19
   5.2670E+03   8.1856E-19
   5.9876E+03   7.3534E-19
   6.8067E+03   6.6028E-19
   7.7379E+03   5.9262E-19
   8.7966E+03   5.3167E-19
   1.0000E+04   4.7679E-19
-1
0.0  0.0  0.0
