# Equation:    e(-)+C_3H_3->H(+)+C_3H_2+2e(-)
# Type:         ionization
# Reference:    R. K. Janev and D. Reiter
#               Phys. Plasmas, Vol.11, No.2, February 2004
#
710103
e(-)+C_3H_3->H(+)+C_3H_2+2e(-)
18.55
 5
  2111     1    11  2113     1
    -1    -1     1     1     2
 2
 48
   1.8550E+01   1.0000E-30
   2.1037E+01   9.6573E-21
   2.7055E+01   2.9266E-18
   3.4794E+01   1.6127E-17
   4.4748E+01   9.6947E-18
   5.0747E+01   2.6708E-17
   5.7550E+01   3.2826E-17
   6.5264E+01   3.4622E-17
   7.4013E+01   3.4568E-17
   8.3935E+01   3.3631E-17
   9.5186E+01   3.2243E-17
   1.0795E+02   3.0624E-17
   1.2242E+02   2.8893E-17
   1.3883E+02   2.7121E-17
   1.5744E+02   2.5353E-17
   1.7854E+02   2.3618E-17
   2.0248E+02   2.1935E-17
   2.2962E+02   2.0318E-17
   2.6040E+02   1.8776E-17
   2.9531E+02   1.7312E-17
   3.3489E+02   1.5931E-17
   3.7979E+02   1.4633E-17
   4.3070E+02   1.3418E-17
   4.8843E+02   1.2285E-17
   5.5391E+02   1.1231E-17
   6.2816E+02   1.0253E-17
   7.1237E+02   9.3485E-18
   8.0786E+02   8.5138E-18
   9.1616E+02   7.7450E-18
   1.0390E+03   7.0384E-18
   1.1782E+03   6.3899E-18
   1.3362E+03   5.7960E-18
   1.5153E+03   5.2527E-18
   1.7184E+03   4.7565E-18
   1.9488E+03   4.3040E-18
   2.2101E+03   3.8917E-18
   2.5063E+03   3.5165E-18
   2.8423E+03   3.1754E-18
   3.2233E+03   2.8657E-18
   3.6554E+03   2.5848E-18
   4.1454E+03   2.3301E-18
   4.7011E+03   2.0994E-18
   5.3313E+03   1.8906E-18
   6.0460E+03   1.7018E-18
   6.8565E+03   1.5312E-18
   7.7756E+03   1.3771E-18
   8.8179E+03   1.2380E-18
   1.0000E+04   1.1125E-18
-1
0.0  0.0  0.0
