# Equation:    e(-)+C_3H_2->CH_2(+)+C_2+2e(-)
# Type:         ionization
# Reference:    R. K. Janev and D. Reiter
#               Phys. Plasmas, Vol.11, No.2, February 2004
#
710110
e(-)+C_3H_2->CH_2(+)+C_2+2e(-)
17.68
 5
  2113     1   705    64     1
    -1    -1     1     1     2
 2
 49
   1.7680E+01   1.0000E-30
   2.2782E+01   4.4471E-19
   2.9355E+01   2.4048E-18
   3.3322E+01   1.0162E-17
   3.7825E+01   1.0989E-17
   4.2937E+01   1.0506E-17
   4.8740E+01   8.0418E-18
   5.5327E+01   9.8955E-18
   6.2804E+01   9.1939E-18
   7.1291E+01   1.1548E-17
   8.0926E+01   1.0095E-17
   9.1862E+01   1.1577E-17
   1.0428E+02   2.1587E-18
   1.1837E+02   5.6419E-18
   1.3437E+02   5.8157E-18
   1.5252E+02   5.6295E-18
   1.7314E+02   5.3409E-18
   1.9653E+02   5.0172E-18
   2.2309E+02   4.6839E-18
   2.5324E+02   4.3531E-18
   2.8747E+02   4.0315E-18
   3.2632E+02   3.7226E-18
   3.7042E+02   3.4287E-18
   4.2048E+02   3.1509E-18
   4.7730E+02   2.8898E-18
   5.4180E+02   2.6456E-18
   6.1502E+02   2.4180E-18
   6.9814E+02   2.2066E-18
   7.9249E+02   2.0109E-18
   8.9959E+02   1.8301E-18
   1.0212E+03   1.6637E-18
   1.1592E+03   1.5107E-18
   1.3158E+03   1.3703E-18
   1.4936E+03   1.2418E-18
   1.6955E+03   1.1243E-18
   1.9246E+03   1.0171E-18
   2.1847E+03   9.1941E-19
   2.4800E+03   8.3047E-19
   2.8151E+03   7.4962E-19
   3.1956E+03   6.7619E-19
   3.6274E+03   6.0958E-19
   4.1176E+03   5.4921E-19
   4.6741E+03   4.9455E-19
   5.3058E+03   4.4510E-19
   6.0228E+03   4.0039E-19
   6.8367E+03   3.6000E-19
   7.7607E+03   3.2355E-19
   8.8095E+03   2.9066E-19
   1.0000E+04   2.6101E-19
-1
0.0  0.0  0.0
