# Equation:    e(-)+C_3H_2->H(+)+C_3H+2e(-)
# Type:         ionization
# Reference:    R. K. Janev and D. Reiter
#               Phys. Plasmas, Vol.11, No.2, February 2004
#
710113
e(-)+C_3H_2->H(+)+C_3H+2e(-)
14.87
 5
  2113     1    11  2115     1
    -1    -1     1     1     2
 2
 51
   1.4870E+01   1.0000E-30
   1.6938E+01   1.8576E-17
   1.9294E+01   3.4613E-17
   2.1977E+01   4.7966E-17
   2.5034E+01   5.8146E-17
   2.8515E+01   6.5544E-17
   3.2481E+01   7.0623E-17
   3.6999E+01   7.3793E-17
   4.2145E+01   7.5396E-17
   4.8006E+01   7.5722E-17
   5.4683E+01   7.5017E-17
   6.2288E+01   7.3493E-17
   7.0951E+01   7.1330E-17
   8.0818E+01   6.8680E-17
   9.2059E+01   6.5674E-17
   1.0486E+02   6.2421E-17
   1.1945E+02   5.9013E-17
   1.3606E+02   5.5526E-17
   1.5498E+02   5.2022E-17
   1.7654E+02   4.8551E-17
   2.0109E+02   4.5154E-17
   2.2906E+02   4.1861E-17
   2.6091E+02   3.8696E-17
   2.9720E+02   3.5675E-17
   3.3853E+02   3.2811E-17
   3.8562E+02   3.0108E-17
   4.3925E+02   2.7572E-17
   5.0034E+02   2.5201E-17
   5.6992E+02   2.2994E-17
   6.4919E+02   2.0946E-17
   7.3948E+02   1.9052E-17
   8.4232E+02   1.7306E-17
   9.5947E+02   1.5699E-17
   1.0929E+03   1.4224E-17
   1.2449E+03   1.2874E-17
   1.4181E+03   1.1639E-17
   1.6153E+03   1.0513E-17
   1.8399E+03   9.4875E-18
   2.0958E+03   8.5546E-18
   2.3873E+03   7.7073E-18
   2.7193E+03   6.9388E-18
   3.0975E+03   6.2425E-18
   3.5283E+03   5.6124E-18
   4.0191E+03   5.0428E-18
   4.5780E+03   4.5283E-18
   5.2147E+03   4.0641E-18
   5.9400E+03   3.6456E-18
   6.7661E+03   3.2685E-18
   7.7071E+03   2.9290E-18
   8.7790E+03   2.6236E-18
   1.0000E+04   2.3491E-18
-1
0.0  0.0  0.0
