# Equation:    e(-)+C_3H->C_3(+)+H+2e(-)
# Type:         ionization
# Reference:    R. K. Janev and D. Reiter
#               Phys. Plasmas, Vol.11, No.2, February 2004
#
710115
e(-)+C_3H->C_3(+)+H+2e(-)
18.98
 5
  2115     1    66    10     1
    -1    -1     1     1     2
 2
 51
   1.8980E+01   1.0000E-30
   2.1514E+01   5.4033E-18
   2.4387E+01   6.1897E-18
   2.7644E+01   6.7869E-18
   3.1335E+01   7.2313E-18
   3.5519E+01   7.5399E-18
   4.0262E+01   7.7265E-18
   4.5639E+01   7.8053E-18
   5.1733E+01   7.7905E-18
   5.8641E+01   7.6962E-18
   6.6472E+01   7.5356E-18
   7.5348E+01   7.3211E-18
   8.5409E+01   7.0639E-18
   9.6814E+01   6.7742E-18
   1.0974E+02   6.4609E-18
   1.2440E+02   6.1317E-18
   1.4101E+02   5.7933E-18
   1.5984E+02   5.4513E-18
   1.8118E+02   5.1106E-18
   2.0537E+02   4.7750E-18
   2.3280E+02   4.4475E-18
   2.6388E+02   4.1308E-18
   2.9912E+02   3.8265E-18
   3.3906E+02   3.5361E-18
   3.8434E+02   3.2604E-18
   4.3566E+02   3.0001E-18
   4.9384E+02   2.7553E-18
   5.5978E+02   2.5260E-18
   6.3453E+02   2.3121E-18
   7.1926E+02   2.1131E-18
   8.1530E+02   1.9285E-18
   9.2417E+02   1.7577E-18
   1.0476E+03   1.6001E-18
   1.1875E+03   1.4550E-18
   1.3460E+03   1.3217E-18
   1.5258E+03   1.1995E-18
   1.7295E+03   1.0875E-18
   1.9605E+03   9.8514E-19
   2.2222E+03   8.9171E-19
   2.5190E+03   8.0653E-19
   2.8553E+03   7.2898E-19
   3.2366E+03   6.5844E-19
   3.6688E+03   5.9436E-19
   4.1587E+03   5.3620E-19
   4.7141E+03   4.8346E-19
   5.3435E+03   4.3568E-19
   6.0571E+03   3.9243E-19
   6.8659E+03   3.5330E-19
   7.7827E+03   3.1793E-19
   8.8220E+03   2.8598E-19
   1.0000E+04   2.5714E-19
-1
0.0  0.0  0.0
