# Equation:    e(-)+C_3H_2->C(+)+C_2H_2+2e(-)
# Type:         ionization
# Reference:    R. K. Janev and D. Reiter
#               Phys. Plasmas, Vol.11, No.2, February 2004
#
710112
e(-)+C_3H_2->C(+)+C_2H_2+2e(-)
15.65
 5
  2113     1    61   716     1
    -1    -1     1     1     2
 2
 51
   1.5650E+01   1.0000E-30
   1.7808E+01   2.2564E-18
   2.0264E+01   1.1655E-17
   2.3059E+01   2.2073E-17
   2.6239E+01   2.9432E-17
   2.9858E+01   3.4009E-17
   3.3976E+01   3.6708E-17
   3.8662E+01   3.8143E-17
   4.3994E+01   3.8686E-17
   5.0061E+01   3.8573E-17
   5.6965E+01   3.7967E-17
   6.4822E+01   3.6990E-17
   7.3762E+01   3.5733E-17
   8.3935E+01   3.4272E-17
   9.5510E+01   3.2667E-17
   1.0868E+02   3.0968E-17
   1.2367E+02   2.9215E-17
   1.4073E+02   2.7442E-17
   1.6014E+02   2.5676E-17
   1.8222E+02   2.3938E-17
   2.0735E+02   2.2245E-17
   2.3595E+02   2.0611E-17
   2.6849E+02   1.9045E-17
   3.0552E+02   1.7554E-17
   3.4765E+02   1.6143E-17
   3.9560E+02   1.4814E-17
   4.5016E+02   1.3568E-17
   5.1224E+02   1.2404E-17
   5.8289E+02   1.1321E-17
   6.6328E+02   1.0317E-17
   7.5475E+02   9.3879E-18
   8.5885E+02   8.5313E-18
   9.7729E+02   7.7433E-18
   1.1121E+03   7.0200E-18
   1.2654E+03   6.3574E-18
   1.4400E+03   5.7515E-18
   1.6386E+03   5.1985E-18
   1.8645E+03   4.6946E-18
   2.1217E+03   4.2360E-18
   2.4143E+03   3.8192E-18
   2.7473E+03   3.4410E-18
   3.1262E+03   3.0981E-18
   3.5573E+03   2.7876E-18
   4.0479E+03   2.5067E-18
   4.6062E+03   2.2528E-18
   5.2414E+03   2.0235E-18
   5.9643E+03   1.8166E-18
   6.7869E+03   1.6301E-18
   7.7229E+03   1.4620E-18
   8.7880E+03   1.3107E-18
   1.0000E+04   1.1746E-18
-1
0.0  0.0  0.0
