# Equation:    e(-)+C_3H_3->C(+)+C_2H_3+2e(-)
# Type:         ionization
# Reference:    R. K. Janev and D. Reiter
#               Phys. Plasmas, Vol.11, No.2, February 2004
#
710102
e(-)+C_3H_3->C(+)+C_2H_3+2e(-)
19.08
 5
  2111     1    61   714     1
    -1    -1     1     1     2
 2
 48
   1.9080E+01   1.0000E-30
   2.1626E+01   7.3293E-22
   2.7781E+01   3.0023E-18
   3.1487E+01   2.1480E-18
   3.5688E+01   5.3089E-17
   4.0449E+01   2.0855E-18
   4.5846E+01   4.2898E-17
   5.1962E+01   3.6035E-17
   5.8894E+01   3.2951E-17
   6.6752E+01   3.0524E-17
   9.7191E+01   7.3511E-18
   1.1016E+02   1.3476E-17
   1.2485E+02   1.4473E-17
   1.4151E+02   1.4293E-17
   1.6039E+02   1.3704E-17
   1.8179E+02   1.2951E-17
   2.0604E+02   1.2136E-17
   2.3353E+02   1.1307E-17
   2.6469E+02   1.0491E-17
   3.0000E+02   9.7019E-18
   3.4003E+02   8.9475E-18
   3.8539E+02   8.2326E-18
   4.3681E+02   7.5593E-18
   4.9508E+02   6.9285E-18
   5.6113E+02   6.3400E-18
   6.3600E+02   5.7928E-18
   7.2085E+02   5.2857E-18
   8.1702E+02   4.8169E-18
   9.2602E+02   4.3846E-18
   1.0496E+03   3.9868E-18
   1.1896E+03   3.6215E-18
   1.3483E+03   3.2866E-18
   1.5282E+03   2.9800E-18
   1.7321E+03   2.6998E-18
   1.9631E+03   2.4441E-18
   2.2250E+03   2.2111E-18
   2.5219E+03   1.9988E-18
   2.8584E+03   1.8058E-18
   3.2397E+03   1.6305E-18
   3.6719E+03   1.4713E-18
   4.1618E+03   1.3270E-18
   4.7170E+03   1.1962E-18
   5.3464E+03   1.0777E-18
   6.0596E+03   9.7056E-19
   6.8681E+03   8.7366E-19
   7.7844E+03   7.8611E-19
   8.8229E+03   7.0705E-19
   1.0000E+04   6.3569E-19
-1
0.0  0.0  0.0
