# Equation:    e(-)+C_3H_2->C_3H(+)+H+2e(-)
# Type:         ionization
# Reference:    R. K. Janev and D. Reiter
#               Phys. Plasmas, Vol.11, No.2, February 2004
#
710105
e(-)+C_3H_2->C_3H(+)+H+2e(-)
13.91
 5
  2113     1  2116    10     1
    -1    -1     1     1     2
 2
 51
   1.3910E+01   1.0000E-30
   1.5866E+01   1.2733E-17
   1.8096E+01   1.6565E-17
   2.0641E+01   1.9654E-17
   2.3543E+01   2.2087E-17
   2.6853E+01   2.3910E-17
   3.0629E+01   2.5175E-17
   3.4935E+01   2.5943E-17
   3.9847E+01   2.6277E-17
   4.5449E+01   2.6244E-17
   5.1840E+01   2.5904E-17
   5.9128E+01   2.5314E-17
   6.7442E+01   2.4526E-17
   7.6924E+01   2.3586E-17
   8.7740E+01   2.2533E-17
   1.0008E+02   2.1403E-17
   1.1415E+02   2.0223E-17
   1.3020E+02   1.9019E-17
   1.4850E+02   1.7811E-17
   1.6938E+02   1.6616E-17
   1.9320E+02   1.5447E-17
   2.2036E+02   1.4314E-17
   2.5134E+02   1.3226E-17
   2.8668E+02   1.2187E-17
   3.2699E+02   1.1202E-17
   3.7296E+02   1.0274E-17
   4.2540E+02   9.4026E-18
   4.8521E+02   8.5885E-18
   5.5343E+02   7.8310E-18
   6.3124E+02   7.1284E-18
   7.2000E+02   6.4789E-18
   8.2123E+02   5.8803E-18
   9.3669E+02   5.3299E-18
   1.0684E+03   4.8251E-18
   1.2186E+03   4.3632E-18
   1.3899E+03   3.9413E-18
   1.5854E+03   3.5567E-18
   1.8083E+03   3.2066E-18
   2.0625E+03   2.8885E-18
   2.3525E+03   2.5998E-18
   2.6833E+03   2.3382E-18
   3.0605E+03   2.1014E-18
   3.4909E+03   1.8873E-18
   3.9817E+03   1.6940E-18
   4.5415E+03   1.5195E-18
   5.1800E+03   1.3623E-18
   5.9083E+03   1.2206E-18
   6.7391E+03   1.0932E-18
   7.6866E+03   9.7855E-19
   8.7673E+03   8.7554E-19
   1.0000E+04   7.8303E-19
-1
0.0  0.0  0.0
