# Equation:    e(-)+C_3H_2->C_2H(+)+CH+2e(-)
# Type:         ionization
# Reference:    R. K. Janev and D. Reiter
#               Phys. Plasmas, Vol.11, No.2, February 2004
#
710108
e(-)+C_3H_2->C_2H(+)+CH+2e(-)
17.31
 5
  2113     1   719   706     1
    -1    -1     1     1     2
 2
 48
   1.7310E+01   1.0000E-30
   1.9658E+01   7.2181E-20
   3.2694E+01   1.0467E-17
   3.7128E+01   1.4891E-17
   4.2163E+01   1.4210E-17
   4.7882E+01   1.2090E-17
   5.4376E+01   2.1943E-17
   6.1750E+01   2.8113E-17
   7.0125E+01   3.6276E-18
   7.9635E+01   8.2899E-18
   9.0436E+01   8.8605E-18
   1.0270E+02   8.7631E-18
   1.1663E+02   8.4447E-18
   1.3245E+02   8.0331E-18
   1.5041E+02   7.5802E-18
   1.7081E+02   7.1115E-18
   1.9397E+02   6.6416E-18
   2.2028E+02   6.1795E-18
   2.5016E+02   5.7310E-18
   2.8408E+02   5.2999E-18
   3.2261E+02   4.8889E-18
   3.6637E+02   4.4995E-18
   4.1605E+02   4.1324E-18
   4.7248E+02   3.7881E-18
   5.3656E+02   3.4664E-18
   6.0933E+02   3.1669E-18
   6.9197E+02   2.8890E-18
   7.8581E+02   2.6319E-18
   8.9239E+02   2.3945E-18
   1.0134E+03   2.1760E-18
   1.1509E+03   1.9752E-18
   1.3069E+03   1.7912E-18
   1.4842E+03   1.6227E-18
   1.6855E+03   1.4687E-18
   1.9141E+03   1.3282E-18
   2.1737E+03   1.2002E-18
   2.4685E+03   1.0838E-18
   2.8032E+03   9.7792E-19
   3.1834E+03   8.8183E-19
   3.6152E+03   7.9470E-19
   4.1055E+03   7.1575E-19
   4.6623E+03   6.4429E-19
   5.2946E+03   5.7966E-19
   6.0126E+03   5.2125E-19
   6.8281E+03   4.6851E-19
   7.7541E+03   4.2092E-19
   8.8057E+03   3.7800E-19
   1.0000E+04   3.3931E-19
-1
0.0  0.0  0.0
