# Equation:    e(-)+C_3H_2->C_2H_2(+)+C+2e(-)
# Type:         ionization
# Reference:    R. K. Janev and D. Reiter
#               Phys. Plasmas, Vol.11, No.2, February 2004
#
710107
e(-)+C_3H_2->C_2H_2(+)+C+2e(-)
15.78
 5
  2113     1   717    60     1
    -1    -1     1     1     2
 2
 48
   1.5780E+01   1.0000E-30
   1.7953E+01   1.0762E-19
   2.0426E+01   7.6403E-19
   3.4224E+01   1.0854E-17
   3.8938E+01   2.2078E-17
   4.4301E+01   2.7590E-17
   5.0402E+01   3.0113E-17
   5.7344E+01   3.1040E-17
   6.5241E+01   3.1045E-17
   7.4227E+01   3.0476E-17
   8.4450E+01   2.9536E-17
   9.6081E+01   2.8352E-17
   1.0931E+02   2.7011E-17
   1.2437E+02   2.5574E-17
   1.4150E+02   2.4086E-17
   1.6099E+02   2.2581E-17
   1.8316E+02   2.1085E-17
   2.0838E+02   1.9618E-17
   2.3708E+02   1.8194E-17
   2.6974E+02   1.6825E-17
   3.0689E+02   1.5518E-17
   3.4915E+02   1.4278E-17
   3.9724E+02   1.3108E-17
   4.5195E+02   1.2010E-17
   5.1420E+02   1.0983E-17
   5.8502E+02   1.0027E-17
   6.6559E+02   9.1401E-18
   7.5726E+02   8.3191E-18
   8.6155E+02   7.5616E-18
   9.8021E+02   6.8645E-18
   1.1152E+03   6.2244E-18
   1.2688E+03   5.6378E-18
   1.4436E+03   5.1013E-18
   1.6424E+03   4.6116E-18
   1.8686E+03   4.1652E-18
   2.1259E+03   3.7588E-18
   2.4187E+03   3.3895E-18
   2.7518E+03   3.0543E-18
   3.1308E+03   2.7503E-18
   3.5620E+03   2.4750E-18
   4.0526E+03   2.2259E-18
   4.6108E+03   2.0007E-18
   5.2458E+03   1.7973E-18
   5.9683E+03   1.6138E-18
   6.7903E+03   1.4483E-18
   7.7255E+03   1.2992E-18
   8.7895E+03   1.1649E-18
   1.0000E+04   1.0440E-18
-1
0.0  0.0  0.0
