# Equation:    e(-)+C_3H_2->CH(+)+C_2H+2e(-)
# Type:         ionization
# Reference:    R. K. Janev and D. Reiter
#               Phys. Plasmas, Vol.11, No.2, February 2004
#
710111
e(-)+C_3H_2->CH(+)+C_2H+2e(-)
16.34
 5
  2113     1   707   718     1
    -1    -1     1     1     2
 2
 49
   1.6340E+01   1.0000E-30
   2.4014E+01   4.5405E-18
   2.7302E+01   9.0771E-18
   3.1040E+01   3.5007E-18
   3.5291E+01   3.9272E-17
   4.0123E+01   2.6988E-17
   4.5618E+01   4.7258E-17
   5.1864E+01   3.6780E-18
   5.8966E+01   1.0077E-17
   6.7040E+01   1.1154E-17
   7.6220E+01   1.1250E-17
   8.6658E+01   1.0996E-17
   9.8524E+01   1.0580E-17
   1.1202E+02   1.0081E-17
   1.2735E+02   9.5382E-18
   1.4479E+02   8.9747E-18
   1.6462E+02   8.4061E-18
   1.8716E+02   7.8426E-18
   2.1279E+02   7.2918E-18
   2.4193E+02   6.7589E-18
   2.7506E+02   6.2476E-18
   3.1272E+02   5.7606E-18
   3.5554E+02   5.2993E-18
   4.0423E+02   4.8647E-18
   4.5958E+02   4.4571E-18
   5.2251E+02   4.0764E-18
   5.9406E+02   3.7221E-18
   6.7541E+02   3.3934E-18
   7.6789E+02   3.0894E-18
   8.7304E+02   2.8089E-18
   9.9259E+02   2.5508E-18
   1.1285E+03   2.3138E-18
   1.2830E+03   2.0965E-18
   1.4587E+03   1.8978E-18
   1.6585E+03   1.7164E-18
   1.8856E+03   1.5510E-18
   2.1438E+03   1.4003E-18
   2.4373E+03   1.2634E-18
   2.7711E+03   1.1390E-18
   3.1505E+03   1.0262E-18
   3.5820E+03   9.2394E-19
   4.0724E+03   8.3139E-19
   4.6301E+03   7.4770E-19
   5.2641E+03   6.7207E-19
   5.9849E+03   6.0378E-19
   6.8045E+03   5.4217E-19
   7.7362E+03   4.8662E-19
   8.7956E+03   4.3658E-19
   1.0000E+04   3.9152E-19
-1
0.0  0.0  0.0
