# Equation:    e(-)+C_3H_2->C_3H_2(+)+2e(-)
# Type:         ionization
# Reference:    R. K. Janev and D. Reiter
#               Phys. Plasmas, Vol.11, No.2, February 2004
#
710104
e(-)+C_3H_2->C_3H_2(+)+2e(-)
10.43
 4
  2113     1  2114     1
    -1    -1     1     2
 2
 51
   1.0430E+01   1.0000E-30
   1.1965E+01   8.3881E-18
   1.3726E+01   4.6613E-17
   1.5747E+01   1.1148E-16
   1.8064E+01   1.9034E-16
   2.0723E+01   2.7152E-16
   2.3773E+01   3.4683E-16
   2.7272E+01   4.1141E-16
   3.1287E+01   4.6302E-16
   3.5892E+01   5.0121E-16
   4.1174E+01   5.2661E-16
   4.7235E+01   5.4049E-16
   5.4187E+01   5.4439E-16
   6.2163E+01   5.3995E-16
   7.1312E+01   5.2874E-16
   8.1809E+01   5.1222E-16
   9.3850E+01   4.9168E-16
   1.0766E+02   4.6825E-16
   1.2351E+02   4.4288E-16
   1.4169E+02   4.1637E-16
   1.6254E+02   3.8937E-16
   1.8647E+02   3.6240E-16
   2.1391E+02   3.3589E-16
   2.4540E+02   3.1015E-16
   2.8152E+02   2.8541E-16
   3.2296E+02   2.6184E-16
   3.7049E+02   2.3955E-16
   4.2502E+02   2.1861E-16
   4.8758E+02   1.9904E-16
   5.5934E+02   1.8085E-16
   6.4167E+02   1.6400E-16
   7.3612E+02   1.4847E-16
   8.4447E+02   1.3419E-16
   9.6876E+02   1.2111E-16
   1.1114E+03   1.0915E-16
   1.2749E+03   9.8246E-17
   1.4626E+03   8.8331E-17
   1.6779E+03   7.9331E-17
   1.9248E+03   7.1176E-17
   2.2081E+03   6.3800E-17
   2.5331E+03   5.7139E-17
   2.9060E+03   5.1132E-17
   3.3337E+03   4.5721E-17
   3.8244E+03   4.0854E-17
   4.3873E+03   3.6480E-17
   5.0330E+03   3.2554E-17
   5.7738E+03   2.9033E-17
   6.6236E+03   2.5879E-17
   7.5986E+03   2.3055E-17
   8.7170E+03   2.0528E-17
   1.0000E+04   1.8270E-17
-1
0.0  0.0  0.0
