# Equation:    e(-)+C_3H->C_2H(+)+C+2e(-)
# Type:         ionization
# Reference:    R. K. Janev and D. Reiter
#               Phys. Plasmas, Vol.11, No.2, February 2004
#
710116
e(-)+C_3H->C_2H(+)+C+2e(-)
19.58
 5
  2115     1   719    60     1
    -1    -1     1     1     2
 2
 51
   1.9580E+01   1.0000E-30
   2.2181E+01   3.7290E-19
   2.5127E+01   2.4390E-18
   2.8465E+01   4.0266E-18
   3.2245E+01   4.8113E-18
   3.6528E+01   5.2039E-18
   4.1380E+01   5.3980E-18
   4.6877E+01   5.4719E-18
   5.3103E+01   5.4622E-18
   6.0157E+01   5.3900E-18
   6.8148E+01   5.2695E-18
   7.7199E+01   5.1114E-18
   8.7454E+01   4.9247E-18
   9.9070E+01   4.7166E-18
   1.1223E+02   4.4934E-18
   1.2714E+02   4.2605E-18
   1.4402E+02   4.0222E-18
   1.6315E+02   3.7825E-18
   1.8482E+02   3.5443E-18
   2.0937E+02   3.3103E-18
   2.3719E+02   3.0825E-18
   2.6869E+02   2.8624E-18
   3.0438E+02   2.6513E-18
   3.4481E+02   2.4500E-18
   3.9061E+02   2.2591E-18
   4.4249E+02   2.0789E-18
   5.0127E+02   1.9096E-18
   5.6785E+02   1.7510E-18
   6.4328E+02   1.6031E-18
   7.2872E+02   1.4654E-18
   8.2552E+02   1.3378E-18
   9.3517E+02   1.2197E-18
   1.0594E+03   1.1108E-18
   1.2001E+03   1.0104E-18
   1.3595E+03   9.1820E-19
   1.5401E+03   8.3358E-19
   1.7446E+03   7.5609E-19
   1.9764E+03   6.8522E-19
   2.2389E+03   6.2051E-19
   2.5363E+03   5.6149E-19
   2.8732E+03   5.0773E-19
   3.2548E+03   4.5882E-19
   3.6871E+03   4.1437E-19
   4.1769E+03   3.7400E-19
   4.7317E+03   3.3738E-19
   5.3602E+03   3.0419E-19
   6.0722E+03   2.7413E-19
   6.8787E+03   2.4692E-19
   7.7924E+03   2.2232E-19
   8.8275E+03   2.0008E-19
   1.0000E+04   1.8000E-19
-1
0.0  0.0  0.0
