# Equation:    e(-)+C_3H_3->C_2H+CH_2+e(-)
# Type:         Electron impact dissociation
# Reference:    R. K. Janev and D. Reiter
#               Phys. Plasmas, Vol.11, No.2, February 2004
#
710238
e(-)+C_3H_3->C_2H+CH_2+e(-)
7.87
 5
  2111     1   718   704     1
    -1    -1     1     1     1
 4
 50
   7.8700E+00   1.0000E-30
   1.0475E+01   8.4709E-19
   1.2084E+01   6.7493E-18
   1.3941E+01   1.2872E-17
   1.6083E+01   1.6670E-17
   1.8555E+01   1.8426E-17
   2.1406E+01   1.8940E-17
   2.4696E+01   1.8758E-17
   2.8490E+01   1.8186E-17
   3.2868E+01   1.7394E-17
   3.7919E+01   1.6479E-17
   4.3746E+01   1.5502E-17
   5.0469E+01   1.4499E-17
   5.8224E+01   1.3496E-17
   6.7171E+01   1.2511E-17
   7.7493E+01   1.1555E-17
   8.9401E+01   1.0637E-17
   1.0314E+02   9.7620E-18
   1.1899E+02   8.9341E-18
   1.3727E+02   8.1554E-18
   1.5837E+02   7.4269E-18
   1.8270E+02   6.7486E-18
   2.1078E+02   6.1196E-18
   2.4317E+02   5.5386E-18
   2.8054E+02   5.0038E-18
   3.2364E+02   4.5132E-18
   3.7338E+02   4.0643E-18
   4.3075E+02   3.6548E-18
   4.9695E+02   3.2821E-18
   5.7331E+02   2.9437E-18
   6.6141E+02   2.6370E-18
   7.6305E+02   2.3597E-18
   8.8030E+02   2.1094E-18
   1.0156E+03   1.8837E-18
   1.1716E+03   1.6807E-18
   1.3517E+03   1.4982E-18
   1.5594E+03   1.3345E-18
   1.7990E+03   1.1878E-18
   2.0755E+03   1.0564E-18
   2.3944E+03   9.3895E-19
   2.7623E+03   8.3399E-19
   3.1868E+03   7.4032E-19
   3.6765E+03   6.5679E-19
   4.2415E+03   5.8236E-19
   4.8933E+03   5.1609E-19
   5.6452E+03   4.5714E-19
   6.5127E+03   4.0472E-19
   7.5134E+03   3.5816E-19
   8.6680E+03   3.1681E-19
   1.0000E+04   2.8012E-19
-1
0.0  0.0  0.0
