# Equation:    e(-)+C_3->C_2+C+e(-)
# Type:         Electron impact dissociation
# Reference:    R. K. Janev and D. Reiter
#               Phys. Plasmas, Vol.11, No.2, February 2004
#
710246
e(-)+C_3->C_2+C+e(-)
9.27
 5
    65     1    64    60     1
    -1    -1     1     1     1
 4
 51
   9.2700E+00   1.0000E-30
   1.0660E+01   2.2860E-18
   1.2257E+01   1.3343E-17
   1.4095E+01   3.3137E-17
   1.6207E+01   5.8255E-17
   1.8637E+01   8.5007E-17
   2.1430E+01   1.1050E-16
   2.4643E+01   1.3285E-16
   2.8337E+01   1.5104E-16
   3.2584E+01   1.6470E-16
   3.7468E+01   1.7393E-16
   4.3085E+01   1.7908E-16
   4.9543E+01   1.8066E-16
   5.6969E+01   1.7923E-16
   6.5508E+01   1.7536E-16
   7.5328E+01   1.6957E-16
   8.6619E+01   1.6236E-16
   9.9603E+01   1.5413E-16
   1.1453E+02   1.4524E-16
   1.3170E+02   1.3599E-16
   1.5144E+02   1.2662E-16
   1.7414E+02   1.1731E-16
   2.0025E+02   1.0821E-16
   2.3026E+02   9.9433E-17
   2.6478E+02   9.1050E-17
   3.0447E+02   8.3117E-17
   3.5010E+02   7.5665E-17
   4.0258E+02   6.8709E-17
   4.6293E+02   6.2253E-17
   5.3232E+02   5.6288E-17
   6.1211E+02   5.0801E-17
   7.0387E+02   4.5772E-17
   8.0937E+02   4.1178E-17
   9.3069E+02   3.6993E-17
   1.0702E+03   3.3191E-17
   1.2306E+03   2.9744E-17
   1.4151E+03   2.6626E-17
   1.6272E+03   2.3812E-17
   1.8711E+03   2.1275E-17
   2.1516E+03   1.8992E-17
   2.4741E+03   1.6941E-17
   2.8449E+03   1.5099E-17
   3.2714E+03   1.3449E-17
   3.7618E+03   1.1971E-17
   4.3256E+03   1.0649E-17
   4.9740E+03   9.4678E-18
   5.7196E+03   8.4129E-18
   6.5770E+03   7.4718E-18
   7.5628E+03   6.6327E-18
   8.6964E+03   5.8851E-18
   1.0000E+04   5.2196E-18
-1
0.0  0.0  0.0
