# Equation:    e(-)+C_3H_4->C_2+CH_4+e(-)
# Type:         Electron impact dissociation
# Reference:    R. K. Janev and D. Reiter
#               Phys. Plasmas, Vol.11, No.2, February 2004
#
710232
e(-)+C_3H_4->C_2+CH_4+e(-)
8.07
 5
  2109     1    64   700     1
    -1    -1     1     1     1
 4
 48
   8.0700E+00   1.0000E-30
   9.3054E+00   5.2792E-19
   1.6451E+01   9.4752E-18
   1.8969E+01   1.3193E-17
   2.1873E+01   1.4320E-17
   2.5222E+01   1.4428E-17
   2.9083E+01   1.4083E-17
   3.3535E+01   1.3517E-17
   3.8669E+01   1.2835E-17
   4.4589E+01   1.2096E-17
   5.1415E+01   1.1332E-17
   5.9286E+01   1.0564E-17
   6.8361E+01   9.8057E-18
   7.8827E+01   9.0680E-18
   9.0894E+01   8.3572E-18
   1.0481E+02   7.6784E-18
   1.2085E+02   7.0345E-18
   1.3936E+02   6.4277E-18
   1.6069E+02   5.8588E-18
   1.8529E+02   5.3282E-18
   2.1365E+02   4.8355E-18
   2.4636E+02   4.3797E-18
   2.8408E+02   3.9597E-18
   3.2757E+02   3.5738E-18
   3.7771E+02   3.2205E-18
   4.3554E+02   2.8978E-18
   5.0221E+02   2.6038E-18
   5.7909E+02   2.3366E-18
   6.6775E+02   2.0944E-18
   7.6997E+02   1.8751E-18
   8.8784E+02   1.6770E-18
   1.0238E+03   1.4984E-18
   1.1805E+03   1.3376E-18
   1.3612E+03   1.1930E-18
   1.5696E+03   1.0631E-18
   1.8099E+03   9.4666E-19
   2.0870E+03   8.4235E-19
   2.4064E+03   7.4903E-19
   2.7748E+03   6.6561E-19
   3.1996E+03   5.9112E-19
   3.6895E+03   5.2466E-19
   4.2543E+03   4.6541E-19
   4.9055E+03   4.1264E-19
   5.6565E+03   3.6567E-19
   6.5225E+03   3.2389E-19
   7.5210E+03   2.8675E-19
   8.6724E+03   2.5376E-19
   1.0000E+04   2.2448E-19
-1
0.0  0.0  0.0
