# Equation:    e(-)+C_3->3C+e(-)
# Type:         Electron impact dissociation
# Reference:    R. K. Janev and D. Reiter
#               Phys. Plasmas, Vol.11, No.2, February 2004
#
710247
e(-)+C_3->3C+e(-)
16.67
 4
    65     1    60     1
    -1    -1     3     1
 4
 51
   1.6670E+01   1.0000E-30
   1.8945E+01   3.9242E-18
   2.1531E+01   5.5779E-18
   2.4469E+01   7.1472E-18
   2.7809E+01   8.5068E-18
   3.1604E+01   9.5957E-18
   3.5917E+01   1.0400E-17
   4.0819E+01   1.0933E-17
   4.6390E+01   1.1226E-17
   5.2721E+01   1.1311E-17
   5.9917E+01   1.1225E-17
   6.8094E+01   1.1002E-17
   7.7388E+01   1.0671E-17
   8.7949E+01   1.0259E-17
   9.9952E+01   9.7894E-18
   1.1359E+02   9.2803E-18
   1.2910E+02   8.7480E-18
   1.4672E+02   8.2054E-18
   1.6674E+02   7.6626E-18
   1.8950E+02   7.1280E-18
   2.1536E+02   6.6076E-18
   2.4475E+02   6.1062E-18
   2.7815E+02   5.6271E-18
   3.1612E+02   5.1725E-18
   3.5926E+02   4.7439E-18
   4.0829E+02   4.3417E-18
   4.6401E+02   3.9662E-18
   5.2734E+02   3.6170E-18
   5.9931E+02   3.2933E-18
   6.8110E+02   2.9943E-18
   7.7406E+02   2.7189E-18
   8.7970E+02   2.4658E-18
   9.9976E+02   2.2338E-18
   1.1362E+03   2.0215E-18
   1.2913E+03   1.8277E-18
   1.4675E+03   1.6509E-18
   1.6678E+03   1.4901E-18
   1.8954E+03   1.3438E-18
   2.1541E+03   1.2111E-18
   2.4481E+03   1.0907E-18
   2.7822E+03   9.8170E-19
   3.1619E+03   8.8305E-19
   3.5934E+03   7.9388E-19
   4.0839E+03   7.1334E-19
   4.6412E+03   6.4065E-19
   5.2746E+03   5.7510E-19
   5.9945E+03   5.1603E-19
   6.8127E+03   4.6283E-19
   7.7424E+03   4.1495E-19
   8.7991E+03   3.7188E-19
   1.0000E+04   3.3316E-19
-1
0.0  0.0  0.0
