# Equation:    e(-)+C_3H_8->C_2H_5+CH_3+e(-)
# Type:         Electron impact dissociation
# Reference:    R. K. Janev and D. Reiter
#               Phys. Plasmas, Vol.11, No.2, February 2004
#
710205
e(-)+C_3H_8->C_2H_5+CH_3+e(-)
5.05
 5
  2101     1   710   702     1
    -1    -1     1     1     1
 4
 51
   5.0500E+00   1.0000E-30
   5.8779E+00   6.4658E-17
   6.8416E+00   6.3522E-17
   7.9633E+00   5.8725E-17
   9.2689E+00   5.3994E-17
   1.0789E+01   4.9754E-17
   1.2557E+01   4.5944E-17
   1.4616E+01   4.2468E-17
   1.7012E+01   3.9256E-17
   1.9802E+01   3.6264E-17
   2.3048E+01   3.3462E-17
   2.6827E+01   3.0833E-17
   3.1225E+01   2.8364E-17
   3.6344E+01   2.6047E-17
   4.2303E+01   2.3872E-17
   4.9238E+01   2.1837E-17
   5.7311E+01   1.9934E-17
   6.6707E+01   1.8160E-17
   7.7644E+01   1.6510E-17
   9.0373E+01   1.4980E-17
   1.0519E+02   1.3565E-17
   1.2244E+02   1.2259E-17
   1.4251E+02   1.1058E-17
   1.6587E+02   9.9573E-18
   1.9307E+02   8.9502E-18
   2.2472E+02   8.0315E-18
   2.6157E+02   7.1957E-18
   3.0445E+02   6.4371E-18
   3.5436E+02   5.7502E-18
   4.1246E+02   5.1296E-18
   4.8008E+02   4.5701E-18
   5.5879E+02   4.0666E-18
   6.5041E+02   3.6145E-18
   7.5704E+02   3.2091E-18
   8.8116E+02   2.8462E-18
   1.0256E+03   2.5220E-18
   1.1938E+03   2.2326E-18
   1.3895E+03   1.9747E-18
   1.6173E+03   1.7451E-18
   1.8825E+03   1.5410E-18
   2.1911E+03   1.3598E-18
   2.5503E+03   1.1991E-18
   2.9684E+03   1.0566E-18
   3.4551E+03   9.3052E-19
   4.0216E+03   8.1896E-19
   4.6809E+03   7.2036E-19
   5.4483E+03   6.3328E-19
   6.3416E+03   5.5644E-19
   7.3813E+03   4.8868E-19
   8.5914E+03   4.2897E-19
   1.0000E+04   3.7638E-19
-1
0.0  0.0  0.0
