# Equation:    e(-)+C_3H_3->C_2H_2+CH+e(-)
# Type:         Electron impact dissociation
# Reference:    R. K. Janev and D. Reiter
#               Phys. Plasmas, Vol.11, No.2, February 2004
#
710237
e(-)+C_3H_3->C_2H_2+CH+e(-)
7.50
 5
  2111     1   716   706     1
    -1    -1     1     1     1
 4
 51
   7.5000E+00   1.0000E-30
   8.6608E+00   9.4266E-18
   1.0001E+01   1.6591E-17
   1.1549E+01   2.1706E-17
   1.3337E+01   2.4506E-17
   1.5401E+01   2.5686E-17
   1.7785E+01   2.5863E-17
   2.0538E+01   2.5433E-17
   2.3717E+01   2.4628E-17
   2.7387E+01   2.3590E-17
   3.1626E+01   2.2411E-17
   3.6521E+01   2.1150E-17
   4.2174E+01   1.9849E-17
   4.8702E+01   1.8538E-17
   5.6240E+01   1.7241E-17
   6.4945E+01   1.5972E-17
   7.4997E+01   1.4745E-17
   8.6604E+01   1.3568E-17
   1.0001E+02   1.2448E-17
   1.1549E+02   1.1389E-17
   1.3336E+02   1.0394E-17
   1.5401E+02   9.4620E-18
   1.7784E+02   8.5947E-18
   2.0537E+02   7.7907E-18
   2.3715E+02   7.0482E-18
   2.7386E+02   6.3648E-18
   3.1625E+02   5.7380E-18
   3.6520E+02   5.1648E-18
   4.2172E+02   4.6419E-18
   4.8700E+02   4.1662E-18
   5.6237E+02   3.7345E-18
   6.4942E+02   3.3434E-18
   7.4993E+02   2.9900E-18
   8.6601E+02   2.6710E-18
   1.0000E+03   2.3837E-18
   1.1548E+03   2.1254E-18
   1.3336E+03   1.8933E-18
   1.5400E+03   1.6852E-18
   1.7783E+03   1.4988E-18
   2.0536E+03   1.3321E-18
   2.3714E+03   1.1831E-18
   2.7385E+03   1.0500E-18
   3.1623E+03   9.3138E-19
   3.6518E+03   8.2564E-19
   4.2170E+03   7.3150E-19
   4.8697E+03   6.4775E-19
   5.6235E+03   5.7330E-19
   6.4939E+03   5.0716E-19
   7.4990E+03   4.4844E-19
   8.6597E+03   3.9634E-19
   1.0000E+04   3.5016E-19
-1
0.0  0.0  0.0
