# Equation:    e(-)+C_3H_8->C_3H_7+H+e(-)
# Type:         Electron impact dissociation
# Reference:    R. K. Janev and D. Reiter
#               Phys. Plasmas, Vol.11, No.2, February 2004
#
710201
e(-)+C_3H_8->C_3H_7+H+e(-)
5.82
 5
  2101     1  2103    10     1
    -1    -1     1     1     1
 4
 51
   5.8200E+00   1.0000E-30
   6.7550E+00   2.3681E-17
   7.8402E+00   7.7858E-17
   9.0997E+00   1.2586E-16
   1.0562E+01   1.5682E-16
   1.2258E+01   1.7316E-16
   1.4228E+01   1.7934E-16
   1.6513E+01   1.7892E-16
   1.9166E+01   1.7434E-16
   2.2245E+01   1.6720E-16
   2.5819E+01   1.5856E-16
   2.9967E+01   1.4910E-16
   3.4781E+01   1.3929E-16
   4.0369E+01   1.2942E-16
   4.6854E+01   1.1971E-16
   5.4381E+01   1.1030E-16
   6.3117E+01   1.0127E-16
   7.3257E+01   9.2696E-17
   8.5026E+01   8.4603E-17
   9.8685E+01   7.7014E-17
   1.1454E+02   6.9936E-17
   1.3294E+02   6.3364E-17
   1.5430E+02   5.7289E-17
   1.7908E+02   5.1693E-17
   2.0785E+02   4.6558E-17
   2.4125E+02   4.1860E-17
   2.8000E+02   3.7575E-17
   3.2499E+02   3.3676E-17
   3.7720E+02   3.0139E-17
   4.3779E+02   2.6937E-17
   5.0812E+02   2.4045E-17
   5.8975E+02   2.1437E-17
   6.8450E+02   1.9091E-17
   7.9446E+02   1.6984E-17
   9.2209E+02   1.5094E-17
   1.0702E+03   1.3402E-17
   1.2422E+03   1.1889E-17
   1.4417E+03   1.0538E-17
   1.6733E+03   9.3334E-18
   1.9422E+03   8.2600E-18
   2.2542E+03   7.3049E-18
   2.6163E+03   6.4559E-18
   3.0366E+03   5.7020E-18
   3.5244E+03   5.0330E-18
   4.0906E+03   4.4399E-18
   4.7478E+03   3.9145E-18
   5.5105E+03   3.4495E-18
   6.3958E+03   3.0382E-18
   7.4233E+03   2.6747E-18
   8.6159E+03   2.3535E-18
   1.0000E+04   2.0701E-18
-1
0.0  0.0  0.0
