# Equation:    e(-)+C_3H_7->C_3H_4+H_2+H+e(-)
# Type:         Electron impact dissociation
# Reference:    R. K. Janev and D. Reiter
#               Phys. Plasmas, Vol.11, No.2, February 2004
#
710209
e(-)+C_3H_7->C_3H_4+H_2+H+e(-)
5.59
 6
  2103     1  2109    14    10     1
    -1    -1     1     1     1     1
 4
 48
   5.5900E+00   1.0000E-30
   6.4933E+00   1.6670E-17
   7.5425E+00   5.5264E-18
   1.0177E+01   3.0088E-16
   1.1821E+01   1.1897E-16
   1.3732E+01   1.3079E-16
   2.1522E+01   1.3192E-17
   2.4999E+01   1.6698E-17
   2.9039E+01   1.7360E-17
   3.3731E+01   1.6987E-17
   3.9182E+01   1.6181E-17
   4.5513E+01   1.5187E-17
   5.2867E+01   1.4123E-17
   6.1410E+01   1.3047E-17
   7.1333E+01   1.1993E-17
   8.2860E+01   1.0979E-17
   9.6249E+01   1.0017E-17
   1.1180E+02   9.1117E-18
   1.2987E+02   8.2660E-18
   1.5085E+02   7.4805E-18
   1.7523E+02   6.7546E-18
   2.0354E+02   6.0866E-18
   2.3643E+02   5.4742E-18
   2.7464E+02   4.9148E-18
   3.1901E+02   4.4052E-18
   3.7056E+02   3.9424E-18
   4.3044E+02   3.5232E-18
   4.9999E+02   3.1444E-18
   5.8079E+02   2.8027E-18
   6.7463E+02   2.4952E-18
   7.8365E+02   2.2190E-18
   9.1027E+02   1.9714E-18
   1.0574E+03   1.7496E-18
   1.2282E+03   1.5514E-18
   1.4267E+03   1.3744E-18
   1.6572E+03   1.2167E-18
   1.9250E+03   1.0762E-18
   2.2361E+03   9.5119E-19
   2.5974E+03   8.4016E-19
   3.0171E+03   7.4159E-19
   3.5046E+03   6.5418E-19
   4.0709E+03   5.7674E-19
   4.7287E+03   5.0817E-19
   5.4928E+03   4.4752E-19
   6.3804E+03   3.9390E-19
   7.4113E+03   3.4654E-19
   8.6089E+03   3.0473E-19
   1.0000E+04   2.6784E-19
-1
0.0  0.0  0.0
