# Equation:    e(-)+C_3H_7->C_3H_5+H_2+e(-)
# Type:         Electron impact dissociation
# Reference:    R. K. Janev and D. Reiter
#               Phys. Plasmas, Vol.11, No.2, February 2004
#
710208
e(-)+C_3H_7->C_3H_5+H_2+e(-)
2.40
 5
  2103     1  2107    14     1
    -1    -1     1     1     1
 4
 51
   2.4000E+00   1.0000E-30
   2.8354E+00   1.2819E-17
   3.3497E+00   5.7182E-17
   3.9573E+00   1.1622E-16
   4.6751E+00   1.7430E-16
   5.5232E+00   2.2314E-16
   6.5251E+00   2.5969E-16
   7.7087E+00   2.8388E-16
   9.1070E+00   2.9711E-16
   1.0759E+01   3.0130E-16
   1.2711E+01   2.9845E-16
   1.5016E+01   2.9035E-16
   1.7740E+01   2.7851E-16
   2.0958E+01   2.6415E-16
   2.4760E+01   2.4823E-16
   2.9251E+01   2.3148E-16
   3.4558E+01   2.1444E-16
   4.0826E+01   1.9753E-16
   4.8232E+01   1.8103E-16
   5.6981E+01   1.6516E-16
   6.7317E+01   1.5006E-16
   7.9528E+01   1.3583E-16
   9.3955E+01   1.2252E-16
   1.1100E+02   1.1017E-16
   1.3113E+02   9.8769E-17
   1.5492E+02   8.8304E-17
   1.8302E+02   7.8746E-17
   2.1622E+02   7.0056E-17
   2.5544E+02   6.2188E-17
   3.0178E+02   5.5090E-17
   3.5652E+02   4.8708E-17
   4.2119E+02   4.2990E-17
   4.9760E+02   3.7880E-17
   5.8786E+02   3.3325E-17
   6.9449E+02   2.9276E-17
   8.2047E+02   2.5685E-17
   9.6930E+02   2.2506E-17
   1.1451E+03   1.9697E-17
   1.3529E+03   1.7220E-17
   1.5983E+03   1.5038E-17
   1.8882E+03   1.3121E-17
   2.2307E+03   1.1437E-17
   2.6353E+03   9.9612E-18
   3.1134E+03   8.6686E-18
   3.6781E+03   7.5380E-18
   4.3453E+03   6.5502E-18
   5.1335E+03   5.6879E-18
   6.0647E+03   4.9359E-18
   7.1649E+03   4.2807E-18
   8.4646E+03   3.7103E-18
   1.0000E+04   3.2141E-18
-1
0.0  0.0  0.0
