# Equation:    e(-)+C_3H_4->C_3+2H_2+e(-)
# Type:         Electron impact dissociation
# Reference:    R. K. Janev and D. Reiter
#               Phys. Plasmas, Vol.11, No.2, February 2004
#
710228
e(-)+C_3H_4->C_3+2H_2+e(-)
8.92
 5
  2109     1    65    14     1
    -1    -1     1     2     1
 4
 47
   8.9200E+00   1.0000E-30
   1.5644E+01   9.0462E-18
   1.8002E+01   7.3161E-18
   2.0717E+01   8.2278E-17
   2.3840E+01   3.3708E-17
   3.1572E+01   5.3056E-18
   3.6332E+01   7.3674E-18
   4.1810E+01   7.6455E-18
   4.8115E+01   7.4561E-18
   5.5369E+01   7.0978E-18
   6.3718E+01   6.6725E-18
   7.3326E+01   6.2234E-18
   8.4382E+01   5.7720E-18
   9.7105E+01   5.3298E-18
   1.1175E+02   4.9035E-18
   1.2860E+02   4.4972E-18
   1.4799E+02   4.1131E-18
   1.7030E+02   3.7524E-18
   1.9598E+02   3.4155E-18
   2.2553E+02   3.1024E-18
   2.5953E+02   2.8126E-18
   2.9866E+02   2.5453E-18
   3.4370E+02   2.2996E-18
   3.9552E+02   2.0744E-18
   4.5516E+02   1.8687E-18
   5.2379E+02   1.6811E-18
   6.0276E+02   1.5104E-18
   6.9365E+02   1.3555E-18
   7.9824E+02   1.2152E-18
   9.1859E+02   1.0883E-18
   1.0571E+03   9.7375E-19
   1.2165E+03   8.7046E-19
   1.3999E+03   7.7747E-19
   1.6110E+03   6.9388E-19
   1.8539E+03   6.1881E-19
   2.1334E+03   5.5147E-19
   2.4551E+03   4.9114E-19
   2.8253E+03   4.3713E-19
   3.2513E+03   3.8883E-19
   3.7415E+03   3.4567E-19
   4.3057E+03   3.0714E-19
   4.9549E+03   2.7277E-19
   5.7020E+03   2.4212E-19
   6.5618E+03   2.1482E-19
   7.5512E+03   1.9051E-19
   8.6898E+03   1.6888E-19
   1.0000E+04   1.4965E-19
-1
0.0  0.0  0.0
