# Equation:    e(-)+C_3H_4->C_3H_2+H_2+e(-)
# Type:         Electron impact dissociation
# Reference:    R. K. Janev and D. Reiter
#               Phys. Plasmas, Vol.11, No.2, February 2004
#
710226
e(-)+C_3H_4->C_3H_2+H_2+e(-)
4.72
 5
  2109     1  2113    14     1
    -1    -1     1     1     1
 4
 51
   4.7200E+00   1.0000E-30
   5.5013E+00   9.7228E-18
   6.4119E+00   2.7546E-17
   7.4732E+00   4.8072E-17
   8.7102E+00   6.7070E-17
   1.0152E+01   8.2695E-17
   1.1832E+01   9.4439E-17
   1.3791E+01   1.0244E-16
   1.6074E+01   1.0714E-16
   1.8734E+01   1.0906E-16
   2.1835E+01   1.0873E-16
   2.5449E+01   1.0663E-16
   2.9662E+01   1.0320E-16
   3.4571E+01   9.8783E-17
   4.0294E+01   9.3693E-17
   4.6963E+01   8.8170E-17
   5.4737E+01   8.2408E-17
   6.3797E+01   7.6565E-17
   7.4357E+01   7.0761E-17
   8.6665E+01   6.5089E-17
   1.0101E+02   5.9619E-17
   1.1773E+02   5.4400E-17
   1.3722E+02   4.9467E-17
   1.5993E+02   4.4839E-17
   1.8640E+02   4.0527E-17
   2.1726E+02   3.6534E-17
   2.5322E+02   3.2855E-17
   2.9513E+02   2.9482E-17
   3.4398E+02   2.6401E-17
   4.0092E+02   2.3598E-17
   4.6728E+02   2.1056E-17
   5.4463E+02   1.8758E-17
   6.3477E+02   1.6686E-17
   7.3984E+02   1.4823E-17
   8.6231E+02   1.3151E-17
   1.0050E+03   1.1654E-17
   1.1714E+03   1.0316E-17
   1.3653E+03   9.1221E-18
   1.5913E+03   8.0589E-18
   1.8547E+03   7.1132E-18
   2.1617E+03   6.2732E-18
   2.5195E+03   5.5281E-18
   2.9365E+03   4.8679E-18
   3.4226E+03   4.2835E-18
   3.9891E+03   3.7668E-18
   4.6494E+03   3.3103E-18
   5.4190E+03   2.9075E-18
   6.3159E+03   2.5522E-18
   7.3614E+03   2.2391E-18
   8.5798E+03   1.9635E-18
   1.0000E+04   1.7210E-18
-1
0.0  0.0  0.0
