# Equation:    e(-)+C_3H_7->C_3H_6+H+e(-)
# Type:         Electron impact dissociation
# Reference:    R. K. Janev and D. Reiter
#               Phys. Plasmas, Vol.11, No.2, February 2004
#
710207
e(-)+C_3H_7->C_3H_6+H+e(-)
3.16
 5
  2103     1  2105    10     1
    -1    -1     1     1     1
 4
 51
   3.1600E+00   1.0000E-30
   3.7127E+00   3.2577E-17
   4.3621E+00   9.0198E-17
   5.1251E+00   1.4806E-16
   6.0216E+00   1.9474E-16
   7.0749E+00   2.2806E-16
   8.3124E+00   2.4917E-16
   9.7663E+00   2.6018E-16
   1.1475E+01   2.6327E-16
   1.3482E+01   2.6037E-16
   1.5840E+01   2.5310E-16
   1.8610E+01   2.4278E-16
   2.1866E+01   2.3041E-16
   2.5690E+01   2.1678E-16
   3.0184E+01   2.0248E-16
   3.5463E+01   1.8796E-16
   4.1667E+01   1.7355E-16
   4.8955E+01   1.5948E-16
   5.7517E+01   1.4593E-16
   6.7578E+01   1.3301E-16
   7.9398E+01   1.2081E-16
   9.3286E+01   1.0936E-16
   1.0960E+02   9.8707E-17
   1.2877E+02   8.8839E-17
   1.5130E+02   7.9750E-17
   1.7776E+02   7.1417E-17
   2.0886E+02   6.3810E-17
   2.4539E+02   5.6894E-17
   2.8831E+02   5.0628E-17
   3.3874E+02   4.4970E-17
   3.9799E+02   3.9876E-17
   4.6761E+02   3.5303E-17
   5.4940E+02   3.1208E-17
   6.4550E+02   2.7550E-17
   7.5840E+02   2.4289E-17
   8.9106E+02   2.1388E-17
   1.0469E+03   1.8812E-17
   1.2300E+03   1.6529E-17
   1.4452E+03   1.4509E-17
   1.6980E+03   1.2723E-17
   1.9950E+03   1.1147E-17
   2.3439E+03   9.7584E-18
   2.7539E+03   8.5360E-18
   3.2356E+03   7.4611E-18
   3.8016E+03   6.5170E-18
   4.4665E+03   5.6886E-18
   5.2478E+03   4.9623E-18
   6.1657E+03   4.3261E-18
   7.2442E+03   3.7694E-18
   8.5113E+03   3.2825E-18
   1.0000E+04   2.8570E-18
-1
0.0  0.0  0.0
