# Equation:    e(-)+C_3H_4->C_2H_3+CH+e(-)
# Type:         Electron impact dissociation
# Reference:    R. K. Janev and D. Reiter
#               Phys. Plasmas, Vol.11, No.2, February 2004
#
710229
e(-)+C_3H_4->C_2H_3+CH+e(-)
9.54
 5
  2109     1   714   706     1
    -1    -1     1     1     1
 4
 50
   9.5400E+00   1.0000E-30
   1.0964E+01   5.7567E-19
   1.2600E+01   1.0738E-18
   1.6641E+01   5.0499E-18
   1.9125E+01   2.4088E-18
   2.1979E+01   1.3700E-17
   2.5259E+01   1.2119E-17
   2.9028E+01   1.2394E-18
   3.3360E+01   1.6553E-17
   3.8339E+01   1.6776E-17
   4.4060E+01   2.3106E-16
   5.0636E+01   3.5669E-18
   5.8192E+01   5.6579E-18
   6.6877E+01   5.9004E-18
   7.6857E+01   5.7303E-18
   8.8327E+01   5.4222E-18
   1.0151E+02   5.0642E-18
   1.1666E+02   4.6924E-18
   1.3407E+02   4.3242E-18
   1.5407E+02   3.9683E-18
   1.7707E+02   3.6296E-18
   2.0349E+02   3.3104E-18
   2.3386E+02   3.0119E-18
   2.6876E+02   2.7345E-18
   3.0887E+02   2.4778E-18
   3.5496E+02   2.2412E-18
   4.0794E+02   2.0240E-18
   4.6881E+02   1.8252E-18
   5.3878E+02   1.6436E-18
   6.1918E+02   1.4783E-18
   7.1159E+02   1.3280E-18
   8.1778E+02   1.1917E-18
   9.3982E+02   1.0684E-18
   1.0801E+03   9.5686E-19
   1.2413E+03   8.5623E-19
   1.4265E+03   7.6556E-19
   1.6394E+03   6.8395E-19
   1.8840E+03   6.1059E-19
   2.1652E+03   5.4473E-19
   2.4883E+03   4.8565E-19
   2.8597E+03   4.3272E-19
   3.2865E+03   3.8533E-19
   3.7769E+03   3.4293E-19
   4.3406E+03   3.0505E-19
   4.9883E+03   2.7121E-19
   5.7328E+03   2.4101E-19
   6.5883E+03   2.1408E-19
   7.5715E+03   1.9007E-19
   8.7014E+03   1.6869E-19
   1.0000E+04   1.4965E-19
-1
0.0  0.0  0.0
