# Equation:    e(-)+C_3H->C+C_2H+e(-)
# Type:         Electron impact dissociation
# Reference:    R. K. Janev and D. Reiter
#               Phys. Plasmas, Vol.11, No.2, February 2004
#
710245
e(-)+C_3H->C+C_2H+e(-)
10.31
 5
  2115     1    60   718     1
    -1    -1     1     1     1
 4
 51
   1.0310E+01   1.0000E-30
   1.1830E+01   3.5198E-18
   1.3575E+01   9.4543E-18
   1.5576E+01   1.7130E-17
   1.7873E+01   2.5092E-17
   2.0508E+01   3.2355E-17
   2.3532E+01   3.8419E-17
   2.7002E+01   4.3108E-17
   3.0984E+01   4.6437E-17
   3.5553E+01   4.8520E-17
   4.0795E+01   4.9514E-17
   4.6810E+01   4.9591E-17
   5.3713E+01   4.8918E-17
   6.1633E+01   4.7652E-17
   7.0721E+01   4.5932E-17
   8.1149E+01   4.3878E-17
   9.3114E+01   4.1594E-17
   1.0684E+02   3.9166E-17
   1.2260E+02   3.6664E-17
   1.4068E+02   3.4146E-17
   1.6142E+02   3.1656E-17
   1.8522E+02   2.9229E-17
   2.1253E+02   2.6890E-17
   2.4387E+02   2.4658E-17
   2.7983E+02   2.2546E-17
   3.2109E+02   2.0560E-17
   3.6844E+02   1.8704E-17
   4.2276E+02   1.6980E-17
   4.8510E+02   1.5384E-17
   5.5663E+02   1.3913E-17
   6.3871E+02   1.2562E-17
   7.3289E+02   1.1325E-17
   8.4096E+02   1.0196E-17
   9.6496E+02   9.1682E-18
   1.1072E+03   8.2342E-18
   1.2705E+03   7.3875E-18
   1.4578E+03   6.6213E-18
   1.6728E+03   5.9291E-18
   1.9195E+03   5.3047E-18
   2.2025E+03   4.7422E-18
   2.5273E+03   4.2363E-18
   2.8999E+03   3.7816E-18
   3.3275E+03   3.3736E-18
   3.8182E+03   3.0078E-18
   4.3812E+03   2.6801E-18
   5.0272E+03   2.3867E-18
   5.7685E+03   2.1244E-18
   6.6190E+03   1.8900E-18
   7.5950E+03   1.6807E-18
   8.7150E+03   1.4940E-18
   1.0000E+04   1.3274E-18
-1
0.0  0.0  0.0
