# Equation:    e(-)+C_3H_5->C_2H_2+CH_3+e(-)
# Type:         Electron impact dissociation
# Reference:    R. K. Janev and D. Reiter
#               Phys. Plasmas, Vol.11, No.2, February 2004
#
710223
e(-)+C_3H_5->C_2H_2+CH_3+e(-)
4.02
 5
  2107     1   716   702     1
    -1    -1     1     1     1
 4
 51
   4.0200E+00   1.0000E-30
   4.7005E+00   7.0033E-17
   5.4961E+00   7.4746E-17
   6.4265E+00   7.7442E-17
   7.5143E+00   7.8411E-17
   8.7862E+00   7.7947E-17
   1.0274E+01   7.6347E-17
   1.2013E+01   7.3884E-17
   1.4046E+01   7.0796E-17
   1.6423E+01   6.7280E-17
   1.9204E+01   6.3496E-17
   2.2454E+01   5.9567E-17
   2.6255E+01   5.5589E-17
   3.0699E+01   5.1638E-17
   3.5896E+01   4.7766E-17
   4.1972E+01   4.4016E-17
   4.9077E+01   4.0417E-17
   5.7384E+01   3.6989E-17
   6.7097E+01   3.3747E-17
   7.8455E+01   3.0699E-17
   9.1735E+01   2.7849E-17
   1.0726E+02   2.5198E-17
   1.2542E+02   2.2743E-17
   1.4665E+02   2.0480E-17
   1.7147E+02   1.8401E-17
   2.0050E+02   1.6500E-17
   2.3444E+02   1.4766E-17
   2.7412E+02   1.3190E-17
   3.2052E+02   1.1762E-17
   3.7478E+02   1.0472E-17
   4.3822E+02   9.3098E-18
   5.1240E+02   8.2646E-18
   5.9913E+02   7.3270E-18
   7.0055E+02   6.4877E-18
   8.1913E+02   5.7378E-18
   9.5778E+02   5.0690E-18
   1.1199E+03   4.4735E-18
   1.3095E+03   3.9442E-18
   1.5311E+03   3.4743E-18
   1.7903E+03   3.0577E-18
   2.0934E+03   2.6889E-18
   2.4477E+03   2.3627E-18
   2.8620E+03   2.0746E-18
   3.3465E+03   1.8204E-18
   3.9130E+03   1.5963E-18
   4.5753E+03   1.3989E-18
   5.3498E+03   1.2252E-18
   6.2554E+03   1.0724E-18
   7.3142E+03   9.3824E-19
   8.5523E+03   8.2040E-19
   1.0000E+04   7.1702E-19
-1
0.0  0.0  0.0
