# Equation:    e(-)+C_3H_3->C_3H+2H+e(-)
# Type:         Electron impact dissociation
# Reference:    R. K. Janev and D. Reiter
#               Phys. Plasmas, Vol.11, No.2, February 2004
#
710236
e(-)+C_3H_3->C_3H+2H+e(-)
7.89
 5
  2111     1  2115    10     1
    -1    -1     1     2     1
 4
 47
   7.8900E+00   1.0000E-30
   9.1020E+00   2.5467E-19
   1.8596E+01   4.5851E-18
   2.1453E+01   1.2249E-17
   2.4748E+01   1.6470E-17
   2.8550E+01   1.8362E-17
   3.2935E+01   1.8915E-17
   3.7994E+01   1.8716E-17
   4.3831E+01   1.8093E-17
   5.0563E+01   1.7232E-17
   5.8330E+01   1.6241E-17
   6.7291E+01   1.5190E-17
   7.7627E+01   1.4120E-17
   8.9551E+01   1.3061E-17
   1.0331E+02   1.2030E-17
   1.1918E+02   1.1041E-17
   1.3748E+02   1.0101E-17
   1.5860E+02   9.2141E-18
   1.8296E+02   8.3838E-18
   2.1107E+02   7.6104E-18
   2.4349E+02   6.8938E-18
   2.8089E+02   6.2324E-18
   3.2404E+02   5.6244E-18
   3.7381E+02   5.0673E-18
   4.3123E+02   4.5583E-18
   4.9748E+02   4.0947E-18
   5.7389E+02   3.6734E-18
   6.6205E+02   3.2914E-18
   7.6374E+02   2.9458E-18
   8.8106E+02   2.6337E-18
   1.0164E+03   2.3522E-18
   1.1725E+03   2.0989E-18
   1.3526E+03   1.8713E-18
   1.5604E+03   1.6669E-18
   1.8001E+03   1.4838E-18
   2.0766E+03   1.3198E-18
   2.3956E+03   1.1731E-18
   2.7636E+03   1.0420E-18
   3.1881E+03   9.2502E-19
   3.6778E+03   8.2069E-19
   4.2428E+03   7.2773E-19
   4.8945E+03   6.4495E-19
   5.6463E+03   5.7131E-19
   6.5137E+03   5.0583E-19
   7.5142E+03   4.4765E-19
   8.6685E+03   3.9599E-19
   1.0000E+04   3.5015E-19
-1
0.0  0.0  0.0
