# Equation:    e(-)+C_3H_8->C_3H_6+H_2+e(-)
# Type:         Electron impact dissociation
# Reference:    R. K. Janev and D. Reiter
#               Phys. Plasmas, Vol.11, No.2, February 2004
#
710202
e(-)+C_3H_8->C_3H_6+H_2+e(-)
2.66
 5
  2101     1  2105    14     1
    -1    -1     1     1     1
 4
 51
   2.6600E+00   1.0000E-30
   3.1361E+00   7.9251E-17
   3.6973E+00   1.5033E-16
   4.3590E+00   2.1508E-16
   5.1391E+00   2.6590E-16
   6.0589E+00   3.0142E-16
   7.1432E+00   3.2296E-16
   8.4217E+00   3.3283E-16
   9.9289E+00   3.3353E-16
   1.1706E+01   3.2734E-16
   1.3801E+01   3.1619E-16
   1.6271E+01   3.0164E-16
   1.9183E+01   2.8492E-16
   2.2616E+01   2.6695E-16
   2.6663E+01   2.4842E-16
   3.1435E+01   2.2985E-16
   3.7061E+01   2.1159E-16
   4.3694E+01   1.9390E-16
   5.1514E+01   1.7698E-16
   6.0733E+01   1.6094E-16
   7.1603E+01   1.4585E-16
   8.4417E+01   1.3175E-16
   9.9525E+01   1.1867E-16
   1.1734E+02   1.0658E-16
   1.3834E+02   9.5481E-17
   1.6310E+02   8.5328E-17
   1.9228E+02   7.6080E-17
   2.2670E+02   6.7690E-17
   2.6727E+02   6.0104E-17
   3.1510E+02   5.3269E-17
   3.7149E+02   4.7128E-17
   4.3798E+02   4.1627E-17
   5.1637E+02   3.6712E-17
   6.0878E+02   3.2330E-17
   7.1773E+02   2.8433E-17
   8.4618E+02   2.4975E-17
   9.9762E+02   2.1911E-17
   1.1762E+03   1.9202E-17
   1.3867E+03   1.6810E-17
   1.6348E+03   1.4702E-17
   1.9274E+03   1.2846E-17
   2.2724E+03   1.1215E-17
   2.6791E+03   9.7827E-18
   3.1585E+03   8.5269E-18
   3.7238E+03   7.4268E-18
   4.3902E+03   6.4641E-18
   5.1760E+03   5.6226E-18
   6.1023E+03   4.8875E-18
   7.1944E+03   4.2460E-18
   8.4820E+03   3.6866E-18
   1.0000E+04   3.1992E-18
-1
0.0  0.0  0.0
