# Equation:    e(-)+C_3H_2->C_3+H_2+e(-)
# Type:         Electron impact dissociation
# Reference:    R. K. Janev and D. Reiter
#               Phys. Plasmas, Vol.11, No.2, February 2004
#
710240
e(-)+C_3H_2->C_3+H_2+e(-)
5.30
 5
  2113     1    65    14     1
    -1    -1     1     1     1
 4
 51
   5.3000E+00   1.0000E-30
   6.1630E+00   3.0844E-17
   7.1665E+00   4.4477E-17
   8.3333E+00   5.5738E-17
   9.6902E+00   6.4023E-17
   1.1268E+01   6.9466E-17
   1.3103E+01   7.2479E-17
   1.5236E+01   7.3530E-17
   1.7717E+01   7.3057E-17
   2.0602E+01   7.1434E-17
   2.3956E+01   6.8970E-17
   2.7857E+01   6.5911E-17
   3.2393E+01   6.2455E-17
   3.7667E+01   5.8757E-17
   4.3800E+01   5.4937E-17
   5.0932E+01   5.1088E-17
   5.9225E+01   4.7281E-17
   6.8869E+01   4.3571E-17
   8.0082E+01   3.9996E-17
   9.3122E+01   3.6586E-17
   1.0828E+02   3.3358E-17
   1.2592E+02   3.0325E-17
   1.4642E+02   2.7493E-17
   1.7026E+02   2.4863E-17
   1.9798E+02   2.2433E-17
   2.3022E+02   2.0196E-17
   2.6770E+02   1.8146E-17
   3.1129E+02   1.6275E-17
   3.6198E+02   1.4571E-17
   4.2092E+02   1.3025E-17
   4.8945E+02   1.1625E-17
   5.6915E+02   1.0362E-17
   6.6182E+02   9.2239E-18
   7.6958E+02   8.2010E-18
   8.9489E+02   7.2834E-18
   1.0406E+03   6.4616E-18
   1.2100E+03   5.7269E-18
   1.4071E+03   5.0710E-18
   1.6362E+03   4.4864E-18
   1.9026E+03   3.9659E-18
   2.2124E+03   3.5030E-18
   2.5726E+03   3.0920E-18
   2.9915E+03   2.7273E-18
   3.4786E+03   2.4040E-18
   4.0449E+03   2.1178E-18
   4.7036E+03   1.8645E-18
   5.4694E+03   1.6406E-18
   6.3600E+03   1.4429E-18
   7.3956E+03   1.2683E-18
   8.5997E+03   1.1143E-18
   1.0000E+04   9.7856E-19
-1
0.0  0.0  0.0
