# Equation:    e(-)+C_3H_2->C_3H+H+e(-)
# Type:         Electron impact dissociation
# Reference:    R. K. Janev and D. Reiter
#               Phys. Plasmas, Vol.11, No.2, February 2004
#
710239
e(-)+C_3H_2->C_3H+H+e(-)
3.21
 5
  2113     1  2115    10     1
    -1    -1     1     1     1
 4
 51
   3.2100E+00   1.0000E-30
   3.7703E+00   8.7121E-18
   4.4284E+00   4.6174E-17
   5.2013E+00   1.0531E-16
   6.1092E+00   1.7158E-16
   7.1755E+00   2.3381E-16
   8.4280E+00   2.8572E-16
   9.8991E+00   3.2481E-16
   1.1627E+01   3.5100E-16
   1.3656E+01   3.6556E-16
   1.6040E+01   3.7029E-16
   1.8840E+01   3.6713E-16
   2.2128E+01   3.5789E-16
   2.5990E+01   3.4416E-16
   3.0527E+01   3.2729E-16
   3.5855E+01   3.0836E-16
   4.2114E+01   2.8823E-16
   4.9464E+01   2.6758E-16
   5.8098E+01   2.4694E-16
   6.8239E+01   2.2669E-16
   8.0150E+01   2.0713E-16
   9.4140E+01   1.8847E-16
   1.1057E+02   1.7083E-16
   1.2987E+02   1.5432E-16
   1.5254E+02   1.3896E-16
   1.7916E+02   1.2477E-16
   2.1044E+02   1.1173E-16
   2.4717E+02   9.9814E-17
   2.9031E+02   8.8971E-17
   3.4098E+02   7.9143E-17
   4.0050E+02   7.0268E-17
   4.7040E+02   6.2279E-17
   5.5251E+02   5.5109E-17
   6.4895E+02   4.8692E-17
   7.6222E+02   4.2962E-17
   8.9526E+02   3.7857E-17
   1.0515E+03   3.3319E-17
   1.2351E+03   2.9292E-17
   1.4506E+03   2.5725E-17
   1.7038E+03   2.2570E-17
   2.0012E+03   1.9783E-17
   2.3506E+03   1.7326E-17
   2.7608E+03   1.5162E-17
   3.2427E+03   1.3258E-17
   3.8087E+03   1.1584E-17
   4.4735E+03   1.0115E-17
   5.2544E+03   8.8268E-18
   6.1715E+03   7.6978E-18
   7.2487E+03   6.7093E-18
   8.5139E+03   5.8445E-18
   1.0000E+04   5.0885E-18
-1
0.0  0.0  0.0
