# Equation:    e(-)+C_3H_3->C_3H_2+H+e(-)
# Type:         Electron impact dissociation
# Reference:    R. K. Janev and D. Reiter
#               Phys. Plasmas, Vol.11, No.2, February 2004
#
710234
e(-)+C_3H_3->C_3H_2+H+e(-)
5.68
 5
  2111     1  2113    10     1
    -1    -1     1     1     1
 4
 51
   5.6800E+00   1.0000E-30
   6.5957E+00   4.7645E-17
   7.6590E+00   7.3691E-17
   8.8938E+00   9.6663E-17
   1.0328E+01   1.1475E-16
   1.1993E+01   1.2770E-16
   1.3926E+01   1.3594E-16
   1.6171E+01   1.4018E-16
   1.8778E+01   1.4116E-16
   2.1805E+01   1.3958E-16
   2.5321E+01   1.3604E-16
   2.9403E+01   1.3104E-16
   3.4143E+01   1.2502E-16
   3.9648E+01   1.1830E-16
   4.6040E+01   1.1116E-16
   5.3462E+01   1.0382E-16
   6.2081E+01   9.6447E-17
   7.2089E+01   8.9173E-17
   8.3711E+01   8.2097E-17
   9.7207E+01   7.5292E-17
   1.1288E+02   6.8811E-17
   1.3108E+02   6.2688E-17
   1.5221E+02   5.6944E-17
   1.7675E+02   5.1589E-17
   2.0524E+02   4.6623E-17
   2.3833E+02   4.2041E-17
   2.7675E+02   3.7830E-17
   3.2137E+02   3.3976E-17
   3.7318E+02   3.0461E-17
   4.3334E+02   2.7265E-17
   5.0320E+02   2.4367E-17
   5.8432E+02   2.1746E-17
   6.7852E+02   1.9382E-17
   7.8791E+02   1.7253E-17
   9.1494E+02   1.5341E-17
   1.0624E+03   1.3627E-17
   1.2337E+03   1.2092E-17
   1.4326E+03   1.0720E-17
   1.6636E+03   9.4949E-18
   1.9318E+03   8.4032E-18
   2.2432E+03   7.4313E-18
   2.6048E+03   6.5670E-18
   3.0248E+03   5.7993E-18
   3.5124E+03   5.1180E-18
   4.0787E+03   4.5140E-18
   4.7363E+03   3.9789E-18
   5.4998E+03   3.5053E-18
   6.3865E+03   3.0865E-18
   7.4161E+03   2.7163E-18
   8.6117E+03   2.3894E-18
   1.0000E+04   2.1009E-18
-1
0.0  0.0  0.0
