# Equation:    e(-)+C_3H->C_3+H+e(-)
# Type:         Electron impact dissociation
# Reference:    R. K. Janev and D. Reiter
#               Phys. Plasmas, Vol.11, No.2, February 2004
#
710243
e(-)+C_3H->C_3+H+e(-)
8.61
 5
  2115     1    65    10     1
    -1    -1     1     1     1
 4
 51
   8.6100E+00   1.0000E-30
   9.9152E+00   2.4980E-18
   1.1418E+01   1.3709E-17
   1.3149E+01   3.2469E-17
   1.5143E+01   5.5002E-17
   1.7438E+01   7.7938E-17
   2.0082E+01   9.8958E-17
   2.3126E+01   1.1673E-16
   2.6632E+01   1.3068E-16
   3.0669E+01   1.4071E-16
   3.5319E+01   1.4705E-16
   4.0673E+01   1.5010E-16
   4.6838E+01   1.5033E-16
   5.3939E+01   1.4824E-16
   6.2116E+01   1.4429E-16
   7.1532E+01   1.3892E-16
   8.2376E+01   1.3251E-16
   9.4864E+01   1.2538E-16
   1.0925E+02   1.1781E-16
   1.2581E+02   1.1003E-16
   1.4488E+02   1.0221E-16
   1.6684E+02   9.4500E-17
   1.9213E+02   8.7005E-17
   2.2126E+02   7.9805E-17
   2.5480E+02   7.2957E-17
   2.9343E+02   6.6497E-17
   3.3791E+02   6.0444E-17
   3.8914E+02   5.4809E-17
   4.4813E+02   4.9590E-17
   5.1606E+02   4.4778E-17
   5.9429E+02   4.0360E-17
   6.8439E+02   3.6317E-17
   7.8814E+02   3.2630E-17
   9.0761E+02   2.9276E-17
   1.0452E+03   2.6234E-17
   1.2037E+03   2.3480E-17
   1.3861E+03   2.0993E-17
   1.5962E+03   1.8750E-17
   1.8382E+03   1.6731E-17
   2.1169E+03   1.4917E-17
   2.4378E+03   1.3289E-17
   2.8074E+03   1.1830E-17
   3.2330E+03   1.0523E-17
   3.7231E+03   9.3552E-18
   4.2875E+03   8.3116E-18
   4.9374E+03   7.3801E-18
   5.6859E+03   6.5494E-18
   6.5479E+03   5.8093E-18
   7.5405E+03   5.1502E-18
   8.6836E+03   4.5639E-18
   1.0000E+04   4.0425E-18
-1
0.0  0.0  0.0
