# Equation:    e(-)+C_3H_6->C_2H_3+CH_3+e(-)
# Type:         Electron impact dissociation
# Reference:    R. K. Janev and D. Reiter
#               Phys. Plasmas, Vol.11, No.2, February 2004
#
710218
e(-)+C_3H_6->C_2H_3+CH_3+e(-)
5.81
 5
  2105     1   714   702     1
    -1    -1     1     1     1
 4
 51
   5.8100E+00   1.0000E-30
   6.7436E+00   6.0597E-18
   7.8272E+00   1.9900E-17
   9.0850E+00   3.1363E-17
   1.0545E+01   3.7543E-17
   1.2239E+01   4.0225E-17
   1.4206E+01   4.0942E-17
   1.6489E+01   4.0528E-17
   1.9139E+01   3.9427E-17
   2.2214E+01   3.7894E-17
   2.5783E+01   3.6089E-17
   2.9927E+01   3.4118E-17
   3.4736E+01   3.2057E-17
   4.0317E+01   2.9961E-17
   4.6796E+01   2.7871E-17
   5.4315E+01   2.5817E-17
   6.3043E+01   2.3822E-17
   7.3174E+01   2.1904E-17
   8.4932E+01   2.0075E-17
   9.8580E+01   1.8343E-17
   1.1442E+02   1.6713E-17
   1.3281E+02   1.5188E-17
   1.5415E+02   1.3769E-17
   1.7892E+02   1.2454E-17
   2.0767E+02   1.1240E-17
   2.4104E+02   1.0124E-17
   2.7977E+02   9.1028E-18
   3.2473E+02   8.1701E-18
   3.7691E+02   7.3211E-18
   4.3748E+02   6.5504E-18
   5.0777E+02   5.8527E-18
   5.8937E+02   5.2223E-18
   6.8407E+02   4.6542E-18
   7.9400E+02   4.1430E-18
   9.2159E+02   3.6840E-18
   1.0697E+03   3.2726E-18
   1.2416E+03   2.9043E-18
   1.4411E+03   2.5752E-18
   1.6726E+03   2.2814E-18
   1.9414E+03   2.0196E-18
   2.2534E+03   1.7865E-18
   2.6155E+03   1.5791E-18
   3.0358E+03   1.3949E-18
   3.5236E+03   1.2314E-18
   4.0898E+03   1.0864E-18
   4.7470E+03   9.5795E-19
   5.5098E+03   8.4422E-19
   6.3951E+03   7.4361E-19
   7.4228E+03   6.5466E-19
   8.6156E+03   5.7608E-19
   1.0000E+04   5.0671E-19
-1
0.0  0.0  0.0
