# Equation:    e(-)+C_3H_2->C+C_2H_2+e(-)
# Type:         Electron impact dissociation
# Reference:    R. K. Janev and D. Reiter
#               Phys. Plasmas, Vol.11, No.2, February 2004
#
710242
e(-)+C_3H_2->C+C_2H_2+e(-)
8.68
 5
  2113     1    60   716     1
    -1    -1     1     1     1
 4
 48
   8.6800E+00   1.0000E-30
   1.5256E+01   3.0386E-18
   1.7566E+01   6.6299E-18
   2.0225E+01   9.2313E-18
   2.3288E+01   1.0728E-17
   2.6814E+01   1.1388E-17
   3.0874E+01   1.1499E-17
   3.5548E+01   1.1272E-17
   4.0930E+01   1.0842E-17
   4.7128E+01   1.0296E-17
   5.4263E+01   9.6875E-18
   6.2479E+01   9.0515E-18
   7.1939E+01   8.4107E-18
   8.2831E+01   7.7797E-18
   9.5372E+01   7.1684E-18
   1.0981E+02   6.5830E-18
   1.2644E+02   6.0275E-18
   1.4558E+02   5.5043E-18
   1.6763E+02   5.0144E-18
   1.9301E+02   4.5581E-18
   2.2223E+02   4.1351E-18
   2.5588E+02   3.7443E-18
   2.9462E+02   3.3847E-18
   3.3923E+02   3.0548E-18
   3.9059E+02   2.7529E-18
   4.4973E+02   2.4775E-18
   5.1782E+02   2.2268E-18
   5.9622E+02   1.9991E-18
   6.8650E+02   1.7927E-18
   7.9044E+02   1.6059E-18
   9.1012E+02   1.4372E-18
   1.0479E+03   1.2850E-18
   1.2066E+03   1.1479E-18
   1.3893E+03   1.0246E-18
   1.5996E+03   9.1388E-19
   1.8418E+03   8.1451E-19
   2.1207E+03   7.2546E-19
   2.4418E+03   6.4572E-19
   2.8115E+03   5.7439E-19
   3.2372E+03   5.1064E-19
   3.7273E+03   4.5372E-19
   4.2916E+03   4.0293E-19
   4.9414E+03   3.5764E-19
   5.6896E+03   3.1729E-19
   6.5511E+03   2.8137E-19
   7.5429E+03   2.4940E-19
   8.6850E+03   2.2098E-19
   1.0000E+04   1.9571E-19
-1
0.0  0.0  0.0
