# Equation:    e(-)+C_3H_6->C_2H_4+CH_2+e(-)
# Type:         Electron impact dissociation
# Reference:    R. K. Janev and D. Reiter
#               Phys. Plasmas, Vol.11, No.2, February 2004
#
710217
e(-)+C_3H_6->C_2H_4+CH_2+e(-)
5.82
 5
  2105     1   712   704     1
    -1    -1     1     1     1
 4
 49
   5.8200E+00   1.0000E-30
   9.0997E+00   9.4701E-18
   1.0562E+01   2.4533E-17
   1.2258E+01   3.3301E-17
   1.4228E+01   3.7122E-17
   1.6513E+01   3.8287E-17
   1.9166E+01   3.8039E-17
   2.2245E+01   3.6996E-17
   2.5819E+01   3.5487E-17
   2.9967E+01   3.3704E-17
   3.4781E+01   3.1766E-17
   4.0369E+01   2.9752E-17
   4.6854E+01   2.7719E-17
   5.4381E+01   2.5705E-17
   6.3117E+01   2.3739E-17
   7.3257E+01   2.1841E-17
   8.5026E+01   2.0027E-17
   9.8685E+01   1.8306E-17
   1.1454E+02   1.6684E-17
   1.3294E+02   1.5165E-17
   1.5430E+02   1.3751E-17
   1.7908E+02   1.2439E-17
   2.0785E+02   1.1228E-17
   2.4125E+02   1.0115E-17
   2.8000E+02   9.0949E-18
   3.2499E+02   8.1636E-18
   3.7720E+02   7.3157E-18
   4.3779E+02   6.5460E-18
   5.0812E+02   5.8489E-18
   5.8975E+02   5.2192E-18
   6.8450E+02   4.6516E-18
   7.9446E+02   4.1409E-18
   9.2209E+02   3.6823E-18
   1.0702E+03   3.2711E-18
   1.2422E+03   2.9031E-18
   1.4417E+03   2.5742E-18
   1.6733E+03   2.2806E-18
   1.9422E+03   2.0189E-18
   2.2542E+03   1.7859E-18
   2.6163E+03   1.5787E-18
   3.0366E+03   1.3946E-18
   3.5244E+03   1.2312E-18
   4.0906E+03   1.0862E-18
   4.7478E+03   9.5781E-19
   5.5105E+03   8.4412E-19
   6.3958E+03   7.4354E-19
   7.4233E+03   6.5462E-19
   8.6159E+03   5.7606E-19
   1.0000E+04   5.0671E-19
-1
0.0  0.0  0.0
