# Equation:    e(-)+C_3H_4->C_2H+CH_3+e(-)
# Type:         Electron impact dissociation
# Reference:    R. K. Janev and D. Reiter
#               Phys. Plasmas, Vol.11, No.2, February 2004
#
710231
e(-)+C_3H_4->C_2H+CH_3+e(-)
6.01
 5
  2109     1   718   702     1
    -1    -1     1     1     1
 4
 51
   6.0100E+00   1.0000E-30
   6.9710E+00   9.1698E-19
   8.0857E+00   9.2146E-18
   9.3787E+00   2.0982E-17
   1.0878E+01   2.9665E-17
   1.2618E+01   3.4921E-17
   1.4636E+01   3.7816E-17
   1.6976E+01   3.9139E-17
   1.9690E+01   3.9380E-17
   2.2839E+01   3.8859E-17
   2.6491E+01   3.7794E-17
   3.0727E+01   3.6344E-17
   3.5641E+01   3.4629E-17
   4.1340E+01   3.2742E-17
   4.7950E+01   3.0754E-17
   5.5618E+01   2.8720E-17
   6.4511E+01   2.6684E-17
   7.4827E+01   2.4679E-17
   8.6792E+01   2.2731E-17
   1.0067E+02   2.0859E-17
   1.1677E+02   1.9076E-17
   1.3544E+02   1.7391E-17
   1.5710E+02   1.5810E-17
   1.8222E+02   1.4335E-17
   2.1136E+02   1.2966E-17
   2.4515E+02   1.1701E-17
   2.8435E+02   1.0539E-17
   3.2982E+02   9.4733E-18
   3.8256E+02   8.5007E-18
   4.4374E+02   7.6155E-18
   5.1469E+02   6.8122E-18
   5.9700E+02   6.0850E-18
   6.9246E+02   5.4284E-18
   8.0319E+02   4.8367E-18
   9.3162E+02   4.3047E-18
   1.0806E+03   3.8271E-18
   1.2534E+03   3.3991E-18
   1.4538E+03   3.0162E-18
   1.6863E+03   2.6741E-18
   1.9559E+03   2.3689E-18
   2.2687E+03   2.0969E-18
   2.6315E+03   1.8548E-18
   3.0522E+03   1.6395E-18
   3.5403E+03   1.4483E-18
   4.1064E+03   1.2786E-18
   4.7631E+03   1.1281E-18
   5.5247E+03   9.9483E-19
   6.4081E+03   8.7682E-19
   7.4328E+03   7.7242E-19
   8.6214E+03   6.8013E-19
   1.0000E+04   5.9860E-19
-1
0.0  0.0  0.0
