# Equation:    e(-)+C_3H_6->C_3H_3+H_2+H+e(-)
# Type:         Electron impact dissociation
# Reference:    R. K. Janev and D. Reiter
#               Phys. Plasmas, Vol.11, No.2, February 2004
#
710215
e(-)+C_3H_6->C_3H_3+H_2+H+e(-)
6.49
 6
  2105     1  2111    14    10     1
    -1    -1     1     1     1     1
 4
 48
   6.4900E+00   1.0000E-30
   7.5162E+00   1.0641E-18
   1.3521E+01   1.4287E-17
   1.5659E+01   2.4547E-17
   1.8136E+01   2.8500E-17
   2.1003E+01   2.9549E-17
   2.4324E+01   2.9241E-17
   2.8171E+01   2.8255E-17
   3.2625E+01   2.6917E-17
   3.7784E+01   2.5397E-17
   4.3758E+01   2.3792E-17
   5.0678E+01   2.2163E-17
   5.8691E+01   2.0547E-17
   6.7971E+01   1.8971E-17
   7.8719E+01   1.7452E-17
   9.1167E+01   1.6002E-17
   1.0558E+02   1.4628E-17
   1.2228E+02   1.3335E-17
   1.4161E+02   1.2126E-17
   1.6400E+02   1.1000E-17
   1.8994E+02   9.9568E-18
   2.1997E+02   8.9942E-18
   2.5475E+02   8.1091E-18
   2.9504E+02   7.2983E-18
   3.4169E+02   6.5576E-18
   3.9572E+02   5.8830E-18
   4.5829E+02   5.2703E-18
   5.3076E+02   4.7150E-18
   6.1469E+02   4.2129E-18
   7.1188E+02   3.7598E-18
   8.2445E+02   3.3518E-18
   9.5481E+02   2.9849E-18
   1.1058E+03   2.6557E-18
   1.2806E+03   2.3606E-18
   1.4831E+03   2.0965E-18
   1.7177E+03   1.8604E-18
   1.9893E+03   1.6496E-18
   2.3038E+03   1.4617E-18
   2.6681E+03   1.2943E-18
   3.0900E+03   1.1454E-18
   3.5786E+03   1.0129E-18
   4.1445E+03   8.9527E-19
   4.7998E+03   7.9085E-19
   5.5588E+03   6.9824E-19
   6.4378E+03   6.1617E-19
   7.4557E+03   5.4348E-19
   8.6347E+03   4.7916E-19
   1.0000E+04   4.2226E-19
-1
0.0  0.0  0.0
