# Equation:    e(-)+C_3H_3->C_3H+H_2+e(-)
# Type:         Electron impact dissociation
# Reference:    R. K. Janev and D. Reiter
#               Phys. Plasmas, Vol.11, No.2, February 2004
#
710235
e(-)+C_3H_3->C_3H+H_2+e(-)
3.74
 5
  2111     1  2115    14     1
    -1    -1     1     1     1
 4
 51
   3.7400E+00   1.0000E-30
   4.3794E+00   7.1079E-18
   5.1281E+00   3.5719E-17
   6.0048E+00   7.8702E-17
   7.0314E+00   1.2536E-16
   8.2335E+00   1.6833E-16
   9.6411E+00   2.0377E-16
   1.1289E+01   2.3034E-16
   1.3219E+01   2.4815E-16
   1.5479E+01   2.5811E-16
   1.8126E+01   2.6144E-16
   2.1225E+01   2.5941E-16
   2.4853E+01   2.5323E-16
   2.9102E+01   2.4393E-16
   3.4077E+01   2.3241E-16
   3.9903E+01   2.1940E-16
   4.6725E+01   2.0550E-16
   5.4714E+01   1.9117E-16
   6.4068E+01   1.7679E-16
   7.5021E+01   1.6262E-16
   8.7846E+01   1.4889E-16
   1.0286E+02   1.3575E-16
   1.2045E+02   1.2329E-16
   1.4104E+02   1.1160E-16
   1.6516E+02   1.0069E-16
   1.9339E+02   9.0594E-17
   2.2645E+02   8.1295E-17
   2.6517E+02   7.2777E-17
   3.1050E+02   6.5007E-17
   3.6359E+02   5.7950E-17
   4.2574E+02   5.1563E-17
   4.9853E+02   4.5802E-17
   5.8376E+02   4.0619E-17
   6.8356E+02   3.5970E-17
   8.0042E+02   3.1810E-17
   9.3726E+02   2.8096E-17
   1.0975E+03   2.4786E-17
   1.2851E+03   2.1842E-17
   1.5048E+03   1.9228E-17
   1.7621E+03   1.6911E-17
   2.0634E+03   1.4860E-17
   2.4161E+03   1.3046E-17
   2.8292E+03   1.1445E-17
   3.3129E+03   1.0033E-17
   3.8792E+03   8.7892E-18
   4.5424E+03   7.6944E-18
   5.3190E+03   6.7317E-18
   6.2283E+03   5.8859E-18
   7.2931E+03   5.1436E-18
   8.5400E+03   4.4924E-18
   1.0000E+04   3.9217E-18
-1
0.0  0.0  0.0
