# Equation:    e(-)+C_3H_4->C+C_2H_4+e(-)
# Type:         Electron impact dissociation
# Reference:    R. K. Janev and D. Reiter
#               Phys. Plasmas, Vol.11, No.2, February 2004
#
710233
e(-)+C_3H_4->C+C_2H_4+e(-)
8.17
 5
  2109     1    60   712     1
    -1    -1     1     1     1
 4
 48
   8.1700E+00   1.0000E-30
   1.0858E+01   5.5340E-18
   1.2517E+01   1.0111E-17
   1.9176E+01   8.6639E-19
   2.2106E+01   9.7670E-18
   2.5484E+01   1.2398E-17
   2.9378E+01   1.3024E-17
   3.3867E+01   1.2897E-17
   3.9042E+01   1.2440E-17
   4.5008E+01   1.1827E-17
   5.1885E+01   1.1139E-17
   5.9814E+01   1.0420E-17
   6.8953E+01   9.6943E-18
   7.9490E+01   8.9794E-18
   9.1636E+01   8.2853E-18
   1.0564E+02   7.6189E-18
   1.2178E+02   6.9847E-18
   1.4039E+02   6.3855E-18
   1.6184E+02   5.8229E-18
   1.8657E+02   5.2974E-18
   2.1508E+02   4.8090E-18
   2.4795E+02   4.3569E-18
   2.8583E+02   3.9400E-18
   3.2951E+02   3.5569E-18
   3.7986E+02   3.2059E-18
   4.3790E+02   2.8852E-18
   5.0482E+02   2.5930E-18
   5.8195E+02   2.3274E-18
   6.7088E+02   2.0865E-18
   7.7339E+02   1.8684E-18
   8.9157E+02   1.6714E-18
   1.0278E+03   1.4936E-18
   1.1849E+03   1.3335E-18
   1.3659E+03   1.1896E-18
   1.5746E+03   1.0603E-18
   1.8152E+03   9.4434E-19
   2.0926E+03   8.4046E-19
   2.4124E+03   7.4749E-19
   2.7810E+03   6.6437E-19
   3.2059E+03   5.9014E-19
   3.6958E+03   5.2389E-19
   4.2606E+03   4.6483E-19
   4.9116E+03   4.1220E-19
   5.6621E+03   3.6536E-19
   6.5273E+03   3.2368E-19
   7.5247E+03   2.8663E-19
   8.6745E+03   2.5371E-19
   1.0000E+04   2.2448E-19
-1
0.0  0.0  0.0
