# Equation:    e(-)+C_3H_4->C_3H+H_2+H+e(-)
# Type:         Electron impact dissociation
# Reference:    R. K. Janev and D. Reiter
#               Phys. Plasmas, Vol.11, No.2, February 2004
#
710227
e(-)+C_3H_4->C_3H+H_2+H+e(-)
6.45
 6
  2109     1  2115    14    10     1
    -1    -1     1     1     1     1
 4
 49
   6.4500E+00   1.0000E-30
   1.0023E+01   4.2432E-18
   1.1609E+01   1.6990E-17
   1.3446E+01   2.5815E-17
   1.5574E+01   3.0507E-17
   1.8039E+01   3.2670E-17
   2.0894E+01   3.3342E-17
   2.4201E+01   3.3098E-17
   2.8032E+01   3.2265E-17
   3.2468E+01   3.1047E-17
   3.7607E+01   2.9578E-17
   4.3559E+01   2.7955E-17
   5.0453E+01   2.6243E-17
   5.8438E+01   2.4496E-17
   6.7686E+01   2.2750E-17
   7.8399E+01   2.1035E-17
   9.0807E+01   1.9371E-17
   1.0518E+02   1.7774E-17
   1.2182E+02   1.6255E-17
   1.4111E+02   1.4822E-17
   1.6344E+02   1.3477E-17
   1.8931E+02   1.2224E-17
   2.1927E+02   1.1061E-17
   2.5397E+02   9.9875E-18
   2.9416E+02   9.0001E-18
   3.4072E+02   8.0954E-18
   3.9464E+02   7.2693E-18
   4.5710E+02   6.5171E-18
   5.2945E+02   5.8343E-18
   6.1324E+02   5.2158E-18
   7.1030E+02   4.6571E-18
   8.2272E+02   4.1533E-18
   9.5293E+02   3.6999E-18
   1.1037E+03   3.2926E-18
   1.2784E+03   2.9273E-18
   1.4808E+03   2.6003E-18
   1.7151E+03   2.3078E-18
   1.9866E+03   2.0465E-18
   2.3010E+03   1.8135E-18
   2.6651E+03   1.6059E-18
   3.0869E+03   1.4211E-18
   3.5755E+03   1.2568E-18
   4.1414E+03   1.1108E-18
   4.7968E+03   9.8124E-19
   5.5560E+03   8.6631E-19
   6.4354E+03   7.6445E-19
   7.4539E+03   6.7423E-19
   8.6336E+03   5.9439E-19
   1.0000E+04   5.2377E-19
-1
0.0  0.0  0.0
