# Equation:    e(-)+C_3H_6->C_2H_2+CH_4+e(-)
# Type:         Electron impact dissociation
# Reference:    R. K. Janev and D. Reiter
#               Phys. Plasmas, Vol.11, No.2, February 2004
#
710219
e(-)+C_3H_6->C_2H_2+CH_4+e(-)
3.35
 5
  2105     1   716   700     1
    -1    -1     1     1     1
 4
 51
   3.3500E+00   1.0000E-30
   3.9314E+00   6.4741E-18
   4.6136E+00   2.6847E-17
   5.4143E+00   5.2917E-17
   6.3539E+00   7.8399E-17
   7.4566E+00   1.0009E-16
   8.7506E+00   1.1679E-16
   1.0269E+01   1.2839E-16
   1.2051E+01   1.3537E-16
   1.4143E+01   1.3843E-16
   1.6597E+01   1.3831E-16
   1.9478E+01   1.3573E-16
   2.2858E+01   1.3130E-16
   2.6825E+01   1.2554E-16
   3.1480E+01   1.1887E-16
   3.6943E+01   1.1163E-16
   4.3354E+01   1.0409E-16
   5.0878E+01   9.6470E-17
   5.9707E+01   8.8917E-17
   7.0069E+01   8.1558E-17
   8.2229E+01   7.4480E-17
   9.6500E+01   6.7747E-17
   1.1325E+02   6.1400E-17
   1.3290E+02   5.5464E-17
   1.5596E+02   4.9951E-17
   1.8303E+02   4.4860E-17
   2.1479E+02   4.0185E-17
   2.5207E+02   3.5913E-17
   2.9581E+02   3.2025E-17
   3.4715E+02   2.8501E-17
   4.0740E+02   2.5317E-17
   4.7810E+02   2.2451E-17
   5.6107E+02   1.9877E-17
   6.5844E+02   1.7573E-17
   7.7271E+02   1.5514E-17
   9.0680E+02   1.3679E-17
   1.0642E+03   1.2047E-17
   1.2489E+03   1.0598E-17
   1.4656E+03   9.3132E-18
   1.7199E+03   8.1764E-18
   2.0184E+03   7.1719E-18
   2.3687E+03   6.2854E-18
   2.7798E+03   5.5040E-18
   3.2622E+03   4.8162E-18
   3.8283E+03   4.2113E-18
   4.4927E+03   3.6799E-18
   5.2723E+03   3.2134E-18
   6.1873E+03   2.8044E-18
   7.2611E+03   2.4461E-18
   8.5212E+03   2.1324E-18
   1.0000E+04   1.8579E-18
-1
0.0  0.0  0.0
