# Equation:    e(-)+C_3H_4->C_3H_3+H+e(-)
# Type:         Electron impact dissociation
# Reference:    R. K. Janev and D. Reiter
#               Phys. Plasmas, Vol.11, No.2, February 2004
#
710225
e(-)+C_3H_4->C_3H_3+H+e(-)
4.16
 5
  2109     1  2111    10     1
    -1    -1     1     1     1
 4
 51
   4.1600E+00   1.0000E-30
   4.8608E+00   6.1781E-18
   5.6798E+00   2.9805E-17
   6.6366E+00   6.4117E-17
   7.7547E+00   1.0065E-16
   9.0612E+00   1.3395E-16
   1.0588E+01   1.6129E-16
   1.2371E+01   1.8179E-16
   1.4456E+01   1.9559E-16
   1.6891E+01   2.0339E-16
   1.9737E+01   2.0610E-16
   2.3062E+01   2.0469E-16
   2.6947E+01   2.0004E-16
   3.1487E+01   1.9296E-16
   3.6791E+01   1.8412E-16
   4.2990E+01   1.7407E-16
   5.0232E+01   1.6329E-16
   5.8695E+01   1.5213E-16
   6.8584E+01   1.4089E-16
   8.0138E+01   1.2979E-16
   9.3639E+01   1.1901E-16
   1.0941E+02   1.0866E-16
   1.2785E+02   9.8831E-17
   1.4939E+02   8.9584E-17
   1.7455E+02   8.0947E-17
   2.0396E+02   7.2935E-17
   2.3832E+02   6.5545E-17
   2.7847E+02   5.8764E-17
   3.2539E+02   5.2569E-17
   3.8021E+02   4.6934E-17
   4.4426E+02   4.1825E-17
   5.1911E+02   3.7209E-17
   6.0656E+02   3.3051E-17
   7.0875E+02   2.9315E-17
   8.2815E+02   2.5967E-17
   9.6767E+02   2.2972E-17
   1.1307E+03   2.0299E-17
   1.3212E+03   1.7918E-17
   1.5438E+03   1.5801E-17
   1.8039E+03   1.3920E-17
   2.1077E+03   1.2253E-17
   2.4628E+03   1.0776E-17
   2.8778E+03   9.4703E-18
   3.3626E+03   8.3166E-18
   3.9291E+03   7.2984E-18
   4.5910E+03   6.4007E-18
   5.3645E+03   5.6100E-18
   6.2682E+03   4.9141E-18
   7.3243E+03   4.3021E-18
   8.5582E+03   3.7644E-18
   1.0000E+04   3.2923E-18
-1
0.0  0.0  0.0
