# Equation:    e(-)+C_3H_8->C_2H_6+CH_2+e(-)
# Type:         Electron impact dissociation
# Reference:    R. K. Janev and D. Reiter
#               Phys. Plasmas, Vol.11, No.2, February 2004
#
710204
e(-)+C_3H_8->C_2H_6+CH_2+e(-)
5.70
 5
  2101     1   708   704     1
    -1    -1     1     1     1
 4
 51
   5.7000E+00   1.0000E-30
   6.6185E+00   4.7457E-17
   7.6849E+00   4.9891E-17
   8.9232E+00   4.5760E-17
   1.0361E+01   4.1373E-17
   1.2031E+01   3.7550E-17
   1.3969E+01   3.4251E-17
   1.6220E+01   3.1356E-17
   1.8834E+01   2.8766E-17
   2.1868E+01   2.6418E-17
   2.5392E+01   2.4265E-17
   2.9484E+01   2.2279E-17
   3.4235E+01   2.0439E-17
   3.9751E+01   1.8729E-17
   4.6156E+01   1.7138E-17
   5.3594E+01   1.5658E-17
   6.2229E+01   1.4282E-17
   7.2257E+01   1.3004E-17
   8.3900E+01   1.1820E-17
   9.7419E+01   1.0724E-17
   1.1312E+02   9.7127E-18
   1.3134E+02   8.7812E-18
   1.5251E+02   7.9253E-18
   1.7708E+02   7.1410E-18
   2.0562E+02   6.4239E-18
   2.3875E+02   5.7699E-18
   2.7722E+02   5.1748E-18
   3.2189E+02   4.6346E-18
   3.7375E+02   4.1451E-18
   4.3398E+02   3.7026E-18
   5.0391E+02   3.3034E-18
   5.8510E+02   2.9438E-18
   6.7938E+02   2.6204E-18
   7.8886E+02   2.3302E-18
   9.1597E+02   2.0701E-18
   1.0636E+03   1.8374E-18
   1.2349E+03   1.6294E-18
   1.4339E+03   1.4437E-18
   1.6650E+03   1.2782E-18
   1.9333E+03   1.1308E-18
   2.2448E+03   9.9968E-19
   2.6065E+03   8.8318E-19
   3.0265E+03   7.7976E-19
   3.5142E+03   6.8803E-19
   4.0804E+03   6.0674E-19
   4.7379E+03   5.3476E-19
   5.5014E+03   4.7107E-19
   6.3878E+03   4.1475E-19
   7.4171E+03   3.6500E-19
   8.6123E+03   3.2106E-19
   1.0000E+04   2.8229E-19
-1
0.0  0.0  0.0
