# Equation:    e(-)+C_3H->C_2+CH+e(-)
# Type:         Electron impact dissociation
# Reference:    R. K. Janev and D. Reiter
#               Phys. Plasmas, Vol.11, No.2, February 2004
#
710244
e(-)+C_3H->C_2+CH+e(-)
12.64
 5
  2115     1    64   706     1
    -1    -1     1     1     1
 4
 50
   1.2640E+01   1.0000E-30
   1.6507E+01   1.0145E-18
   1.8864E+01   4.0717E-18
   2.1558E+01   8.3091E-18
   2.4636E+01   1.2693E-17
   2.8154E+01   1.6481E-17
   3.2174E+01   1.9379E-17
   3.6768E+01   2.1378E-17
   4.2018E+01   2.2591E-17
   4.8017E+01   2.3159E-17
   5.4874E+01   2.3218E-17
   6.2709E+01   2.2885E-17
   7.1663E+01   2.2257E-17
   8.1895E+01   2.1415E-17
   9.3589E+01   2.0422E-17
   1.0695E+02   1.9329E-17
   1.2222E+02   1.8180E-17
   1.3967E+02   1.7005E-17
   1.5962E+02   1.5830E-17
   1.8241E+02   1.4674E-17
   2.0846E+02   1.3552E-17
   2.3822E+02   1.2475E-17
   2.7223E+02   1.1449E-17
   3.1111E+02   1.0480E-17
   3.5553E+02   9.5701E-18
   4.0629E+02   8.7201E-18
   4.6431E+02   7.9301E-18
   5.3060E+02   7.1988E-18
   6.0636E+02   6.5243E-18
   6.9295E+02   5.9042E-18
   7.9189E+02   5.3357E-18
   9.0496E+02   4.8159E-18
   1.0342E+03   4.3418E-18
   1.1818E+03   3.9101E-18
   1.3506E+03   3.5179E-18
   1.5434E+03   3.1622E-18
   1.7638E+03   2.8400E-18
   2.0157E+03   2.5486E-18
   2.3035E+03   2.2855E-18
   2.6324E+03   2.0481E-18
   3.0083E+03   1.8341E-18
   3.4378E+03   1.6415E-18
   3.9287E+03   1.4683E-18
   4.4896E+03   1.3127E-18
   5.1307E+03   1.1730E-18
   5.8633E+03   1.0476E-18
   6.7005E+03   9.3521E-19
   7.6572E+03   8.3452E-19
   8.7505E+03   7.4436E-19
   1.0000E+04   6.6368E-19
-1
0.0  0.0  0.0
