# Equation:    e(-)+C_3H_5->C_3H_3+H_2+e(-)
# Type:         Electron impact dissociation
# Reference:    R. K. Janev and D. Reiter
#               Phys. Plasmas, Vol.11, No.2, February 2004
#
710221
e(-)+C_3H_5->C_3H_3+H_2+e(-)
2.43
 5
  2107     1  2111    14     1
    -1    -1     1     1     1
 4
 51
   2.4300E+00   1.0000E-30
   2.8701E+00   1.3216E-17
   3.3899E+00   6.4060E-17
   4.0038E+00   1.3686E-16
   4.7289E+00   2.1208E-16
   5.5853E+00   2.7768E-16
   6.5968E+00   3.2840E-16
   7.7915E+00   3.6325E-16
   9.2026E+00   3.8355E-16
   1.0869E+01   3.9158E-16
   1.2838E+01   3.8988E-16
   1.5163E+01   3.8083E-16
   1.7909E+01   3.6645E-16
   2.1152E+01   3.4842E-16
   2.4983E+01   3.2806E-16
   2.9507E+01   3.0640E-16
   3.4851E+01   2.8420E-16
   4.1162E+01   2.6204E-16
   4.8617E+01   2.4035E-16
   5.7422E+01   2.1942E-16
   6.7821E+01   1.9948E-16
   8.0104E+01   1.8064E-16
   9.4611E+01   1.6301E-16
   1.1174E+02   1.4663E-16
   1.3198E+02   1.3149E-16
   1.5588E+02   1.1759E-16
   1.8412E+02   1.0489E-16
   2.1746E+02   9.3336E-17
   2.5684E+02   8.2870E-17
   3.0336E+02   7.3427E-17
   3.5830E+02   6.4934E-17
   4.2319E+02   5.7322E-17
   4.9983E+02   5.0518E-17
   5.9035E+02   4.4453E-17
   6.9726E+02   3.9059E-17
   8.2353E+02   3.4274E-17
   9.7268E+02   3.0038E-17
   1.1488E+03   2.6294E-17
   1.3569E+03   2.2992E-17
   1.6026E+03   2.0083E-17
   1.8929E+03   1.7526E-17
   2.2357E+03   1.5280E-17
   2.6406E+03   1.3311E-17
   3.1188E+03   1.1586E-17
   3.6836E+03   1.0077E-17
   4.3507E+03   8.7582E-18
   5.1386E+03   7.6068E-18
   6.0693E+03   6.6025E-18
   7.1684E+03   5.7273E-18
   8.4667E+03   4.9652E-18
   1.0000E+04   4.3021E-18
-1
0.0  0.0  0.0
