# Equation:    e(-)+C_3H_5->C_3H+2H_2+e(-)
# Type:         Electron impact dissociation
# Reference:    R. K. Janev and D. Reiter
#               Phys. Plasmas, Vol.11, No.2, February 2004
#
710222
e(-)+C_3H_5->C_3H+2H_2+e(-)
4.79
 5
  2107     1  2115    14     1
    -1    -1     1     2     1
 4
 47
   4.7900E+00   1.0000E-30
   5.5812E+00   1.9777E-18
   1.1987E+01   1.0081E-17
   1.3967E+01   2.4966E-17
   1.6274E+01   3.2062E-17
   1.8962E+01   3.4734E-17
   2.2094E+01   3.5091E-17
   2.5743E+01   3.4229E-17
   2.9995E+01   3.2715E-17
   3.4950E+01   3.0863E-17
   4.0723E+01   2.8848E-17
   4.7450E+01   2.6779E-17
   5.5288E+01   2.4722E-17
   6.4420E+01   2.2718E-17
   7.5061E+01   2.0794E-17
   8.7460E+01   1.8967E-17
   1.0191E+02   1.7246E-17
   1.1874E+02   1.5637E-17
   1.3835E+02   1.4141E-17
   1.6121E+02   1.2758E-17
   1.8783E+02   1.1485E-17
   2.1886E+02   1.0318E-17
   2.5501E+02   9.2512E-18
   2.9714E+02   8.2803E-18
   3.4622E+02   7.3990E-18
   4.0340E+02   6.6013E-18
   4.7004E+02   5.8812E-18
   5.4768E+02   5.2325E-18
   6.3815E+02   4.6495E-18
   7.4356E+02   4.1266E-18
   8.6638E+02   3.6584E-18
   1.0095E+03   3.2400E-18
   1.1762E+03   2.8666E-18
   1.3705E+03   2.5339E-18
   1.5969E+03   2.2379E-18
   1.8607E+03   1.9749E-18
   2.1680E+03   1.7414E-18
   2.5262E+03   1.5344E-18
   2.9434E+03   1.3511E-18
   3.4296E+03   1.1889E-18
   3.9961E+03   1.0455E-18
   4.6562E+03   9.1885E-19
   5.4253E+03   8.0710E-19
   6.3215E+03   7.0857E-19
   7.3657E+03   6.2174E-19
   8.5824E+03   5.4529E-19
   1.0000E+04   4.7801E-19
-1
0.0  0.0  0.0
