# Equation:    e(-)+C_3H_6->C_3H_4+H_2+e(-)
# Type:         Electron impact dissociation
# Reference:    R. K. Janev and D. Reiter
#               Phys. Plasmas, Vol.11, No.2, February 2004
#
710214
e(-)+C_3H_6->C_3H_4+H_2+e(-)
3.76
 5
  2105     1  2109    14     1
    -1    -1     1     1     1
 4
 51
   3.7600E+00   1.0000E-30
   4.4023E+00   2.0268E-17
   5.1544E+00   5.3481E-17
   6.0350E+00   8.9625E-17
   7.0660E+00   1.2208E-16
   8.2731E+00   1.4811E-16
   9.6865E+00   1.6709E-16
   1.1341E+01   1.7944E-16
   1.3279E+01   1.8605E-16
   1.5547E+01   1.8792E-16
   1.8203E+01   1.8604E-16
   2.1313E+01   1.8130E-16
   2.4954E+01   1.7445E-16
   2.9217E+01   1.6611E-16
   3.4209E+01   1.5678E-16
   4.0053E+01   1.4688E-16
   4.6895E+01   1.3671E-16
   5.4907E+01   1.2653E-16
   6.4287E+01   1.1651E-16
   7.5269E+01   1.0679E-16
   8.8128E+01   9.7492E-17
   1.0318E+02   8.8669E-17
   1.2081E+02   8.0370E-17
   1.4145E+02   7.2622E-17
   1.6561E+02   6.5434E-17
   1.9391E+02   5.8802E-17
   2.2703E+02   5.2715E-17
   2.6582E+02   4.7153E-17
   3.1123E+02   4.2090E-17
   3.6440E+02   3.7500E-17
   4.2665E+02   3.3351E-17
   4.9954E+02   2.9613E-17
   5.8488E+02   2.6255E-17
   6.8480E+02   2.3244E-17
   8.0179E+02   2.0552E-17
   9.3876E+02   1.8149E-17
   1.0991E+03   1.6009E-17
   1.2869E+03   1.4106E-17
   1.5068E+03   1.2418E-17
   1.7642E+03   1.0921E-17
   2.0656E+03   9.5959E-18
   2.4184E+03   8.4249E-18
   2.8316E+03   7.3910E-18
   3.3153E+03   6.4793E-18
   3.8817E+03   5.6761E-18
   4.5448E+03   4.9693E-18
   5.3213E+03   4.3477E-18
   6.2303E+03   3.8017E-18
   7.2947E+03   3.3224E-18
   8.5409E+03   2.9020E-18
   1.0000E+04   2.5335E-18
-1
0.0  0.0  0.0
