# Equation:    e(-)+C_3H_8->C_2H_4+CH_4+e(-)
# Type:         Electron impact dissociation
# Reference:    R. K. Janev and D. Reiter
#               Phys. Plasmas, Vol.11, No.2, February 2004
#
710206
e(-)+C_3H_8->C_2H_4+CH_4+e(-)
2.10
 5
  2101     1   712   700     1
    -1    -1     1     1     1
 4
 51
   2.1000E+00   1.0000E-30
   2.4876E+00   1.4497E-17
   2.9467E+00   6.1791E-17
   3.4905E+00   1.2216E-16
   4.1347E+00   1.7969E-16
   4.8978E+00   2.2665E-16
   5.8017E+00   2.6061E-16
   6.8724E+00   2.8200E-16
   8.1407E+00   2.9254E-16
   9.6432E+00   2.9437E-16
   1.1423E+01   2.8958E-16
   1.3531E+01   2.8000E-16
   1.6028E+01   2.6712E-16
   1.8986E+01   2.5212E-16
   2.2490E+01   2.3590E-16
   2.6641E+01   2.1914E-16
   3.1558E+01   2.0232E-16
   3.7382E+01   1.8579E-16
   4.4281E+01   1.6980E-16
   5.2454E+01   1.5453E-16
   6.2134E+01   1.4008E-16
   7.3602E+01   1.2653E-16
   8.7185E+01   1.1390E-16
   1.0328E+02   1.0222E-16
   1.2234E+02   9.1474E-17
   1.4491E+02   8.1633E-17
   1.7166E+02   7.2666E-17
   2.0334E+02   6.4531E-17
   2.4087E+02   5.7180E-17
   2.8532E+02   5.0561E-17
   3.3798E+02   4.4623E-17
   4.0035E+02   3.9310E-17
   4.7424E+02   3.4572E-17
   5.6176E+02   3.0358E-17
   6.6544E+02   2.6617E-17
   7.8825E+02   2.3306E-17
   9.3373E+02   2.0380E-17
   1.1061E+03   1.7801E-17
   1.3102E+03   1.5530E-17
   1.5520E+03   1.3534E-17
   1.8384E+03   1.1784E-17
   2.1777E+03   1.0250E-17
   2.5796E+03   8.9076E-18
   3.0557E+03   7.7348E-18
   3.6196E+03   6.7112E-18
   4.2877E+03   5.8187E-18
   5.0790E+03   5.0414E-18
   6.0164E+03   4.3650E-18
   7.1267E+03   3.7769E-18
   8.4420E+03   3.2661E-18
   1.0000E+04   2.8228E-18
-1
0.0  0.0  0.0
