# Equation:    e(-)+C_3H_7->C_2H_3+CH_4+e(-)
# Type:         Electron impact dissociation
# Reference:    R. K. Janev and D. Reiter
#               Phys. Plasmas, Vol.11, No.2, February 2004
#
710212
e(-)+C_3H_7->C_2H_3+CH_4+e(-)
3.89
 5
  2103     1   714   700     1
    -1    -1     1     1     1
 4
 48
   3.8900E+00   1.0000E-30
   4.5515E+00   1.8830E-18
   8.5301E+00   1.7828E-17
   9.9806E+00   3.8310E-17
   1.1678E+01   4.8217E-17
   1.3663E+01   5.2109E-17
   1.5987E+01   5.2803E-17
   1.8705E+01   5.1749E-17
   2.1886E+01   4.9715E-17
   2.5607E+01   4.7132E-17
   2.9961E+01   4.4258E-17
   3.5056E+01   4.1254E-17
   4.1017E+01   3.8225E-17
   4.7992E+01   3.5241E-17
   5.6152E+01   3.2348E-17
   6.5700E+01   2.9577E-17
   7.6872E+01   2.6950E-17
   8.9943E+01   2.4477E-17
   1.0524E+02   2.2166E-17
   1.2313E+02   2.0018E-17
   1.4407E+02   1.8033E-17
   1.6857E+02   1.6206E-17
   1.9723E+02   1.4533E-17
   2.3077E+02   1.3006E-17
   2.7001E+02   1.1617E-17
   3.1592E+02   1.0357E-17
   3.6964E+02   9.2193E-18
   4.3249E+02   8.1935E-18
   5.0604E+02   7.2713E-18
   5.9208E+02   6.4441E-18
   6.9276E+02   5.7037E-18
   8.1056E+02   5.0424E-18
   9.4839E+02   4.4527E-18
   1.1096E+03   3.9279E-18
   1.2983E+03   3.4615E-18
   1.5191E+03   3.0477E-18
   1.7774E+03   2.6809E-18
   2.0796E+03   2.3564E-18
   2.4333E+03   2.0695E-18
   2.8470E+03   1.8162E-18
   3.3311E+03   1.5928E-18
   3.8976E+03   1.3960E-18
   4.5603E+03   1.2227E-18
   5.3358E+03   1.0703E-18
   6.2431E+03   9.3632E-19
   7.3046E+03   8.1870E-19
   8.5467E+03   7.1548E-19
   1.0000E+04   6.2496E-19
-1
0.0  0.0  0.0
