# Equation:    e(-)+C_3H_7->C_3H_3+2H_2+e(-)
# Type:         Electron impact dissociation
# Reference:    R. K. Janev and D. Reiter
#               Phys. Plasmas, Vol.11, No.2, February 2004
#
710210
e(-)+C_3H_7->C_3H_3+2H_2+e(-)
3.64
 5
  2103     1  2111    14     1
    -1    -1     1     2     1
 4
 50
   3.6400E+00   1.0000E-30
   4.9964E+00   4.8010E-18
   5.8538E+00   3.0454E-17
   6.8582E+00   5.2290E-17
   8.0351E+00   6.5541E-17
   9.4139E+00   7.2298E-17
   1.1029E+01   7.4885E-17
   1.2922E+01   7.4837E-17
   1.5139E+01   7.3107E-17
   1.7737E+01   7.0306E-17
   2.0781E+01   6.6837E-17
   2.4347E+01   6.2975E-17
   2.8524E+01   5.8909E-17
   3.3419E+01   5.4776E-17
   3.9154E+01   5.0669E-17
   4.5872E+01   4.6658E-17
   5.3744E+01   4.2790E-17
   6.2966E+01   3.9097E-17
   7.3771E+01   3.5602E-17
   8.6429E+01   3.2317E-17
   1.0126E+02   2.9250E-17
   1.1864E+02   2.6402E-17
   1.3899E+02   2.3770E-17
   1.6284E+02   2.1350E-17
   1.9079E+02   1.9134E-17
   2.2353E+02   1.7112E-17
   2.6188E+02   1.5275E-17
   3.0682E+02   1.3609E-17
   3.5947E+02   1.2105E-17
   4.2115E+02   1.0750E-17
   4.9342E+02   9.5321E-18
   5.7809E+02   8.4406E-18
   6.7729E+02   7.4644E-18
   7.9351E+02   6.5930E-18
   9.2967E+02   5.8166E-18
   1.0892E+03   5.1262E-18
   1.2761E+03   4.5132E-18
   1.4951E+03   3.9696E-18
   1.7516E+03   3.4885E-18
   2.0522E+03   3.0630E-18
   2.4044E+03   2.6873E-18
   2.8169E+03   2.3559E-18
   3.3003E+03   2.0640E-18
   3.8666E+03   1.8069E-18
   4.5301E+03   1.5809E-18
   5.3075E+03   1.3823E-18
   6.2182E+03   1.2079E-18
   7.2852E+03   1.0550E-18
   8.5354E+03   9.2095E-19
   1.0000E+04   8.0352E-19
-1
0.0  0.0  0.0
