# Equation:    e(-)+C_3H_8->C_3H_4+2H_2+e(-)
# Type:         Electron impact dissociation
# Reference:    R. K. Janev and D. Reiter
#               Phys. Plasmas, Vol.11, No.2, February 2004
#
710203
e(-)+C_3H_8->C_3H_4+2H_2+e(-)
4.26
 5
  2101     1  2109    14     1
    -1    -1     1     2     1
 4
 51
   4.2600E+00   1.0000E-30
   4.9753E+00   9.3112E-17
   5.8108E+00   9.3896E-17
   6.7865E+00   9.1449E-17
   7.9261E+00   8.7856E-17
   9.2570E+00   8.3726E-17
   1.0811E+01   7.9301E-17
   1.2627E+01   7.4721E-17
   1.4747E+01   7.0085E-17
   1.7223E+01   6.5469E-17
   2.0115E+01   6.0933E-17
   2.3493E+01   5.6518E-17
   2.7438E+01   5.2258E-17
   3.2045E+01   4.8175E-17
   3.7426E+01   4.4285E-17
   4.3711E+01   4.0598E-17
   5.1050E+01   3.7120E-17
   5.9623E+01   3.3853E-17
   6.9634E+01   3.0797E-17
   8.1327E+01   2.7950E-17
   9.4983E+01   2.5307E-17
   1.1093E+02   2.2864E-17
   1.2956E+02   2.0612E-17
   1.5131E+02   1.8544E-17
   1.7672E+02   1.6651E-17
   2.0640E+02   1.4924E-17
   2.4106E+02   1.3352E-17
   2.8153E+02   1.1926E-17
   3.2881E+02   1.0636E-17
   3.8402E+02   9.4706E-18
   4.4850E+02   8.4215E-18
   5.2381E+02   7.4786E-18
   6.1177E+02   6.6331E-18
   7.1450E+02   5.8762E-18
   8.3447E+02   5.1999E-18
   9.7459E+02   4.5967E-18
   1.1382E+03   4.0594E-18
   1.3294E+03   3.5816E-18
   1.5526E+03   3.1573E-18
   1.8133E+03   2.7809E-18
   2.1178E+03   2.4475E-18
   2.4734E+03   2.1524E-18
   2.8887E+03   1.8916E-18
   3.3738E+03   1.6612E-18
   3.9403E+03   1.4580E-18
   4.6019E+03   1.2789E-18
   5.3747E+03   1.1211E-18
   6.2772E+03   9.8229E-19
   7.3312E+03   8.6019E-19
   8.5623E+03   7.5289E-19
   1.0000E+04   6.5866E-19
-1
0.0  0.0  0.0
