# Equation:    e(-)+C_3H_7->C_2H_4+CH_3+e(-)
# Type:         Electron impact dissociation
# Reference:    R. K. Janev and D. Reiter
#               Phys. Plasmas, Vol.11, No.2, February 2004
#
710211
e(-)+C_3H_7->C_2H_4+CH_3+e(-)
3.12
 5
  2103     1   712   702     1
    -1    -1     1     1     1
 4
 51
   3.1200E+00   1.0000E-30
   3.6667E+00   4.8145E-17
   4.3091E+00   7.1853E-17
   5.0641E+00   9.0064E-17
   5.9514E+00   1.0295E-16
   6.9942E+00   1.1111E-16
   8.2197E+00   1.1533E-16
   9.6599E+00   1.1639E-16
   1.1352E+01   1.1503E-16
   1.3342E+01   1.1187E-16
   1.5679E+01   1.0742E-16
   1.8426E+01   1.0211E-16
   2.1655E+01   9.6249E-17
   2.5449E+01   9.0088E-17
   2.9908E+01   8.3814E-17
   3.5149E+01   7.7567E-17
   4.1307E+01   7.1449E-17
   4.8545E+01   6.5536E-17
   5.7050E+01   5.9879E-17
   6.7046E+01   5.4516E-17
   7.8794E+01   4.9469E-17
   9.2600E+01   4.4751E-17
   1.0882E+02   4.0367E-17
   1.2789E+02   3.6313E-17
   1.5030E+02   3.2585E-17
   1.7664E+02   2.9170E-17
   2.0758E+02   2.6055E-17
   2.4396E+02   2.3225E-17
   2.8670E+02   2.0662E-17
   3.3693E+02   1.8348E-17
   3.9597E+02   1.6267E-17
   4.6535E+02   1.4398E-17
   5.4688E+02   1.2725E-17
   6.4271E+02   1.1232E-17
   7.5532E+02   9.9002E-18
   8.8766E+02   8.7161E-18
   1.0432E+03   7.6649E-18
   1.2260E+03   6.7333E-18
   1.4408E+03   5.9090E-18
   1.6932E+03   5.1807E-18
   1.9899E+03   4.5382E-18
   2.3386E+03   3.9720E-18
   2.7483E+03   3.4737E-18
   3.2298E+03   3.0356E-18
   3.7958E+03   2.6510E-18
   4.4608E+03   2.3135E-18
   5.2424E+03   2.0177E-18
   6.1610E+03   1.7586E-18
   7.2405E+03   1.5320E-18
   8.5091E+03   1.3338E-18
   1.0000E+04   1.1606E-18
-1
0.0  0.0  0.0
