# Equation:    e(-)+C_3H_6->C_3H_2+2H_2+e(-)
# Type:         Electron impact dissociation
# Reference:    R. K. Janev and D. Reiter
#               Phys. Plasmas, Vol.11, No.2, February 2004
#
710216
e(-)+C_3H_6->C_3H_2+2H_2+e(-)
7.02
 5
  2105     1  2113    14     1
    -1    -1     1     2     1
 4
 47
   7.0200E+00   1.0000E-30
   9.3861E+00   6.5436E-18
   1.0853E+01   1.1729E-17
   1.9402E+01   1.4547E-18
   2.2435E+01   1.5405E-17
   2.5942E+01   1.9368E-17
   2.9996E+01   2.0261E-17
   3.4685E+01   1.9976E-17
   4.0107E+01   1.9174E-17
   4.6376E+01   1.8132E-17
   5.3624E+01   1.6984E-17
   6.2006E+01   1.5800E-17
   7.1698E+01   1.4621E-17
   8.2905E+01   1.3472E-17
   9.5864E+01   1.2368E-17
   1.1085E+02   1.1317E-17
   1.2817E+02   1.0326E-17
   1.4821E+02   9.3969E-18
   1.7138E+02   8.5310E-18
   1.9816E+02   7.7279E-18
   2.2914E+02   6.9862E-18
   2.6495E+02   6.3038E-18
   3.0637E+02   5.6781E-18
   3.5425E+02   5.1063E-18
   4.0963E+02   4.5852E-18
   4.7365E+02   4.1114E-18
   5.4769E+02   3.6818E-18
   6.3330E+02   3.2930E-18
   7.3229E+02   2.9419E-18
   8.4675E+02   2.6254E-18
   9.7910E+02   2.3406E-18
   1.1321E+03   2.0847E-18
   1.3091E+03   1.8552E-18
   1.5137E+03   1.6495E-18
   1.7503E+03   1.4655E-18
   2.0239E+03   1.3011E-18
   2.3403E+03   1.1543E-18
   2.7061E+03   1.0234E-18
   3.1291E+03   9.0671E-19
   3.6182E+03   8.0288E-19
   4.1837E+03   7.1054E-19
   4.8376E+03   6.2848E-19
   5.5938E+03   5.5561E-19
   6.4682E+03   4.9095E-19
   7.4792E+03   4.3362E-19
   8.6482E+03   3.8281E-19
   1.0000E+04   3.3780E-19
-1
0.0  0.0  0.0
