# Equation:    e(-)+C_3H_5->C_3H_4+H+e(-)
# Type:         Electron impact dissociation
# Reference:    R. K. Janev and D. Reiter
#               Phys. Plasmas, Vol.11, No.2, February 2004
#
710220
e(-)+C_3H_5->C_3H_4+H+e(-)
4.37
 5
  2107     1  2109    10     1
    -1    -1     1     1     1
 4
 51
   4.3700E+00   1.0000E-30
   5.1012E+00   7.0993E-17
   5.9547E+00   1.1547E-16
   6.9511E+00   1.4744E-16
   8.1141E+00   1.6771E-16
   9.4718E+00   1.7884E-16
   1.1057E+01   1.8322E-16
   1.2907E+01   1.8273E-16
   1.5066E+01   1.7879E-16
   1.7587E+01   1.7247E-16
   2.0530E+01   1.6456E-16
   2.3965E+01   1.5564E-16
   2.7975E+01   1.4614E-16
   3.2655E+01   1.3640E-16
   3.8119E+01   1.2663E-16
   4.4498E+01   1.1703E-16
   5.1943E+01   1.0771E-16
   6.0634E+01   9.8756E-17
   7.0780E+01   9.0241E-17
   8.2623E+01   8.2201E-17
   9.6447E+01   7.4658E-17
   1.1258E+02   6.7624E-17
   1.3142E+02   6.1097E-17
   1.5341E+02   5.5069E-17
   1.7908E+02   4.9527E-17
   2.0905E+02   4.4450E-17
   2.4402E+02   3.9817E-17
   2.8485E+02   3.5602E-17
   3.3252E+02   3.1780E-17
   3.8815E+02   2.8323E-17
   4.5310E+02   2.5205E-17
   5.2891E+02   2.2399E-17
   6.1741E+02   1.9880E-17
   7.2072E+02   1.7622E-17
   8.4131E+02   1.5603E-17
   9.8207E+02   1.3801E-17
   1.1464E+03   1.2194E-17
   1.3382E+03   1.0765E-17
   1.5621E+03   9.4940E-18
   1.8235E+03   8.3663E-18
   2.1286E+03   7.3667E-18
   2.4848E+03   6.4817E-18
   2.9005E+03   5.6990E-18
   3.3858E+03   5.0073E-18
   3.9524E+03   4.3968E-18
   4.6137E+03   3.8584E-18
   5.3857E+03   3.3840E-18
   6.2868E+03   2.9663E-18
   7.3387E+03   2.5987E-18
   8.5666E+03   2.2756E-18
   1.0000E+04   1.9917E-18
-1
0.0  0.0  0.0
