# Equation:    e(-)+C_3H_2->C_2H+CH+e(-)
# Type:         Electron impact dissociation
# Reference:    R. K. Janev and D. Reiter
#               Phys. Plasmas, Vol.11, No.2, February 2004
#
710241
e(-)+C_3H_2->C_2H+CH+e(-)
7.21
 5
  2113     1   718   706     1
    -1    -1     1     1     1
 4
 51
   7.2100E+00   1.0000E-30
   8.3325E+00   5.5883E-18
   9.6298E+00   1.0523E-17
   1.1129E+01   1.4776E-17
   1.2862E+01   1.7579E-17
   1.4864E+01   1.9050E-17
   1.7178E+01   1.9566E-17
   1.9853E+01   1.9457E-17
   2.2944E+01   1.8954E-17
   2.6516E+01   1.8207E-17
   3.0644E+01   1.7314E-17
   3.5415E+01   1.6337E-17
   4.0929E+01   1.5320E-17
   4.7301E+01   1.4292E-17
   5.4666E+01   1.3273E-17
   6.3176E+01   1.2279E-17
   7.3012E+01   1.1319E-17
   8.4380E+01   1.0401E-17
   9.7517E+01   9.5293E-18
   1.1270E+02   8.7070E-18
   1.3025E+02   7.9357E-18
   1.5052E+02   7.2158E-18
   1.7396E+02   6.5470E-18
   2.0104E+02   5.9281E-18
   2.3234E+02   5.3575E-18
   2.6851E+02   4.8333E-18
   3.1032E+02   4.3532E-18
   3.5863E+02   3.9148E-18
   4.1447E+02   3.5154E-18
   4.7900E+02   3.1525E-18
   5.5357E+02   2.8235E-18
   6.3976E+02   2.5258E-18
   7.3936E+02   2.2570E-18
   8.5447E+02   2.0147E-18
   9.8750E+02   1.7967E-18
   1.1412E+03   1.6007E-18
   1.3189E+03   1.4250E-18
   1.5243E+03   1.2674E-18
   1.7616E+03   1.1264E-18
   2.0358E+03   1.0004E-18
   2.3528E+03   8.8787E-19
   2.7191E+03   7.8747E-19
   3.1425E+03   6.9800E-19
   3.6317E+03   6.1832E-19
   4.1971E+03   5.4744E-19
   4.8506E+03   4.8442E-19
   5.6058E+03   4.2844E-19
   6.4785E+03   3.7875E-19
   7.4872E+03   3.3466E-19
   8.6528E+03   2.9558E-19
   1.0000E+04   2.6095E-19
-1
0.0  0.0  0.0
