# Equation:    e(-)+C_3H_6->C_3H_5+H+e(-)
# Type:         Electron impact dissociation
# Reference:    R. K. Janev and D. Reiter
#               Phys. Plasmas, Vol.11, No.2, February 2004
#
710213
e(-)+C_3H_6->C_3H_5+H+e(-)
5.35
 5
  2105     1  2107    10     1
    -1    -1     1     1     1
 4
 51
   5.3500E+00   1.0000E-30
   6.2199E+00   6.3668E-17
   7.2314E+00   9.6818E-17
   8.4072E+00   1.2261E-16
   9.7743E+00   1.4052E-16
   1.1364E+01   1.5169E-16
   1.3211E+01   1.5748E-16
   1.5360E+01   1.5912E-16
   1.7857E+01   1.5761E-16
   2.0761E+01   1.5377E-16
   2.4137E+01   1.4823E-16
   2.8062E+01   1.4151E-16
   3.2625E+01   1.3400E-16
   3.7930E+01   1.2601E-16
   4.4098E+01   1.1779E-16
   5.1268E+01   1.0953E-16
   5.9605E+01   1.0137E-16
   6.9297E+01   9.3427E-17
   8.0565E+01   8.5775E-17
   9.3665E+01   7.8475E-17
   1.0890E+02   7.1567E-17
   1.2660E+02   6.5075E-17
   1.4719E+02   5.9011E-17
   1.7112E+02   5.3378E-17
   1.9895E+02   4.8170E-17
   2.3130E+02   4.3377E-17
   2.6891E+02   3.8983E-17
   3.1264E+02   3.4970E-17
   3.6348E+02   3.1315E-17
   4.2258E+02   2.7998E-17
   4.9129E+02   2.4995E-17
   5.7118E+02   2.2283E-17
   6.6406E+02   1.9839E-17
   7.7204E+02   1.7643E-17
   8.9758E+02   1.5671E-17
   1.0435E+03   1.3906E-17
   1.2132E+03   1.2327E-17
   1.4105E+03   1.0917E-17
   1.6399E+03   9.6599E-18
   1.9065E+03   8.5407E-18
   2.2165E+03   7.5453E-18
   2.5769E+03   6.6610E-18
   2.9960E+03   5.8763E-18
   3.4831E+03   5.1807E-18
   4.0495E+03   4.5646E-18
   4.7080E+03   4.0194E-18
   5.4735E+03   3.5373E-18
   6.3636E+03   3.1114E-18
   7.3983E+03   2.7355E-18
   8.6014E+03   2.4037E-18
   1.0000E+04   2.1113E-18
-1
0.0  0.0  0.0
