# Equation:    e(-)+C_3H_4->C_2H_2+CH_2+e(-)
# Type:         Electron impact dissociation
# Reference:    R. K. Janev and D. Reiter
#               Phys. Plasmas, Vol.11, No.2, February 2004
#
710230
e(-)+C_3H_4->C_2H_2+CH_2+e(-)
5.98
 5
  2109     1   716   704     1
    -1    -1     1     1     1
 4
 51
   5.9800E+00   1.0000E-30
   6.9369E+00   1.2090E-17
   8.0470E+00   2.2435E-17
   9.3347E+00   3.0103E-17
   1.0828E+01   3.5143E-17
   1.2561E+01   3.8238E-17
   1.4571E+01   3.9909E-17
   1.6903E+01   4.0517E-17
   1.9608E+01   4.0322E-17
   2.2745E+01   3.9524E-17
   2.6385E+01   3.8276E-17
   3.0607E+01   3.6702E-17
   3.5505E+01   3.4901E-17
   4.1187E+01   3.2953E-17
   4.7778E+01   3.0919E-17
   5.5423E+01   2.8852E-17
   6.4292E+01   2.6791E-17
   7.4580E+01   2.4767E-17
   8.6514E+01   2.2805E-17
   1.0036E+02   2.0921E-17
   1.1642E+02   1.9128E-17
   1.3505E+02   1.7435E-17
   1.5666E+02   1.5848E-17
   1.8173E+02   1.4367E-17
   2.1081E+02   1.2994E-17
   2.4454E+02   1.1725E-17
   2.8367E+02   1.0559E-17
   3.2907E+02   9.4908E-18
   3.8172E+02   8.5157E-18
   4.4281E+02   7.6283E-18
   5.1367E+02   6.8231E-18
   5.9586E+02   6.0943E-18
   6.9121E+02   5.4363E-18
   8.0182E+02   4.8434E-18
   9.3013E+02   4.3103E-18
   1.0790E+03   3.8318E-18
   1.2516E+03   3.4030E-18
   1.4519E+03   3.0195E-18
   1.6843E+03   2.6768E-18
   1.9538E+03   2.3711E-18
   2.2664E+03   2.0987E-18
   2.6291E+03   1.8562E-18
   3.0498E+03   1.6406E-18
   3.5378E+03   1.4492E-18
   4.1040E+03   1.2793E-18
   4.7607E+03   1.1286E-18
   5.5225E+03   9.9517E-19
   6.4062E+03   8.7704E-19
   7.4314E+03   7.7255E-19
   8.6205E+03   6.8019E-19
   1.0000E+04   5.9860E-19
-1
0.0  0.0  0.0
