# Equation:    e(-)+C_3H_5->C_2H+CH_4+e(-)
# Type:         Electron impact dissociation
# Reference:    R. K. Janev and D. Reiter
#               Phys. Plasmas, Vol.11, No.2, February 2004
#
710224
e(-)+C_3H_5->C_2H+CH_4+e(-)
4.78
 5
  2107     1   718   700     1
    -1    -1     1     1     1
 4
 50
   4.7800E+00   1.0000E-30
   6.4901E+00   7.4575E-19
   7.5624E+00   1.7220E-17
   8.8120E+00   3.1308E-17
   1.0268E+01   3.9229E-17
   1.1965E+01   4.2616E-17
   1.3941E+01   4.3360E-17
   1.6245E+01   4.2626E-17
   1.8929E+01   4.1068E-17
   2.2057E+01   3.9051E-17
   2.5701E+01   3.6791E-17
   2.9948E+01   3.4420E-17
   3.4896E+01   3.2021E-17
   4.0662E+01   2.9649E-17
   4.7380E+01   2.7340E-17
   5.5209E+01   2.5119E-17
   6.4331E+01   2.3002E-17
   7.4961E+01   2.0998E-17
   8.7346E+01   1.9115E-17
   1.0178E+02   1.7354E-17
   1.1860E+02   1.5716E-17
   1.3819E+02   1.4200E-17
   1.6102E+02   1.2802E-17
   1.8763E+02   1.1518E-17
   2.1863E+02   1.0342E-17
   2.5476E+02   9.2700E-18
   2.9685E+02   8.2947E-18
   3.4590E+02   7.4101E-18
   4.0305E+02   6.6100E-18
   4.6965E+02   5.8879E-18
   5.4725E+02   5.2378E-18
   6.3767E+02   4.6537E-18
   7.4303E+02   4.1300E-18
   8.6580E+02   3.6611E-18
   1.0089E+03   3.2421E-18
   1.1755E+03   2.8683E-18
   1.3698E+03   2.5353E-18
   1.5961E+03   2.2390E-18
   1.8598E+03   1.9757E-18
   2.1671E+03   1.7421E-18
   2.5252E+03   1.5349E-18
   2.9424E+03   1.3515E-18
   3.4286E+03   1.1892E-18
   3.9951E+03   1.0457E-18
   4.6552E+03   9.1903E-19
   5.4244E+03   8.0723E-19
   6.3207E+03   7.0865E-19
   7.3651E+03   6.2179E-19
   8.5820E+03   5.4531E-19
   1.0000E+04   4.7801E-19
-1
0.0  0.0  0.0
