#
# coulomb scatter e(-)+e(-)->e(-)+e(-)
#
1000
e(-)+e(-)->e(-)+e(-)
0.0
2
 1   1
 0   0
1
52
   0.000000       2.518342E-11
   1.000000       2.518342E-11
   1.500000       1.156881E-11
   2.000000       6.657592E-12
   2.500000       4.335389E-12
   3.000000       3.052975E-12
   3.500000       2.269271E-12
   4.000000       1.754832E-12
   4.500000       1.398676E-12
   5.000000       1.141725E-12
   5.500000       9.501518E-13
   6.000000       8.034369E-13
   6.500000       6.885400E-13
   7.000000       5.968473E-13
   7.500000       5.224807E-13
   8.000000       4.613166E-13
   8.500000       4.103919E-13
   9.000000       3.675326E-13
   9.500000       3.311136E-13
   10.00000       2.999008E-13
   10.50000       2.729427E-13
   11.00000       2.494962E-13
   11.50000       2.289741E-13
   12.00000       2.109075E-13
   12.50000       1.949177E-13
   13.00000       1.806968E-13
   13.50000       1.679920E-13
   14.00000       1.565942E-13
   14.50000       1.463292E-13
   15.00000       1.370511E-13
   15.50000       1.286366E-13
   16.00000       1.209813E-13
   16.50000       1.139961E-13
   17.00000       1.076047E-13
   17.50000       1.017413E-13
   18.00000       9.634903E-14
   18.50000       9.137847E-14
   19.00000       8.678658E-14
   19.50000       8.253564E-14
   20.00000       7.859258E-14
   30.00000       3.587049E-14
   40.00000       2.055249E-14
   50.00000       1.333992E-14
   60.00000       9.369552E-15
   70.00000       6.949423E-15
   80.00000       5.364208E-15
   90.00000       4.268741E-15
   100.0000       3.479674E-15
   200.0000       9.060922E-16
   300.0000       4.121122E-16
   400.0000       2.355665E-16
   500.0000       1.526258E-16
-1
0.0 0.0 0.0
