14008
e(-)+H_2->e(-)+H_2(v1)
0.9687
3
 14   1  3001
 -1   0  +1
100
    281
   9.687E-01  9.759E-18
   9.690E-01  9.769E-18
   9.819E-01  1.015E-17
   1.002E+00  1.076E-17
   1.038E+00  1.181E-17
   1.052E+00  1.224E-17
   1.089E+00  1.335E-17
   1.097E+00  1.357E-17
   1.104E+00  1.379E-17
   1.119E+00  1.426E-17
   1.127E+00  1.449E-17
   1.142E+00  1.496E-17
   1.150E+00  1.520E-17
   1.174E+00  1.594E-17
   1.190E+00  1.645E-17
   1.223E+00  1.749E-17
   1.232E+00  1.775E-17
   1.249E+00  1.829E-17
   1.275E+00  1.912E-17
   1.302E+00  1.998E-17
   1.320E+00  2.056E-17
   1.347E+00  2.146E-17
   1.366E+00  2.208E-17
   1.375E+00  2.238E-17
   1.404E+00  2.333E-17
   1.423E+00  2.398E-17
   1.433E+00  2.430E-17
   1.453E+00  2.497E-17
   1.483E+00  2.598E-17
   1.493E+00  2.632E-17
   1.525E+00  2.738E-17
   1.535E+00  2.772E-17
   1.578E+00  2.916E-17
   1.600E+00  2.988E-17
   1.611E+00  3.024E-17
   1.633E+00  3.097E-17
   1.656E+00  3.171E-17
   1.714E+00  3.358E-17
   1.715E+00  3.359E-17
   1.738E+00  3.432E-17
   1.762E+00  3.508E-17
   1.800E+00  3.621E-17
   1.863E+00  3.806E-17
   1.902E+00  3.917E-17
   1.929E+00  3.990E-17
   1.969E+00  4.096E-17
   2.067E+00  4.336E-17
   2.081E+00  4.368E-17
   2.155E+00  4.524E-17
   2.185E+00  4.583E-17
   2.216E+00  4.639E-17
   2.247E+00  4.692E-17
   2.294E+00  4.766E-17
   2.342E+00  4.832E-17
   2.426E+00  4.927E-17
   2.478E+00  4.973E-17
   2.530E+00  5.012E-17
   2.620E+00  5.062E-17
   2.695E+00  5.090E-17
   2.771E+00  5.109E-17
   2.891E+00  5.123E-17
   2.931E+00  5.125E-17
   2.973E+00  5.125E-17
   3.015E+00  5.123E-17
   3.057E+00  5.120E-17
   3.123E+00  5.111E-17
   3.212E+00  5.093E-17
   3.280E+00  5.074E-17
   3.373E+00  5.039E-17
   3.421E+00  5.017E-17
   3.519E+00  4.961E-17
   3.620E+00  4.890E-17
   3.698E+00  4.827E-17
   3.830E+00  4.707E-17
   3.969E+00  4.567E-17
   4.170E+00  4.344E-17
   4.260E+00  4.238E-17
   4.352E+00  4.128E-17
   4.384E+00  4.090E-17
   4.478E+00  3.979E-17
   4.607E+00  3.829E-17
   4.741E+00  3.677E-17
   4.843E+00  3.567E-17
   5.053E+00  3.356E-17
   5.126E+00  3.284E-17
   5.201E+00  3.210E-17
   5.313E+00  3.103E-17
   5.351E+00  3.067E-17
   5.506E+00  2.931E-17
   5.705E+00  2.772E-17
   5.787E+00  2.708E-17
   5.913E+00  2.612E-17
   6.041E+00  2.516E-17
   6.127E+00  2.453E-17
   6.172E+00  2.421E-17
   6.351E+00  2.296E-17
   6.443E+00  2.235E-17
   6.582E+00  2.150E-17
   6.630E+00  2.123E-17
   7.017E+00  1.927E-17
   7.069E+00  1.901E-17
   7.120E+00  1.874E-17
   7.223E+00  1.819E-17
   7.326E+00  1.763E-17
   7.380E+00  1.733E-17
   7.433E+00  1.704E-17
   7.487E+00  1.676E-17
   7.595E+00  1.621E-17
   7.651E+00  1.594E-17
   7.706E+00  1.569E-17
   7.873E+00  1.501E-17
   8.043E+00  1.441E-17
   8.159E+00  1.402E-17
   8.276E+00  1.363E-17
   8.336E+00  1.342E-17
   8.397E+00  1.321E-17
   8.397E+00  1.320E-17
   8.641E+00  1.234E-17
   8.702E+00  1.213E-17
   8.705E+00  1.212E-17
   8.767E+00  1.191E-17
   8.769E+00  1.190E-17
   8.958E+00  1.135E-17
   9.023E+00  1.118E-17
   9.153E+00  1.088E-17
   9.285E+00  1.062E-17
   9.484E+00  1.026E-17
   9.550E+00  1.013E-17
   9.622E+00  9.990E-18
   9.760E+00  9.691E-18
   9.901E+00  9.367E-18
   9.902E+00  9.364E-18
   1.005E+01  9.030E-18
   1.019E+01  8.719E-18
   1.019E+01  8.717E-18
   1.034E+01  8.449E-18
   1.034E+01  8.447E-18
   1.049E+01  8.227E-18
   1.064E+01  8.043E-18
   1.071E+01  7.961E-18
   1.087E+01  7.818E-18
   1.110E+01  7.646E-18
   1.142E+01  7.469E-18
   1.142E+01  7.468E-18
   1.150E+01  7.417E-18
   1.167E+01  7.295E-18
   1.175E+01  7.229E-18
   1.183E+01  7.152E-18
   1.200E+01  6.979E-18
   1.235E+01  6.634E-18
   1.307E+01  6.120E-18
   1.308E+01  6.116E-18
   1.317E+01  6.057E-18
   1.355E+01  5.796E-18
   1.394E+01  5.576E-18
   1.414E+01  5.471E-18
   1.424E+01  5.414E-18
   1.445E+01  5.307E-18
   1.455E+01  5.252E-18
   1.476E+01  5.149E-18
   1.487E+01  5.094E-18
   1.529E+01  4.896E-18
   1.551E+01  4.767E-18
   1.563E+01  4.697E-18
   1.608E+01  4.465E-18
   1.631E+01  4.378E-18
   1.654E+01  4.309E-18
   1.690E+01  4.203E-18
   1.714E+01  4.123E-18
   1.763E+01  3.925E-18
   1.777E+01  3.860E-18
   1.827E+01  3.673E-18
   1.828E+01  3.670E-18
   1.867E+01  3.524E-18
   1.881E+01  3.468E-18
   1.908E+01  3.375E-18
   1.909E+01  3.373E-18
   1.963E+01  3.256E-18
   1.963E+01  3.255E-18
   2.020E+01  3.132E-18
   2.035E+01  3.094E-18
   2.063E+01  3.027E-18
   2.093E+01  2.943E-18
   2.139E+01  2.830E-18
   2.154E+01  2.797E-18
   2.184E+01  2.738E-18
   2.201E+01  2.703E-18
   2.232E+01  2.633E-18
   2.248E+01  2.596E-18
   2.280E+01  2.521E-18
   2.281E+01  2.520E-18
   2.297E+01  2.480E-18
   2.313E+01  2.448E-18
   2.314E+01  2.446E-18
   2.363E+01  2.377E-18
   2.380E+01  2.346E-18
   2.415E+01  2.276E-18
   2.485E+01  2.147E-18
   2.503E+01  2.113E-18
   2.539E+01  2.054E-18
   2.576E+01  1.983E-18
   2.631E+01  1.928E-18
   2.707E+01  1.868E-18
   2.805E+01  1.762E-18
   2.826E+01  1.737E-18
   2.928E+01  1.634E-18
   2.992E+01  1.581E-18
   3.056E+01  1.532E-18
   3.123E+01  1.472E-18
   3.191E+01  1.413E-18
   3.306E+01  1.325E-18
   3.355E+01  1.276E-18
   3.427E+01  1.235E-18
   3.427E+01  1.234E-18
   3.500E+01  1.221E-18
   3.500E+01  1.221E-18
   3.501E+01  1.221E-18
   3.576E+01  1.183E-18
   3.602E+01  1.162E-18
   3.653E+01  1.143E-18
   3.867E+01  1.071E-18
   4.120E+01  1.033E-18
   4.209E+01  1.026E-18
   4.421E+01  1.004E-18
   4.613E+01  9.768E-19
   4.778E+01  9.615E-19
   4.812E+01  9.572E-19
   4.985E+01  9.394E-19
   5.021E+01  9.332E-19
   5.128E+01  9.257E-19
   5.165E+01  9.184E-19
   5.504E+01  8.636E-19
   5.544E+01  8.582E-19
   5.583E+01  8.575E-19
   5.662E+01  8.532E-19
   5.702E+01  8.465E-19
   5.743E+01  8.373E-19
   5.825E+01  8.203E-19
   5.826E+01  8.202E-19
   5.909E+01  8.045E-19
   5.951E+01  8.045E-19
   6.121E+01  7.941E-19
   6.165E+01  7.855E-19
   6.387E+01  7.564E-19
   6.479E+01  7.415E-19
   6.525E+01  7.362E-19
   6.618E+01  7.303E-19
   6.712E+01  7.196E-19
   6.761E+01  7.114E-19
   6.809E+01  7.050E-19
   6.906E+01  6.957E-19
   7.004E+01  6.879E-19
   7.004E+01  6.878E-19
   7.054E+01  6.810E-19
   7.055E+01  6.809E-19
   7.156E+01  6.642E-19
   7.156E+01  6.642E-19
   7.362E+01  6.395E-19
   7.467E+01  6.380E-19
   7.574E+01  6.262E-19
   7.628E+01  6.212E-19
   7.682E+01  6.160E-19
   7.737E+01  6.082E-19
   7.904E+01  5.877E-19
   7.960E+01  5.869E-19
   8.016E+01  5.864E-19
   8.073E+01  5.831E-19
   8.189E+01  5.696E-19
   8.248E+01  5.600E-19
   8.484E+01  5.533E-19
   8.546E+01  5.445E-19
   8.606E+01  5.392E-19
   8.729E+01  5.352E-19
   8.791E+01  5.319E-19
   8.853E+01  5.282E-19
   8.916E+01  5.239E-19
   9.045E+01  5.099E-19
   9.175E+01  4.989E-19
   9.373E+01  4.852E-19
   9.506E+01  4.816E-19
   9.709E+01  4.749E-19
-1
0.00E+00  0.00E+00  0.00E+00
