#
#  e(-) + H(2s) -> 2e(-) + H(+)
#
10002
e(-)+H(2s)->e(-)+H(+)+e(-)
5.975
3
 1050   1  11
 -1  +1  +1
2
175
   5.975E+00  6.076E-16
   6.125E+00  6.217E-16
   6.341E+00  6.419E-16
   6.598E+00  6.658E-16
   6.830E+00  6.870E-16
   7.107E+00  7.115E-16
   7.285E+00  7.267E-16
   7.431E+00  7.388E-16
   7.580E+00  7.507E-16
   7.731E+00  7.623E-16
   7.966E+00  7.793E-16
   8.166E+00  7.928E-16
   8.288E+00  8.006E-16
   8.582E+00  8.181E-16
   8.755E+00  8.275E-16
   9.065E+00  8.433E-16
   9.246E+00  8.518E-16
   9.526E+00  8.638E-16
   9.766E+00  8.730E-16
   1.001E+01  8.814E-16
   1.027E+01  8.892E-16
   1.068E+01  9.001E-16
   1.095E+01  9.063E-16
   1.117E+01  9.107E-16
   1.140E+01  9.148E-16
   1.174E+01  9.201E-16
   1.198E+01  9.230E-16
   1.253E+01  9.274E-16
   1.265E+01  9.280E-16
   1.291E+01  9.285E-16
   1.311E+01  9.284E-16
   1.337E+01  9.279E-16
   1.371E+01  9.266E-16
   1.398E+01  9.255E-16
   1.434E+01  9.240E-16
   1.470E+01  9.227E-16
   1.522E+01  9.205E-16
   1.553E+01  9.189E-16
   1.616E+01  9.141E-16
   1.633E+01  9.127E-16
   1.666E+01  9.097E-16
   1.708E+01  9.055E-16
   1.751E+01  9.007E-16
   1.795E+01  8.956E-16
   1.832E+01  8.914E-16
   1.935E+01  8.794E-16
   1.984E+01  8.733E-16
   2.034E+01  8.668E-16
   2.096E+01  8.583E-16
   2.128E+01  8.536E-16
   2.171E+01  8.468E-16
   2.226E+01  8.380E-16
   2.282E+01  8.290E-16
   2.364E+01  8.168E-16
   2.424E+01  8.083E-16
   2.485E+01  7.990E-16
   2.523E+01  7.927E-16
   2.626E+01  7.749E-16
   2.679E+01  7.664E-16
   2.720E+01  7.604E-16
   2.789E+01  7.503E-16
   2.860E+01  7.397E-16
   2.903E+01  7.334E-16
   3.007E+01  7.196E-16
   3.067E+01  7.125E-16
   3.145E+01  7.036E-16
   3.193E+01  6.986E-16
   3.290E+01  6.886E-16
   3.307E+01  6.867E-16
   3.391E+01  6.763E-16
   3.459E+01  6.676E-16
   3.583E+01  6.520E-16
   3.637E+01  6.447E-16
   3.711E+01  6.346E-16
   3.768E+01  6.271E-16
   3.922E+01  6.078E-16
   4.083E+01  5.893E-16
   4.207E+01  5.751E-16
   4.272E+01  5.677E-16
   4.358E+01  5.579E-16
   4.537E+01  5.384E-16
   4.676E+01  5.260E-16
   4.818E+01  5.150E-16
   5.041E+01  4.985E-16
   5.195E+01  4.876E-16
   5.300E+01  4.817E-16
   5.408E+01  4.756E-16
   5.517E+01  4.695E-16
   5.601E+01  4.648E-16
   5.772E+01  4.549E-16
   5.979E+01  4.430E-16
   6.130E+01  4.354E-16
   6.318E+01  4.242E-16
   6.479E+01  4.147E-16
   6.610E+01  4.079E-16
   6.778E+01  4.016E-16
   6.985E+01  3.949E-16
   7.162E+01  3.903E-16
   7.344E+01  3.840E-16
   7.493E+01  3.765E-16
   7.645E+01  3.704E-16
   7.879E+01  3.623E-16
   8.039E+01  3.561E-16
   8.495E+01  3.412E-16
   8.755E+01  3.346E-16
   9.158E+01  3.270E-16
   9.391E+01  3.207E-16
   9.486E+01  3.181E-16
   9.825E+01  3.110E-16
   9.974E+01  3.075E-16
   1.049E+02  2.929E-16
   1.086E+02  2.891E-16
   1.108E+02  2.867E-16
   1.142E+02  2.795E-16
   1.160E+02  2.731E-16
   1.201E+02  2.637E-16
   1.244E+02  2.584E-16
   1.308E+02  2.506E-16
   1.341E+02  2.454E-16
   1.396E+02  2.357E-16
   1.453E+02  2.306E-16
   1.505E+02  2.238E-16
   1.575E+02  2.170E-16
   1.607E+02  2.146E-16
   1.681E+02  2.061E-16
   1.759E+02  1.998E-16
   1.822E+02  1.956E-16
   1.906E+02  1.880E-16
   1.954E+02  1.875E-16
   2.004E+02  1.822E-16
   2.075E+02  1.783E-16
   2.150E+02  1.712E-16
   2.227E+02  1.676E-16
   2.329E+02  1.609E-16
   2.425E+02  1.576E-16
   2.499E+02  1.528E-16
   2.589E+02  1.483E-16
   2.628E+02  1.481E-16
   2.722E+02  1.423E-16
   2.804E+02  1.422E-16
   2.919E+02  1.379E-16
   3.009E+02  1.337E-16
   3.101E+02  1.296E-16
   3.180E+02  1.283E-16
   3.310E+02  1.244E-16
   3.412E+02  1.194E-16
   3.498E+02  1.194E-16
   3.623E+02  1.157E-16
   3.734E+02  1.111E-16
   3.887E+02  1.088E-16
   4.006E+02  1.055E-16
   4.067E+02  1.044E-16
   4.171E+02  1.013E-16
   4.297E+02  1.012E-16
   4.474E+02  9.619E-17
   4.634E+02  9.421E-17
   4.848E+02  9.228E-17
   5.046E+02  8.948E-17
   5.253E+02  8.675E-17
   5.413E+02  8.498E-17
   5.636E+02  8.156E-17
   5.866E+02  8.071E-17
   6.015E+02  7.827E-17
   6.168E+02  7.667E-17
   6.389E+02  7.359E-17
   6.519E+02  7.283E-17
   6.718E+02  7.134E-17
   6.924E+02  6.918E-17
   7.134E+02  6.916E-17
   7.353E+02  6.707E-17
   7.540E+02  6.570E-17
   7.808E+02  6.501E-17
   7.927E+02  6.435E-17
   8.007E+02  6.369E-17
   8.210E+02  6.303E-17
