#
# ionization e(-)+H -> 2e(-)+H(+)
#
10001
e(-)+H->2e(-)+H(+)
13.39
3
 10   1  11
 -1  +1  +1
2
221
   1.339E+01  4.926E-20
   1.340E+01  7.151E-20
   1.341E+01  1.003E-19
   1.342E+01  1.324E-19
   1.343E+01  1.746E-19
   1.345E+01  2.108E-19
   1.345E+01  2.407E-19
   1.352E+01  4.604E-19
   1.354E+01  5.504E-19
   1.355E+01  5.969E-19
   1.355E+01  6.047E-19
   1.356E+01  6.405E-19
   1.357E+01  6.851E-19
   1.360E+01  7.731E-19
   1.361E+01  8.252E-19
   1.362E+01  8.652E-19
   1.365E+01  1.037E-18
   1.366E+01  1.067E-18
   1.367E+01  1.111E-18
   1.372E+01  1.356E-18
   1.377E+01  1.676E-18
   1.378E+01  1.718E-18
   1.379E+01  1.761E-18
   1.379E+01  1.816E-18
   1.382E+01  1.973E-18
   1.383E+01  2.044E-18
   1.383E+01  2.057E-18
   1.384E+01  2.097E-18
   1.388E+01  2.338E-18
   1.388E+01  2.373E-18
   1.388E+01  2.386E-18
   1.389E+01  2.456E-18
   1.394E+01  2.828E-18
   1.399E+01  3.138E-18
   1.399E+01  3.197E-18
   1.400E+01  3.264E-18
   1.412E+01  4.127E-18
   1.418E+01  4.590E-18
   1.424E+01  5.044E-18
   1.430E+01  5.467E-18
   1.431E+01  5.503E-18
   1.437E+01  5.913E-18
   1.450E+01  6.801E-18
   1.456E+01  7.205E-18
   1.463E+01  7.595E-18
   1.477E+01  8.386E-18
   1.491E+01  9.110E-18
   1.505E+01  9.824E-18
   1.512E+01  1.015E-17
   1.534E+01  1.120E-17
   1.549E+01  1.191E-17
   1.564E+01  1.266E-17
   1.578E+01  1.345E-17
   1.586E+01  1.384E-17
   1.601E+01  1.468E-17
   1.616E+01  1.551E-17
   1.640E+01  1.676E-17
   1.656E+01  1.758E-17
   1.672E+01  1.837E-17
   1.688E+01  1.914E-17
   1.704E+01  1.987E-17
   1.730E+01  2.094E-17
   1.738E+01  2.128E-17
   1.755E+01  2.198E-17
   1.798E+01  2.383E-17
   1.825E+01  2.505E-17
   1.843E+01  2.590E-17
   1.861E+01  2.676E-17
   1.888E+01  2.806E-17
   1.916E+01  2.939E-17
   1.944E+01  3.075E-17
   1.973E+01  3.203E-17
   2.012E+01  3.356E-17
   2.052E+01  3.496E-17
   2.093E+01  3.632E-17
   2.124E+01  3.742E-17
   2.155E+01  3.865E-17
   2.187E+01  3.997E-17
   2.220E+01  4.132E-17
   2.264E+01  4.303E-17
   2.286E+01  4.382E-17
   2.332E+01  4.528E-17
   2.367E+01  4.632E-17
   2.426E+01  4.809E-17
   2.499E+01  5.029E-17
   2.548E+01  5.179E-17
   2.600E+01  5.323E-17
   2.651E+01  5.494E-17
   2.691E+01  5.618E-17
   2.745E+01  5.744E-17
   2.786E+01  5.827E-17
   2.898E+01  6.036E-17
   2.942E+01  6.122E-17
   3.031E+01  6.260E-17
   3.154E+01  6.396E-17
   3.201E+01  6.466E-17
   3.265E+01  6.582E-17
   3.347E+01  6.715E-17
   3.414E+01  6.793E-17
   3.483E+01  6.863E-17
   3.606E+01  6.996E-17
   3.679E+01  7.068E-17
   3.828E+01  7.231E-17
   3.905E+01  7.335E-17
   3.983E+01  7.366E-17
   4.084E+01  7.361E-17
   4.187E+01  7.356E-17
   4.293E+01  7.355E-17
   4.380E+01  7.354E-17
   4.446E+01  7.351E-17
   4.558E+01  7.364E-17
   4.650E+01  7.414E-17
   4.720E+01  7.428E-17
   4.815E+01  7.426E-17
   4.937E+01  7.423E-17
   5.087E+01  7.421E-17
   5.241E+01  7.420E-17
   5.347E+01  7.421E-17
   5.455E+01  7.411E-17
   5.593E+01  7.348E-17
   5.706E+01  7.337E-17
   5.968E+01  7.337E-17
   6.119E+01  7.337E-17
   6.337E+01  7.333E-17
   6.497E+01  7.249E-17
   6.563E+01  7.198E-17
   6.695E+01  7.182E-17
   6.864E+01  7.174E-17
   6.969E+01  7.120E-17
   7.109E+01  7.096E-17
   7.217E+01  7.045E-17
   7.362E+01  7.023E-17
   7.474E+01  6.968E-17
   7.779E+01  6.957E-17
   8.016E+01  6.887E-17
   8.219E+01  6.821E-17
   8.301E+01  6.809E-17
   8.427E+01  6.745E-17
   8.555E+01  6.683E-17
   8.771E+01  6.665E-17
   8.905E+01  6.548E-17
   9.175E+01  6.536E-17
   9.314E+01  6.538E-17
   9.598E+01  6.469E-17
   9.891E+01  6.338E-17
   1.009E+02  6.272E-17
   1.035E+02  6.207E-17
   1.082E+02  6.081E-17
   1.115E+02  6.078E-17
   1.138E+02  6.017E-17
   1.190E+02  5.833E-17
   1.239E+02  5.657E-17
   1.258E+02  5.655E-17
   1.283E+02  5.590E-17
   1.290E+02  5.547E-17
   1.316E+02  5.481E-17
   1.349E+02  5.373E-17
   1.363E+02  5.371E-17
   1.377E+02  5.368E-17
   1.405E+02  5.235E-17
   1.405E+02  5.235E-17
   1.455E+02  5.206E-17
   1.507E+02  5.049E-17
   1.616E+02  4.894E-17
   1.682E+02  4.793E-17
   1.734E+02  4.696E-17
   1.805E+02  4.553E-17
   1.869E+02  4.460E-17
   1.936E+02  4.369E-17
   1.985E+02  4.280E-17
   2.046E+02  4.192E-17
   2.108E+02  4.107E-17
   2.173E+02  4.023E-17
   2.217E+02  3.982E-17
   2.319E+02  3.860E-17
   2.366E+02  3.782E-17
   2.414E+02  3.781E-17
   2.488E+02  3.667E-17
   2.590E+02  3.555E-17
   2.682E+02  3.482E-17
   2.792E+02  3.376E-17
   2.863E+02  3.308E-17
   2.966E+02  3.207E-17
   3.056E+02  3.142E-17
   3.181E+02  3.077E-17
   3.279E+02  2.984E-17
   3.413E+02  2.864E-17
   3.553E+02  2.834E-17
   3.643E+02  2.748E-17
   3.754E+02  2.719E-17
   3.850E+02  2.637E-17
   4.048E+02  2.557E-17
   4.172E+02  2.454E-17
   4.279E+02  2.404E-17
   4.409E+02  2.355E-17
   4.544E+02  2.307E-17
   4.660E+02  2.260E-17
   4.826E+02  2.191E-17
   5.024E+02  2.125E-17
   5.230E+02  2.060E-17
   5.363E+02  1.998E-17
   5.445E+02  1.977E-17
   5.639E+02  1.937E-17
   5.811E+02  1.897E-17
   5.930E+02  1.840E-17
   6.111E+02  1.802E-17
   6.394E+02  1.712E-17
   6.656E+02  1.677E-17
   6.825E+02  1.626E-17
   7.106E+02  1.561E-17
   7.323E+02  1.513E-17
   7.471E+02  1.513E-17
   7.661E+02  1.482E-17
   7.855E+02  1.467E-17
   8.056E+02  1.423E-17
   8.260E+02  1.393E-17
   8.471E+02  1.351E-17
   8.643E+02  1.324E-17
   8.731E+02  1.310E-17
   8.907E+02  1.297E-17
   9.043E+02  1.270E-17
