#
# e(-)+H_2->e(-)+H+H(Lyman alpha)
#
# TAWARA et al. 
# Cross Sections and Related Data for Electron Collisions with
# Hydrogen Molecules and Molecular Ions
# J. Phys. Chem. Ref. Data, Vol. 19, No.3, 1990
# Fig.15
#
14002
e(-)+H_2->e(-)+H+H(L-alp)->e(-)+H+H
16.12
3
 14   1  10
 -1   0  +2
100
    205
   1.612E+01  2.381E-18
   1.613E+01  2.382E-18
   1.634E+01  2.480E-18
   1.645E+01  2.530E-18
   1.655E+01  2.579E-18
   1.666E+01  2.630E-18
   1.689E+01  2.732E-18
   1.700E+01  2.782E-18
   1.722E+01  2.885E-18
   1.734E+01  2.937E-18
   1.745E+01  2.988E-18
   1.780E+01  3.146E-18
   1.792E+01  3.199E-18
   1.816E+01  3.304E-18
   1.827E+01  3.356E-18
   1.840E+01  3.408E-18
   1.852E+01  3.460E-18
   1.864E+01  3.511E-18
   1.876E+01  3.563E-18
   1.901E+01  3.666E-18
   1.940E+01  3.818E-18
   1.953E+01  3.867E-18
   1.965E+01  3.916E-18
   1.992E+01  4.013E-18
   2.018E+01  4.108E-18
   2.059E+01  4.248E-18
   2.073E+01  4.293E-18
   2.115E+01  4.428E-18
   2.129E+01  4.472E-18
   2.172E+01  4.603E-18
   2.201E+01  4.690E-18
   2.230E+01  4.778E-18
   2.260E+01  4.865E-18
   2.275E+01  4.908E-18
   2.306E+01  4.997E-18
   2.321E+01  5.041E-18
   2.368E+01  5.175E-18
   2.400E+01  5.266E-18
   2.432E+01  5.355E-18
   2.515E+01  5.579E-18
   2.548E+01  5.666E-18
   2.583E+01  5.751E-18
   2.617E+01  5.833E-18
   2.670E+01  5.953E-18
   2.724E+01  6.066E-18
   2.780E+01  6.175E-18
   2.817E+01  6.244E-18
   2.893E+01  6.376E-18
   2.952E+01  6.471E-18
   3.012E+01  6.563E-18
   3.053E+01  6.625E-18
   3.115E+01  6.716E-18
   3.179E+01  6.809E-18
   3.221E+01  6.872E-18
   3.287E+01  6.966E-18
   3.353E+01  7.057E-18
   3.445E+01  7.173E-18
   3.468E+01  7.201E-18
   3.538E+01  7.280E-18
   3.586E+01  7.331E-18
   3.634E+01  7.380E-18
   3.734E+01  7.473E-18
   3.835E+01  7.566E-18
   3.940E+01  7.661E-18
   3.993E+01  7.709E-18
   4.047E+01  7.756E-18
   4.157E+01  7.847E-18
   4.328E+01  7.966E-18
   4.446E+01  8.031E-18
   4.537E+01  8.070E-18
   4.660E+01  8.110E-18
   4.788E+01  8.134E-18
   4.919E+01  8.152E-18
   5.019E+01  8.168E-18
   5.053E+01  8.175E-18
   5.156E+01  8.196E-18
   5.297E+01  8.222E-18
   5.478E+01  8.243E-18
   5.743E+01  8.253E-18
   5.980E+01  8.267E-18
   6.102E+01  8.280E-18
   6.143E+01  8.284E-18
   6.354E+01  8.305E-18
   6.483E+01  8.330E-18
   6.572E+01  8.352E-18
   6.705E+01  8.386E-18
   6.842E+01  8.410E-18
   6.982E+01  8.419E-18
   7.173E+01  8.407E-18
   7.320E+01  8.387E-18
   7.622E+01  8.347E-18
   7.778E+01  8.326E-18
   7.884E+01  8.317E-18
   8.045E+01  8.312E-18
   8.154E+01  8.311E-18
   8.265E+01  8.311E-18
   8.491E+01  8.300E-18
   8.783E+01  8.257E-18
   9.023E+01  8.218E-18
   9.270E+01  8.192E-18
   9.653E+01  8.158E-18
   9.850E+01  8.152E-18
   1.012E+02  8.153E-18
   1.047E+02  8.139E-18
   1.068E+02  8.104E-18
   1.112E+02  7.994E-18
   1.135E+02  7.925E-18
   1.158E+02  7.847E-18
   1.182E+02  7.781E-18
   1.207E+02  7.726E-18
   1.231E+02  7.675E-18
   1.248E+02  7.644E-18
   1.265E+02  7.618E-18
   1.291E+02  7.571E-18
   1.326E+02  7.480E-18
   1.363E+02  7.380E-18
   1.400E+02  7.280E-18
   1.419E+02  7.227E-18
   1.448E+02  7.142E-18
   1.488E+02  7.032E-18
   1.529E+02  6.921E-18
   1.571E+02  6.836E-18
   1.603E+02  6.723E-18
   1.659E+02  6.516E-18
   1.693E+02  6.435E-18
   1.728E+02  6.344E-18
   1.799E+02  6.184E-18
   1.862E+02  5.941E-18
   1.926E+02  5.867E-18
   1.992E+02  5.683E-18
   2.062E+02  5.446E-18
   2.104E+02  5.408E-18
   2.176E+02  5.323E-18
   2.191E+02  5.324E-18
   2.236E+02  5.277E-18
   2.282E+02  5.153E-18
   2.345E+02  5.008E-18
   2.377E+02  4.942E-18
   2.459E+02  4.781E-18
   2.614E+02  4.594E-18
   2.686E+02  4.501E-18
   2.704E+02  4.464E-18
   2.760E+02  4.335E-18
   2.817E+02  4.290E-18
   2.914E+02  4.183E-18
   2.974E+02  4.100E-18
   3.098E+02  3.937E-18
   3.184E+02  3.812E-18
   3.227E+02  3.786E-18
   3.249E+02  3.781E-18
   3.293E+02  3.754E-18
   3.361E+02  3.666E-18
   3.431E+02  3.601E-18
   3.478E+02  3.524E-18
   3.598E+02  3.464E-18
   3.672E+02  3.382E-18
   3.747E+02  3.352E-18
   3.851E+02  3.268E-18
   3.957E+02  3.178E-18
   4.011E+02  3.119E-18
   4.093E+02  3.101E-18
   4.149E+02  3.105E-18
   4.206E+02  3.042E-18
   4.206E+02  3.042E-18
   4.263E+02  3.048E-18
   4.381E+02  2.958E-18
   4.501E+02  2.938E-18
   4.562E+02  2.903E-18
   4.594E+02  2.847E-18
   4.626E+02  2.812E-18
   4.657E+02  2.810E-18
   4.818E+02  2.730E-18
   4.916E+02  2.725E-18
   4.984E+02  2.674E-18
   5.052E+02  2.621E-18
   5.191E+02  2.585E-18
   5.262E+02  2.552E-18
   5.407E+02  2.481E-18
   5.445E+02  2.456E-18
   5.481E+02  2.449E-18
   5.632E+02  2.435E-18
   5.747E+02  2.399E-18
   5.787E+02  2.375E-18
   5.826E+02  2.369E-18
   5.986E+02  2.339E-18
   6.110E+02  2.263E-18
   6.321E+02  2.217E-18
   6.451E+02  2.174E-18
   6.584E+02  2.130E-18
   6.766E+02  2.074E-18
   6.904E+02  2.060E-18
   7.094E+02  2.019E-18
   7.192E+02  1.980E-18
   7.439E+02  1.953E-18
   7.594E+02  1.890E-18
   7.697E+02  1.889E-18
   7.908E+02  1.876E-18
   8.071E+02  1.827E-18
   8.237E+02  1.803E-18
   8.349E+02  1.791E-18
   8.579E+02  1.744E-18
   8.935E+02  1.709E-18
   9.119E+02  1.686E-18
   9.434E+02  1.631E-18
   9.628E+02  1.620E-18
-1
0.00E+00  0.00E+00  0.00E+00
