#
# e(-)+H_2->e(-)+H_2(Lyman band) 
# 
#
14003
e(-)+H_2->e(-)+H_2(L-bnd)->e(-)+H_2
18.24
2
 14   1
 0   0  
100
    129
   1.824E+01  0.0
   1.836E+01  2.033E-17
   1.848E+01  2.070E-17
   1.860E+01  2.108E-17
   1.897E+01  2.226E-17
   1.909E+01  2.265E-17
   1.922E+01  2.304E-17
   1.961E+01  2.423E-17
   1.987E+01  2.501E-17
   2.013E+01  2.580E-17
   2.026E+01  2.619E-17
   2.067E+01  2.736E-17
   2.080E+01  2.774E-17
   2.094E+01  2.811E-17
   2.122E+01  2.887E-17
   2.165E+01  2.998E-17
   2.194E+01  3.071E-17
   2.223E+01  3.141E-17
   2.224E+01  3.141E-17
   2.253E+01  3.210E-17
   2.283E+01  3.278E-17
   2.298E+01  3.310E-17
   2.329E+01  3.376E-17
   2.376E+01  3.470E-17
   2.425E+01  3.562E-17
   2.490E+01  3.678E-17
   2.524E+01  3.735E-17
   2.592E+01  3.846E-17
   2.644E+01  3.927E-17
   2.680E+01  3.980E-17
   2.734E+01  4.057E-17
   2.808E+01  4.156E-17
   2.865E+01  4.227E-17
   2.923E+01  4.294E-17
   2.943E+01  4.315E-17
   3.003E+01  4.378E-17
   3.085E+01  4.455E-17
   3.168E+01  4.526E-17
   3.189E+01  4.542E-17
   3.276E+01  4.604E-17
   3.343E+01  4.645E-17
   3.434E+01  4.692E-17
   3.552E+01  4.741E-17
   3.624E+01  4.768E-17
   3.673E+01  4.785E-17
   3.723E+01  4.801E-17
   3.824E+01  4.832E-17
   3.929E+01  4.861E-17
   4.036E+01  4.888E-17
   4.174E+01  4.918E-17
   4.346E+01  4.945E-17
   4.495E+01  4.962E-17
   4.618E+01  4.968E-17
   4.744E+01  4.969E-17
   4.973E+01  4.956E-17
   5.110E+01  4.940E-17
   5.250E+01  4.920E-17
   5.393E+01  4.899E-17
   5.578E+01  4.872E-17
   5.693E+01  4.855E-17
   5.888E+01  4.825E-17
   6.091E+01  4.787E-17
   6.257E+01  4.752E-17
   6.473E+01  4.699E-17
   6.650E+01  4.659E-17
   6.832E+01  4.623E-17
   6.972E+01  4.598E-17
   7.211E+01  4.552E-17
   7.460E+01  4.493E-17
   7.511E+01  4.481E-17
   7.717E+01  4.439E-17
   7.928E+01  4.396E-17
   8.257E+01  4.317E-17
   8.600E+01  4.233E-17
   8.717E+01  4.210E-17
   9.016E+01  4.161E-17
   9.327E+01  4.109E-17
   9.518E+01  4.082E-17
   9.647E+01  4.067E-17
   9.845E+01  4.046E-17
   1.005E+02  4.025E-17
   1.025E+02  3.998E-17
   1.053E+02  3.943E-17
   1.097E+02  3.855E-17
   1.120E+02  3.821E-17
   1.143E+02  3.785E-17
   1.174E+02  3.732E-17
   1.214E+02  3.668E-17
   1.239E+02  3.636E-17
   1.265E+02  3.608E-17
   1.299E+02  3.569E-17
   1.335E+02  3.532E-17
   1.362E+02  3.503E-17
   1.400E+02  3.472E-17
   1.438E+02  3.440E-17
   1.468E+02  3.403E-17
   1.529E+02  3.317E-17
   1.625E+02  3.225E-17
   1.715E+02  3.138E-17
   1.762E+02  3.086E-17
   1.798E+02  3.050E-17
   1.861E+02  2.983E-17
   1.938E+02  2.937E-17
   1.977E+02  2.915E-17
   2.018E+02  2.886E-17
   2.059E+02  2.853E-17
   2.102E+02  2.810E-17
   2.159E+02  2.769E-17
   2.218E+02  2.746E-17
   2.390E+02  2.646E-17
   2.439E+02  2.635E-17
   2.523E+02  2.572E-17
   2.628E+02  2.493E-17
   2.682E+02  2.479E-17
   2.737E+02  2.443E-17
   2.831E+02  2.387E-17
   2.870E+02  2.357E-17
   2.929E+02  2.317E-17
   2.989E+02  2.307E-17
   3.030E+02  2.295E-17
   3.092E+02  2.267E-17
   3.134E+02  2.254E-17
   3.199E+02  2.239E-17
   3.221E+02  2.225E-17
   3.265E+02  2.198E-17
   3.309E+02  2.187E-17
   3.423E+02  2.147E-17
   3.470E+02  2.120E-17
   3.5E+02  0.0
-1
0.00E+00  0.00E+00  0.00E+00
