#
# e + H_2 -> e + H_2(Werner band) 
# last is a dummy datum
#
14004
e(-)+H_2->e(-)+H_2(W-bnd)->e(-)+H_2
21.38
2
 14   1
 0   0
100
    119
   2.138E+01  2.695E-17
   2.167E+01  2.733E-17
   2.226E+01  2.811E-17
   2.271E+01  2.869E-17
   2.317E+01  2.930E-17
   2.348E+01  2.970E-17
   2.379E+01  3.011E-17
   2.427E+01  3.072E-17
   2.477E+01  3.134E-17
   2.510E+01  3.175E-17
   2.561E+01  3.237E-17
   2.613E+01  3.298E-17
   2.648E+01  3.339E-17
   2.720E+01  3.420E-17
   2.775E+01  3.479E-17
   2.794E+01  3.498E-17
   2.831E+01  3.537E-17
   2.869E+01  3.574E-17
   2.908E+01  3.611E-17
   2.967E+01  3.663E-17
   3.027E+01  3.714E-17
   3.110E+01  3.777E-17
   3.173E+01  3.821E-17
   3.259E+01  3.876E-17
   3.326E+01  3.915E-17
   3.439E+01  3.975E-17
   3.509E+01  4.009E-17
   3.605E+01  4.051E-17
   3.778E+01  4.118E-17
   3.830E+01  4.135E-17
   3.934E+01  4.169E-17
   4.041E+01  4.199E-17
   4.152E+01  4.227E-17
   4.236E+01  4.245E-17
   4.352E+01  4.266E-17
   4.441E+01  4.277E-17
   4.501E+01  4.283E-17
   4.624E+01  4.291E-17
   4.719E+01  4.294E-17
   4.880E+01  4.296E-17
   4.980E+01  4.294E-17
   5.116E+01  4.291E-17
   5.256E+01  4.285E-17
   5.400E+01  4.277E-17
   5.473E+01  4.271E-17
   5.548E+01  4.265E-17
   5.895E+01  4.229E-17
   5.975E+01  4.219E-17
   6.056E+01  4.208E-17
   6.139E+01  4.197E-17
   6.350E+01  4.170E-17
   6.612E+01  4.135E-17
   6.748E+01  4.118E-17
   6.933E+01  4.093E-17
   7.122E+01  4.067E-17
   7.317E+01  4.038E-17
   7.467E+01  4.015E-17
   7.569E+01  3.999E-17
   7.882E+01  3.950E-17
   8.099E+01  3.915E-17
   8.209E+01  3.898E-17
   8.433E+01  3.864E-17
   8.607E+01  3.838E-17
   8.783E+01  3.811E-17
   8.903E+01  3.793E-17
   9.085E+01  3.767E-17
   9.398E+01  3.721E-17
   9.590E+01  3.692E-17
   9.787E+01  3.660E-17
   1.012E+02  3.606E-17
   1.047E+02  3.556E-17
   1.062E+02  3.540E-17
   1.098E+02  3.507E-17
   1.128E+02  3.476E-17
   1.143E+02  3.457E-17
   1.167E+02  3.429E-17
   1.199E+02  3.392E-17
   1.207E+02  3.383E-17
   1.232E+02  3.355E-17
   1.274E+02  3.309E-17
   1.292E+02  3.291E-17
   1.327E+02  3.257E-17
   1.354E+02  3.235E-17
   1.373E+02  3.218E-17
   1.420E+02  3.167E-17
   1.449E+02  3.138E-17
   1.469E+02  3.121E-17
   1.499E+02  3.097E-17
   1.530E+02  3.075E-17
   1.572E+02  3.045E-17
   1.593E+02  3.029E-17
   1.615E+02  3.012E-17
   1.648E+02  2.983E-17
   1.682E+02  2.953E-17
   1.705E+02  2.931E-17
   1.728E+02  2.910E-17
   1.775E+02  2.875E-17
   1.824E+02  2.839E-17
   1.887E+02  2.785E-17
   1.952E+02  2.730E-17
   1.978E+02  2.709E-17
   2.019E+02  2.680E-17
   2.061E+02  2.658E-17
   2.103E+02  2.635E-17
   2.146E+02  2.606E-17
   2.266E+02  2.522E-17
   2.328E+02  2.491E-17
   2.344E+02  2.483E-17
   2.441E+02  2.450E-17
   2.474E+02  2.434E-17
   2.559E+02  2.381E-17
   2.594E+02  2.369E-17
   2.647E+02  2.357E-17
   2.720E+02  2.341E-17
   2.832E+02  2.289E-17
   2.852E+02  2.276E-17
   2.852E+02  2.276E-17
   2.950E+02  2.220E-17
   3.011E+02  2.190E-17
-1
0.00E+00  0.00E+00  0.00E+00
