##eqation:     e+H_2->H_2(+)+e+e
##type:        ionization
##unit:        eV, cm2
##date:        1999/11/11
##method:      digitalize from scanned figure
##
##ref.auth:    H. Tawara and Y. Itikawa and H. Nshimura 
##             and M. Yoshino
##ref.title:   Cross Sections and Related Data for 
##             Electron Collisions with Hydrogen Molecules
#              and Molecular Ions
##ref.journal: J.Phys.Chem.Ref.Data, Vol.19,No.3,(1990)617-636
##ref.fig:     Fig.2
##ref.range:   15.5eV - 874eV
##
## also find in.
####ref.auth:    H. Tawara and T. Kato
####ref.journal: Atomic Data and Nuclear Data Tables, 
####             Vol. 36, No. 2, (1987) 167-
####ref.fig:     Fig.2
####ref.range:   0.1eV - 1000eV
14001
e(-)+H_2->H_2(+)+e(-)+e(-)
15.44
3
 14   1   16
 -1   +1  +1
2
 202
   1.544E+01  0.0
   1.555E+01  2.011E-19
   1.557E+01  2.960E-19
   1.560E+01  4.384E-19
   1.562E+01  5.334E-19
   1.566E+01  7.233E-19
   1.569E+01  8.657E-19
   1.570E+01  9.132E-19
   1.574E+01  1.103E-18
   1.578E+01  1.293E-18
   1.585E+01  1.626E-18
   1.591E+01  1.911E-18
   1.598E+01  2.244E-18
   1.613E+01  2.959E-18
   1.619E+01  3.246E-18
   1.626E+01  3.581E-18
   1.633E+01  3.916E-18
   1.649E+01  4.683E-18
   1.656E+01  5.020E-18
   1.662E+01  5.309E-18
   1.669E+01  5.647E-18
   1.685E+01  6.420E-18
   1.693E+01  6.808E-18
   1.708E+01  7.536E-18
   1.733E+01  8.753E-18
   1.740E+01  9.095E-18
   1.748E+01  9.486E-18
   1.756E+01  9.877E-18
   1.765E+01  1.032E-17
   1.773E+01  1.071E-17
   1.799E+01  1.198E-17
   1.816E+01  1.282E-17
   1.824E+01  1.321E-17
   1.851E+01  1.454E-17
   1.859E+01  1.493E-17
   1.877E+01  1.582E-17
   1.895E+01  1.670E-17
   1.914E+01  1.763E-17
   1.932E+01  1.850E-17
   1.960E+01  1.987E-17
   1.999E+01  2.175E-17
   2.008E+01  2.219E-17
   2.038E+01  2.362E-17
   2.057E+01  2.453E-17
   2.077E+01  2.547E-17
   2.098E+01  2.646E-17
   2.128E+01  2.784E-17
   2.160E+01  2.930E-17
   2.192E+01  3.072E-17
   2.213E+01  3.164E-17
   2.257E+01  3.352E-17
   2.290E+01  3.489E-17
   2.301E+01  3.534E-17
   2.347E+01  3.717E-17
   2.382E+01  3.852E-17
   2.405E+01  3.938E-17
   2.441E+01  4.071E-17
   2.477E+01  4.200E-17
   2.489E+01  4.242E-17
   2.526E+01  4.370E-17
   2.577E+01  4.541E-17
   2.628E+01  4.708E-17
   2.667E+01  4.834E-17
   2.720E+01  5.003E-17
   2.775E+01  5.177E-17
   2.802E+01  5.262E-17
   2.844E+01  5.394E-17
   2.872E+01  5.482E-17
   2.914E+01  5.612E-17
   2.987E+01  5.829E-17
   3.047E+01  5.998E-17
   3.108E+01  6.160E-17
   3.154E+01  6.276E-17
   3.217E+01  6.425E-17
   3.298E+01  6.601E-17
   3.347E+01  6.701E-17
   3.397E+01  6.799E-17
   3.465E+01  6.925E-17
   3.535E+01  7.047E-17
   3.624E+01  7.195E-17
   3.696E+01  7.308E-17
   3.770E+01  7.416E-17
   3.827E+01  7.494E-17
   3.904E+01  7.593E-17
   3.982E+01  7.689E-17
   4.062E+01  7.786E-17
   4.165E+01  7.912E-17
   4.227E+01  7.989E-17
   4.333E+01  8.120E-17
   4.442E+01  8.242E-17
   4.577E+01  8.366E-17
   4.669E+01  8.433E-17
   4.786E+01  8.500E-17
   4.956E+01  8.569E-17
   5.056E+01  8.603E-17
   5.236E+01  8.670E-17
   5.394E+01  8.739E-17
   5.530E+01  8.803E-17
   5.642E+01  8.854E-17
   5.871E+01  8.944E-17
   6.140E+01  8.993E-17
   6.233E+01  8.997E-17
   6.359E+01  8.997E-17
   6.487E+01  8.995E-17
   6.684E+01  8.993E-17
   6.853E+01  8.999E-17
   7.026E+01  9.016E-17
   7.312E+01  9.056E-17
   7.572E+01  9.053E-17
   7.686E+01  9.032E-17
   7.961E+01  8.955E-17
   8.327E+01  8.885E-17
   8.494E+01  8.856E-17
   8.797E+01  8.781E-17
   8.975E+01  8.732E-17
   9.202E+01  8.677E-17
   9.435E+01  8.619E-17
   9.578E+01  8.586E-17
   9.772E+01  8.546E-17
   9.919E+01  8.526E-17
   1.027E+02  8.496E-17
   1.064E+02  8.442E-17
   1.085E+02  8.397E-17
   1.124E+02  8.293E-17
   1.152E+02  8.233E-17
   1.182E+02  8.159E-17
   1.205E+02  8.082E-17
   1.255E+02  7.919E-17
   1.280E+02  7.858E-17
   1.319E+02  7.810E-17
   1.346E+02  7.776E-17
   1.373E+02  7.741E-17
   1.436E+02  7.574E-17
   1.466E+02  7.451E-17
   1.533E+02  7.234E-17
   1.588E+02  7.196E-17
   1.636E+02  7.122E-17
   1.703E+02  6.950E-17
   1.764E+02  6.882E-17
   1.854E+02  6.637E-17
   1.892E+02  6.568E-17
   1.930E+02  6.508E-17
   1.979E+02  6.424E-17
   2.092E+02  6.119E-17
   2.145E+02  6.056E-17
   2.243E+02  6.023E-17
   2.278E+02  5.944E-17
   2.371E+02  5.739E-17
   2.419E+02  5.639E-17
   2.468E+02  5.552E-17
   2.506E+02  5.469E-17
   2.543E+02  5.405E-17
   2.608E+02  5.336E-17
   2.674E+02  5.245E-17
   2.756E+02  5.175E-17
   2.826E+02  5.083E-17
   2.927E+02  4.965E-17
   3.001E+02  4.829E-17
   3.124E+02  4.720E-17
   3.236E+02  4.579E-17
   3.269E+02  4.535E-17
   3.454E+02  4.394E-17
   3.542E+02  4.350E-17
   3.668E+02  4.256E-17
   3.743E+02  4.136E-17
   3.838E+02  4.046E-17
   3.916E+02  4.005E-17
   4.056E+02  3.922E-17
   4.138E+02  3.845E-17
   4.243E+02  3.765E-17
   4.351E+02  3.689E-17
   4.462E+02  3.613E-17
   4.598E+02  3.504E-17
   4.668E+02  3.469E-17
   4.810E+02  3.431E-17
   4.933E+02  3.362E-17
   5.109E+02  3.262E-17
   5.212E+02  3.257E-17
   5.345E+02  3.195E-17
   5.536E+02  3.093E-17
   5.621E+02  3.008E-17
   5.734E+02  2.999E-17
   5.851E+02  2.942E-17
   6.000E+02  2.851E-17
   6.184E+02  2.767E-17
   6.309E+02  2.763E-17
   6.469E+02  2.683E-17
   6.567E+02  2.652E-17
   6.668E+02  2.601E-17
   6.769E+02  2.573E-17
   6.940E+02  2.546E-17
   7.153E+02  2.469E-17
   7.335E+02  2.396E-17
   7.446E+02  2.392E-17
   7.559E+02  2.347E-17
   7.674E+02  2.321E-17
   7.790E+02  2.297E-17
   7.909E+02  2.251E-17
   8.192E+02  2.183E-17
   8.400E+02  2.138E-17
   8.570E+02  2.116E-17
   8.745E+02  2.073E-17
-1
0.00E+00  0.00E+00  0.00E+00
