# e + H_2 -> e + H + H(2s) 
#
# TAWARA et al. 
# Cross Sections and Related Data for Electron Collisions with
# Hydrogen Molecules and Molecular Ions
# J. Phys. Chem. Ref. Data, Vol. 19, No.3, 1990
# Fig.15
#  
14005
e(-)+H_2->e(-)+H+H(2s)
14.98
4
 14   1  10  1050
 -1   0  +1  +1
100
    179
   1.498E+01  1.243E-18
   1.499E+01  1.246E-18
   1.506E+01  1.296E-18
   1.506E+01  1.301E-18
   1.507E+01  1.305E-18
   1.508E+01  1.310E-18
   1.514E+01  1.351E-18
   1.514E+01  1.355E-18
   1.515E+01  1.361E-18
   1.523E+01  1.414E-18
   1.523E+01  1.417E-18
   1.543E+01  1.551E-18
   1.553E+01  1.616E-18
   1.563E+01  1.680E-18
   1.573E+01  1.742E-18
   1.594E+01  1.866E-18
   1.604E+01  1.923E-18
   1.636E+01  2.091E-18
   1.658E+01  2.193E-18
   1.669E+01  2.240E-18
   1.680E+01  2.286E-18
   1.702E+01  2.373E-18
   1.725E+01  2.454E-18
   1.748E+01  2.528E-18
   1.783E+01  2.628E-18
   1.819E+01  2.717E-18
   1.831E+01  2.744E-18
   1.880E+01  2.848E-18
   1.918E+01  2.921E-18
   1.944E+01  2.968E-18
   1.970E+01  3.014E-18
   1.996E+01  3.059E-18
   2.023E+01  3.102E-18
   2.050E+01  3.145E-18
   2.106E+01  3.225E-18
   2.149E+01  3.281E-18
   2.207E+01  3.351E-18
   2.267E+01  3.416E-18
   2.329E+01  3.478E-18
   2.392E+01  3.534E-18
   2.457E+01  3.586E-18
   2.524E+01  3.632E-18
   2.575E+01  3.665E-18
   2.646E+01  3.705E-18
   2.736E+01  3.752E-18
   2.811E+01  3.787E-18
   2.887E+01  3.821E-18
   2.966E+01  3.854E-18
   3.006E+01  3.871E-18
   3.067E+01  3.897E-18
   3.172E+01  3.938E-18
   3.237E+01  3.962E-18
   3.325E+01  3.990E-18
   3.393E+01  4.011E-18
   3.462E+01  4.030E-18
   3.509E+01  4.041E-18
   3.629E+01  4.066E-18
   3.753E+01  4.088E-18
   3.935E+01  4.109E-18
   3.988E+01  4.114E-18
   4.015E+01  4.117E-18
   4.181E+01  4.130E-18
   4.209E+01  4.133E-18
   4.324E+01  4.142E-18
   4.442E+01  4.152E-18
   4.533E+01  4.157E-18
   4.688E+01  4.161E-18
   4.784E+01  4.162E-18
   4.881E+01  4.162E-18
   5.015E+01  4.161E-18
   5.083E+01  4.161E-18
   5.117E+01  4.161E-18
   5.365E+01  4.162E-18
   5.511E+01  4.162E-18
   5.624E+01  4.163E-18
   5.896E+01  4.164E-18
   6.057E+01  4.164E-18
   6.265E+01  4.157E-18
   6.480E+01  4.144E-18
   6.612E+01  4.139E-18
   6.702E+01  4.136E-18
   6.747E+01  4.135E-18
   6.839E+01  4.131E-18
   7.026E+01  4.118E-18
   7.267E+01  4.103E-18
   7.416E+01  4.091E-18
   7.568E+01  4.078E-18
   7.775E+01  4.057E-18
   7.988E+01  4.035E-18
   8.097E+01  4.023E-18
   8.262E+01  4.002E-18
   8.432E+01  3.976E-18
   8.781E+01  3.931E-18
   9.021E+01  3.918E-18
   9.268E+01  3.900E-18
   9.586E+01  3.870E-18
   9.783E+01  3.847E-18
   9.983E+01  3.825E-18
   1.047E+02  3.794E-18
   1.112E+02  3.720E-18
   1.143E+02  3.675E-18
   1.166E+02  3.648E-18
   1.198E+02  3.624E-18
   1.273E+02  3.551E-18
   1.282E+02  3.535E-18
   1.317E+02  3.496E-18
   1.344E+02  3.465E-18
   1.381E+02  3.432E-18
   1.419E+02  3.393E-18
   1.488E+02  3.344E-18
   1.529E+02  3.302E-18
   1.571E+02  3.259E-18
   1.625E+02  3.212E-18
   1.658E+02  3.175E-18
   1.727E+02  3.129E-18
   1.786E+02  3.069E-18
   1.835E+02  3.028E-18
   1.898E+02  2.986E-18
   1.951E+02  2.930E-18
   2.004E+02  2.889E-18
   2.032E+02  2.869E-18
   2.073E+02  2.833E-18
   2.189E+02  2.757E-18
   2.234E+02  2.722E-18
   2.311E+02  2.668E-18
   2.358E+02  2.648E-18
   2.390E+02  2.634E-18
   2.456E+02  2.613E-18
   2.506E+02  2.582E-18
   2.558E+02  2.561E-18
   2.610E+02  2.530E-18
   2.646E+02  2.511E-18
   2.700E+02  2.479E-18
   2.793E+02  2.430E-18
   2.870E+02  2.382E-18
   2.949E+02  2.351E-18
   3.071E+02  2.315E-18
   3.114E+02  2.247E-18
   3.221E+02  2.226E-18
   3.309E+02  2.184E-18
   3.400E+02  2.141E-18
   3.494E+02  2.112E-18
   3.589E+02  2.084E-18
   3.713E+02  2.057E-18
   3.815E+02  2.029E-18
   3.946E+02  1.989E-18
   4.138E+02  1.924E-18
   4.252E+02  1.873E-18
   4.311E+02  1.861E-18
   4.399E+02  1.848E-18
   4.551E+02  1.812E-18
   4.644E+02  1.788E-18
   4.739E+02  1.776E-18
   4.837E+02  1.741E-18
   5.072E+02  1.695E-18
   5.176E+02  1.672E-18
   5.428E+02  1.628E-18
   5.691E+02  1.575E-18
   5.848E+02  1.544E-18
   6.050E+02  1.503E-18
   6.259E+02  1.463E-18
   6.475E+02  1.434E-18
   6.652E+02  1.415E-18
   6.976E+02  1.369E-18
   7.266E+02  1.333E-18
   7.568E+02  1.289E-18
   7.671E+02  1.272E-18
   7.829E+02  1.255E-18
   8.044E+02  1.247E-18
   8.265E+02  1.230E-18
   8.434E+02  1.214E-18
   8.665E+02  1.206E-18
   8.904E+02  1.182E-18
   9.148E+02  1.174E-18
   9.210E+02  1.166E-18
   9.463E+02  1.151E-18
   9.722E+02  1.143E-18
   9.855E+02  1.136E-18
   9.922E+02  1.128E-18
-1
0.00E+00  0.00E+00  0.00E+00
