#
#  e + H_2 -> 3e + 2 H^+
#  e + H_2 -> 2e + H + H^+ ( correct on Oct./30/2013)
#
14009
e(-)+H_2->2e(-)+H+H(+)
20.003
4
 14   1  10 11
 -1  +1  +1 +1
255
    250
  2.0003E+01  0.0
   2.003E+01  1.359E-19
   2.004E+01  1.367E-19
   2.022E+01  1.522E-19
   2.031E+01  1.605E-19
   2.050E+01  1.787E-19
   2.051E+01  1.798E-19
   2.059E+01  1.885E-19
   2.069E+01  1.989E-19
   2.088E+01  2.197E-19
   2.098E+01  2.296E-19
   2.118E+01  2.506E-19
   2.127E+01  2.605E-19
   2.148E+01  2.809E-19
   2.179E+01  3.112E-19
   2.189E+01  3.210E-19
   2.210E+01  3.420E-19
   2.231E+01  3.637E-19
   2.252E+01  3.873E-19
   2.262E+01  3.986E-19
   2.263E+01  3.995E-19
   2.274E+01  4.119E-19
   2.295E+01  4.375E-19
   2.296E+01  4.377E-19
   2.306E+01  4.509E-19
   2.328E+01  4.769E-19
   2.329E+01  4.777E-19
   2.351E+01  5.024E-19
   2.362E+01  5.151E-19
   2.374E+01  5.282E-19
   2.397E+01  5.558E-19
   2.397E+01  5.559E-19
   2.408E+01  5.686E-19
   2.432E+01  5.904E-19
   2.432E+01  5.909E-19
   2.456E+01  6.022E-19
   2.456E+01  6.023E-19
   2.831E+01  1.168E-19
   2.843E+01  1.316E-19
   2.844E+01  1.328E-19
   2.861E+01  1.609E-19
   2.862E+01  1.622E-19
   2.864E+01  1.642E-19
   2.865E+01  1.666E-19
   2.867E+01  1.695E-19
   2.868E+01  1.712E-19
   2.869E+01  1.733E-19
   2.870E+01  1.755E-19
   2.875E+01  1.832E-19
   2.888E+01  2.059E-19
   2.901E+01  2.270E-19
   2.915E+01  2.444E-19
   2.942E+01  2.741E-19
   2.969E+01  3.077E-19
   2.970E+01  3.094E-19
   2.980E+01  3.243E-19
   2.982E+01  3.262E-19
   2.998E+01  3.500E-19
   3.009E+01  3.667E-19
   3.023E+01  3.871E-19
   3.037E+01  4.045E-19
   3.052E+01  4.197E-19
   3.081E+01  4.486E-19
   3.096E+01  4.647E-19
   3.110E+01  4.818E-19
   3.140E+01  5.223E-19
   3.155E+01  5.447E-19
   3.169E+01  5.678E-19
   3.184E+01  5.884E-19
   3.231E+01  6.380E-19
   3.262E+01  6.766E-19
   3.277E+01  6.990E-19
   3.309E+01  7.473E-19
   3.325E+01  7.686E-19
   3.339E+01  7.794E-19
   3.340E+01  7.795E-19
   3.356E+01  7.683E-19
   3.440E+01  4.758E-19
   3.456E+01  4.506E-19
   3.490E+01  4.562E-19
   3.523E+01  4.950E-19
   3.556E+01  5.368E-19
   3.590E+01  5.757E-19
   3.607E+01  5.946E-19
   3.641E+01  6.295E-19
   3.677E+01  6.585E-19
   3.713E+01  6.956E-19
   3.730E+01  7.184E-19
   3.748E+01  7.425E-19
   3.784E+01  7.870E-19
   3.821E+01  8.358E-19
   3.838E+01  8.628E-19
   3.856E+01  8.899E-19
   3.894E+01  9.379E-19
   3.912E+01  9.622E-19
   3.950E+01  1.011E-18
   4.028E+01  1.097E-18
   4.047E+01  1.126E-18
   4.086E+01  1.189E-18
   4.146E+01  1.276E-18
   4.186E+01  1.332E-18
   4.247E+01  1.409E-18
   4.309E+01  1.497E-18
   4.351E+01  1.563E-18
   4.372E+01  1.596E-18
   4.437E+01  1.676E-18
   4.502E+01  1.783E-18
   4.523E+01  1.825E-18
   4.590E+01  1.915E-18
   4.635E+01  1.967E-18
   4.703E+01  2.056E-18
   4.749E+01  2.130E-18
   4.867E+01  2.272E-18
   4.939E+01  2.364E-18
   5.012E+01  2.465E-18
   5.061E+01  2.534E-18
   5.136E+01  2.624E-18
   5.187E+01  2.691E-18
   5.290E+01  2.785E-18
   5.421E+01  2.988E-18
   5.474E+01  3.076E-18
   5.583E+01  3.214E-18
   5.638E+01  3.300E-18
   5.750E+01  3.413E-18
   5.864E+01  3.548E-18
   5.952E+01  3.625E-18
   6.070E+01  3.734E-18
   6.191E+01  3.853E-18
   6.314E+01  4.008E-18
   6.441E+01  4.094E-18
   6.601E+01  4.264E-18
   6.700E+01  4.391E-18
   6.868E+01  4.486E-18
   7.005E+01  4.620E-18
   7.181E+01  4.718E-18
   7.360E+01  4.862E-18
   7.583E+01  5.012E-18
   7.734E+01  5.116E-18
   7.850E+01  5.219E-18
   8.007E+01  5.327E-18
   8.087E+01  5.381E-18
   8.167E+01  5.435E-18
   8.331E+01  5.488E-18
   8.499E+01  5.495E-18
   8.583E+01  5.596E-18
   8.712E+01  5.661E-18
   8.931E+01  5.773E-18
   9.066E+01  5.774E-18
   9.202E+01  5.775E-18
   9.340E+01  5.828E-18
   9.481E+01  5.836E-18
   9.622E+01  6.007E-18
   9.816E+01  6.013E-18
   1.001E+02  6.006E-18
   1.017E+02  5.833E-18
   1.032E+02  5.884E-18
   1.048E+02  5.887E-18
   1.063E+02  5.885E-18
   1.096E+02  5.885E-18
   1.123E+02  5.942E-18
   1.135E+02  5.884E-18
   1.152E+02  5.823E-18
   1.181E+02  5.822E-18
   1.205E+02  5.820E-18
   1.223E+02  5.761E-18
   1.279E+02  5.701E-18
   1.292E+02  5.700E-18
   1.312E+02  5.642E-18
   1.338E+02  5.527E-18
   1.379E+02  5.526E-18
   1.428E+02  5.468E-18
   1.450E+02  5.412E-18
   1.479E+02  5.357E-18
   1.524E+02  5.301E-18
   1.579E+02  5.246E-18
   1.619E+02  5.139E-18
   1.660E+02  5.086E-18
   1.702E+02  5.034E-18
   1.728E+02  5.033E-18
   1.763E+02  4.881E-18
   1.807E+02  4.880E-18
   1.872E+02  4.731E-18
   1.929E+02  4.635E-18
   1.998E+02  4.587E-18
   2.069E+02  4.493E-18
   2.154E+02  4.312E-18
   2.231E+02  4.224E-18
   2.334E+02  4.137E-18
   2.442E+02  4.052E-18
   2.517E+02  3.890E-18
   2.568E+02  3.849E-18
   2.660E+02  3.733E-18
   2.741E+02  3.619E-18
   2.811E+02  3.546E-18
   2.868E+02  3.509E-18
   2.941E+02  3.403E-18
   3.016E+02  3.333E-18
   3.061E+02  3.299E-18
   3.123E+02  3.265E-18
   3.203E+02  3.199E-18
   3.235E+02  3.198E-18
   3.301E+02  3.102E-18
   3.385E+02  3.038E-18
   3.436E+02  3.007E-18
   3.542E+02  2.887E-18
   3.595E+02  2.857E-18
   3.687E+02  2.799E-18
   3.800E+02  2.686E-18
   3.897E+02  2.631E-18
   4.016E+02  2.578E-18
   4.160E+02  2.474E-18
   4.202E+02  2.449E-18
   4.309E+02  2.399E-18
   4.441E+02  2.326E-18
   4.508E+02  2.279E-18
   4.531E+02  2.279E-18
   4.623E+02  2.210E-18
   4.741E+02  2.165E-18
   4.886E+02  2.099E-18
   4.936E+02  2.036E-18
   5.011E+02  2.015E-18
   5.087E+02  1.974E-18
   5.164E+02  1.974E-18
   5.296E+02  1.914E-18
   5.431E+02  1.856E-18
   5.569E+02  1.818E-18
   5.711E+02  1.763E-18
   5.798E+02  1.727E-18
   5.946E+02  1.675E-18
   6.097E+02  1.641E-18
   6.190E+02  1.624E-18
   6.252E+02  1.607E-18
   6.379E+02  1.575E-18
   6.444E+02  1.543E-18
   6.575E+02  1.496E-18
   6.709E+02  1.466E-18
   6.845E+02  1.436E-18
   6.985E+02  1.407E-18
   7.020E+02  1.407E-18
   7.126E+02  1.378E-18
   7.308E+02  1.336E-18
   7.494E+02  1.309E-18
   7.609E+02  1.257E-18
   7.725E+02  1.244E-18
   7.961E+02  1.218E-18
   8.083E+02  1.182E-18
   8.164E+02  1.169E-18
   8.247E+02  1.158E-18
   8.457E+02  1.122E-18
   8.630E+02  1.088E-18
-1
0.00E+00  0.00E+00  0.00E+00
