##eqation:     e+H_2->H_2+e
##type:        elastic collision
##unit:        eV, cm2
##date:        1999/11/11
##method:      digitalize from scanned figure
##
##ref.auth:    H. Tawara, Y. Itikawa, H. Nishimura 
##             and M. Yoshino
##ref.title:   Cross Sections and Related Data for 
##             Electron Collisions with Hydrogen Molecules
##             and Molecular Ions
##ref.journal: J. Phys. Chem. Ref. Data, Vol.19, No.3, (1990) 617-636
##ref.fig:     Fig.2
##ref.range:   1.86ev - 2233eV
##
##extrapolation: - 0.018eV
14000
e(-)+H_2->H_2+e(-)
0.0
2
 14  1
  0  0
1
245
   1.00e-02   6.0e-16
   1.861E-02  7.038E-16
   1.901E-02  7.051E-16
   1.969E-02  7.076E-16
   2.082E-02  7.120E-16
   2.249E-02  7.198E-16
   2.329E-02  7.238E-16
   2.413E-02  7.280E-16
   2.499E-02  7.324E-16
   2.718E-02  7.428E-16
   2.834E-02  7.472E-16
   2.956E-02  7.508E-16
   3.194E-02  7.578E-16
   3.331E-02  7.633E-16
   3.473E-02  7.701E-16
   3.648E-02  7.785E-16
   3.832E-02  7.867E-16
   3.968E-02  7.927E-16
   4.109E-02  7.987E-16
   4.256E-02  8.043E-16
   4.439E-02  8.105E-16
   4.533E-02  8.133E-16
   4.695E-02  8.176E-16
   4.862E-02  8.222E-16
   5.000E-02  8.263E-16
   5.143E-02  8.309E-16
   5.400E-02  8.396E-16
   5.554E-02  8.437E-16
   5.672E-02  8.462E-16
   5.834E-02  8.495E-16
   6.000E-02  8.528E-16
   6.301E-02  8.588E-16
   6.435E-02  8.608E-16
   6.572E-02  8.625E-16
   6.759E-02  8.652E-16
   7.049E-02  8.715E-16
   7.199E-02  8.749E-16
   7.404E-02  8.793E-16
   7.668E-02  8.837E-16
   7.998E-02  8.872E-16
   8.283E-02  8.912E-16
   8.639E-02  8.991E-16
   8.884E-02  9.072E-16
   9.199E-02  9.181E-16
   9.528E-02  9.230E-16
   9.799E-02  9.234E-16
   1.022E-01  9.244E-16
   1.058E-01  9.297E-16
   1.081E-01  9.348E-16
   1.112E-01  9.426E-16
   1.135E-01  9.488E-16
   1.159E-01  9.551E-16
   1.192E-01  9.623E-16
   1.226E-01  9.673E-16
   1.261E-01  9.686E-16
   1.297E-01  9.687E-16
   1.325E-01  9.699E-16
   1.362E-01  9.745E-16
   1.411E-01  9.800E-16
   1.461E-01  9.838E-16
   1.492E-01  9.897E-16
   1.535E-01  9.995E-16
   1.567E-01  1.003E-15
   1.658E-01  1.002E-15
   1.717E-01  1.004E-15
   1.741E-01  1.009E-15
   1.803E-01  1.021E-15
   1.841E-01  1.023E-15
   1.894E-01  1.023E-15
   2.003E-01  1.030E-15
   2.089E-01  1.043E-15
   2.179E-01  1.044E-15
   2.225E-01  1.045E-15
   2.272E-01  1.051E-15
   2.354E-01  1.058E-15
   2.404E-01  1.060E-15
   2.524E-01  1.072E-15
   2.578E-01  1.074E-15
   2.633E-01  1.081E-15
   2.670E-01  1.087E-15
   2.765E-01  1.088E-15
   2.824E-01  1.088E-15
   2.884E-01  1.089E-15
   2.945E-01  1.094E-15
   3.050E-01  1.096E-15
   3.115E-01  1.102E-15
   3.181E-01  1.103E-15
   3.272E-01  1.110E-15
   3.412E-01  1.118E-15
   3.485E-01  1.118E-15
   3.609E-01  1.118E-15
   3.686E-01  1.125E-15
   3.845E-01  1.125E-15
   3.982E-01  1.126E-15
   4.095E-01  1.141E-15
   4.182E-01  1.149E-15
   4.301E-01  1.149E-15
   4.614E-01  1.148E-15
   4.745E-01  1.149E-15
   4.948E-01  1.164E-15
   5.054E-01  1.165E-15
   5.271E-01  1.172E-15
   5.459E-01  1.172E-15
   5.654E-01  1.180E-15
   5.980E-01  1.180E-15
   6.151E-01  1.180E-15
   6.505E-01  1.196E-15
   6.784E-01  1.204E-15
   6.978E-01  1.204E-15
   7.227E-01  1.204E-15
   7.538E-01  1.204E-15
   7.753E-01  1.204E-15
   8.028E-01  1.221E-15
   8.612E-01  1.220E-15
   8.795E-01  1.229E-15
   9.108E-01  1.246E-15
   9.367E-01  1.246E-15
   9.499E-01  1.254E-15
   9.770E-01  1.255E-15
   9.907E-01  1.263E-15
   1.012E+00  1.272E-15
   1.024E+00  1.276E-15
   1.048E+00  1.281E-15
   1.093E+00  1.281E-15
   1.116E+00  1.289E-15
   1.156E+00  1.309E-15
   1.164E+00  1.333E-15
   1.180E+00  1.317E-15
   1.205E+00  1.316E-15
   1.222E+00  1.317E-15
   1.275E+00  1.344E-15
   1.320E+00  1.354E-15
   1.348E+00  1.363E-15
   1.396E+00  1.373E-15
   1.412E+00  1.384E-15
   1.446E+00  1.392E-15
   1.487E+00  1.411E-15
   1.551E+00  1.431E-15
   1.617E+00  1.451E-15
   1.666E+00  1.448E-15
   1.675E+00  1.471E-15
   1.759E+00  1.513E-15
   1.821E+00  1.545E-15
   1.939E+00  1.578E-15
   2.080E+00  1.622E-15
   2.139E+00  1.633E-15
   2.231E+00  1.656E-15
   2.409E+00  1.679E-15
   2.676E+00  1.714E-15
   2.994E+00  1.726E-15
   3.258E+00  1.725E-15
   3.620E+00  1.676E-15
   3.803E+00  1.676E-15
   4.197E+00  1.629E-15
   4.455E+00  1.538E-15
   4.900E+00  1.549E-15
   5.041E+00  1.506E-15
   5.258E+00  1.506E-15
   5.722E+00  1.443E-15
   6.452E+00  1.345E-15
   6.972E+00  1.307E-15
   7.400E+00  1.231E-15
   8.089E+00  1.159E-15
   8.803E+00  1.118E-15
   9.056E+00  1.095E-15
   9.381E+00  1.072E-15
   1.004E+01  9.683E-16
   1.104E+01  9.369E-16
   1.122E+01  8.911E-16
   1.208E+01  8.276E-16
   1.313E+01  7.758E-16
   1.455E+01  7.471E-16
   1.537E+01  6.632E-16
   1.671E+01  6.103E-16
   1.750E+01  5.828E-16
   2.029E+01  5.028E-16
   2.268E+01  4.459E-16
   2.443E+01  4.104E-16
   2.559E+01  3.813E-16
   2.782E+01  3.477E-16
   3.080E+01  3.112E-16
   3.168E+01  2.918E-16
   3.318E+01  2.812E-16
   3.573E+01  2.541E-16
   3.884E+01  2.317E-16
   4.223E+01  2.074E-16
   4.548E+01  1.927E-16
   4.898E+01  1.741E-16
   5.325E+01  1.587E-16
   6.007E+01  1.382E-16
   6.967E+01  1.182E-16
   7.298E+01  1.108E-16
   7.786E+01  1.048E-16
   8.232E+01  9.736E-17
   8.544E+01  9.297E-17
   8.950E+01  8.716E-17
   9.204E+01  8.247E-17
   9.820E+01  7.803E-17
   1.028E+02  7.520E-17
   1.077E+02  7.115E-17
   1.139E+02  6.609E-17
   1.227E+02  6.082E-17
   1.309E+02  5.702E-17
   1.397E+02  5.345E-17
   1.490E+02  4.965E-17
   1.650E+02  4.404E-17
   1.777E+02  4.128E-17
   1.861E+02  3.906E-17
   1.986E+02  3.628E-17
   2.119E+02  3.339E-17
   2.391E+02  2.908E-17
   2.599E+02  2.627E-17
   2.723E+02  2.441E-17
   3.043E+02  2.185E-17
   3.188E+02  2.067E-17
   3.309E+02  1.938E-17
   3.563E+02  1.784E-17
   3.733E+02  1.657E-17
   4.020E+02  1.525E-17
   4.330E+02  1.403E-17
   4.536E+02  1.304E-17
   4.840E+02  1.211E-17
   5.310E+02  1.104E-17
   5.772E+02  9.976E-18
   6.216E+02  9.181E-18
   6.334E+02  8.768E-18
   7.077E+02  8.068E-18
   7.279E+02  7.427E-18
   8.137E+02  6.467E-18
   8.683E+02  5.953E-18
   9.094E+02  5.684E-18
   9.615E+02  5.329E-18
   1.016E+03  4.995E-18
   1.105E+03  4.597E-18
   1.147E+03  4.390E-18
   1.235E+03  4.078E-18
   1.305E+03  3.858E-18
   1.380E+03  3.584E-18
   1.514E+03  3.328E-18
   1.630E+03  3.120E-18
   1.756E+03  2.872E-18
   1.891E+03  2.717E-18
   2.017E+03  2.547E-18
   2.113E+03  2.432E-18
   2.233E+03  2.343E-18
-1
0.00E+00  0.00E+00  0.00E+00
