#
# e + H_2 -> e + H_2(J=1->3(rotational)
# last is a dummy datum
#
14007
e(-)+H_2->e(-)+H_2(J=1-3)->e(-)+H_2
0.07427
2
 14   1
 0   0
100
    144
   7.427E-02  1.184E-18
   7.429E-02  1.186E-18
   7.467E-02  1.237E-18
   7.473E-02  1.244E-18
   7.561E-02  1.360E-18
   7.566E-02  1.366E-18
   7.717E-02  1.556E-18
   7.877E-02  1.744E-18
   7.927E-02  1.800E-18
   7.979E-02  1.857E-18
   8.144E-02  2.024E-18
   8.254E-02  2.125E-18
   8.366E-02  2.220E-18
   8.662E-02  2.434E-18
   8.779E-02  2.508E-18
   8.962E-02  2.613E-18
   9.023E-02  2.644E-18
   9.213E-02  2.734E-18
   9.605E-02  2.886E-18
   9.945E-02  3.004E-18
   1.015E-01  3.078E-18
   1.044E-01  3.184E-18
   1.073E-01  3.294E-18
   1.088E-01  3.349E-18
   1.127E-01  3.479E-18
   1.167E-01  3.609E-18
   1.191E-01  3.690E-18
   1.233E-01  3.831E-18
   1.268E-01  3.950E-18
   1.313E-01  4.097E-18
   1.350E-01  4.203E-18
   1.427E-01  4.399E-18
   1.488E-01  4.562E-18
   1.519E-01  4.648E-18
   1.595E-01  4.843E-18
   1.663E-01  5.003E-18
   1.734E-01  5.161E-18
   1.796E-01  5.310E-18
   1.872E-01  5.499E-18
   1.966E-01  5.700E-18
   2.064E-01  5.979E-18
   2.107E-01  6.128E-18
   2.197E-01  6.450E-18
   2.243E-01  6.606E-18
   2.372E-01  6.840E-18
   2.456E-01  7.015E-18
   2.525E-01  7.225E-18
   2.632E-01  7.629E-18
   2.688E-01  7.812E-18
   2.822E-01  8.093E-18
   2.922E-01  8.335E-18
   3.026E-01  8.611E-18
   3.089E-01  8.828E-18
   3.176E-01  9.168E-18
   3.198E-01  9.256E-18
   3.334E-01  9.669E-18
   3.477E-01  1.013E-17
   3.500E-01  1.024E-17
   3.574E-01  1.058E-17
   3.700E-01  1.091E-17
   3.858E-01  1.132E-17
   3.939E-01  1.162E-17
   4.022E-01  1.190E-17
   4.136E-01  1.213E-17
   4.312E-01  1.276E-17
   4.432E-01  1.352E-17
   4.493E-01  1.388E-17
   4.524E-01  1.403E-17
   4.588E-01  1.430E-17
   4.651E-01  1.461E-17
   4.715E-01  1.482E-17
   4.718E-01  1.482E-17
   4.986E-01  1.570E-17
   5.198E-01  1.649E-17
   5.419E-01  1.733E-17
   5.494E-01  1.770E-17
   5.688E-01  1.868E-17
   5.931E-01  1.927E-17
   6.182E-01  2.047E-17
   6.400E-01  2.141E-17
   6.579E-01  2.259E-17
   6.764E-01  2.342E-17
   7.051E-01  2.462E-17
   7.248E-01  2.599E-17
   7.609E-01  2.734E-17
   7.715E-01  2.791E-17
   7.931E-01  2.929E-17
   8.212E-01  3.037E-17
   8.500E-01  3.211E-17
   8.799E-01  3.395E-17
   8.984E-01  3.470E-17
   9.237E-01  3.592E-17
   9.497E-01  3.693E-17
   9.765E-01  3.834E-17
   9.899E-01  3.984E-17
   1.018E+00  4.135E-17
   1.061E+00  4.341E-17
   1.114E+00  4.528E-17
   1.153E+00  4.723E-17
   1.194E+00  5.029E-17
   1.219E+00  5.174E-17
   1.253E+00  5.357E-17
   1.288E+00  5.551E-17
   1.315E+00  5.743E-17
   1.362E+00  5.931E-17
   1.371E+00  6.101E-17
   1.410E+00  6.212E-17
   1.450E+00  6.383E-17
   1.480E+00  6.520E-17
   1.532E+00  6.752E-17
   1.587E+00  6.993E-17
   1.643E+00  7.191E-17
   1.666E+00  7.294E-17
   1.712E+00  7.660E-17
   1.761E+00  7.934E-17
   1.785E+00  8.045E-17
   1.861E+00  8.275E-17
   1.914E+00  8.569E-17
   1.982E+00  8.690E-17
   2.052E+00  8.936E-17
   2.110E+00  9.190E-17
   2.170E+00  9.385E-17
   2.279E+00  9.583E-17
   2.327E+00  9.718E-17
   2.393E+00  9.855E-17
   2.461E+00  9.923E-17
   2.513E+00  1.006E-16
   2.620E+00  1.013E-16
   2.733E+00  1.027E-16
   2.911E+00  1.042E-16
   2.993E+00  1.049E-16
   3.057E+00  1.056E-16
   3.122E+00  1.071E-16
   3.279E+00  1.078E-16
   3.468E+00  1.078E-16
   3.542E+00  1.078E-16
   3.643E+00  1.078E-16
   3.773E+00  1.078E-16
   3.908E+00  1.078E-16
   4.019E+00  1.077E-16
   4.252E+00  1.062E-16
   4.435E+00  1.047E-16
   4.659E+00  1.047E-16
   4.692E+00  1.025E-16
-1
0.00E+00  0.00E+00  0.00E+00
