#
# e(-)+H_2->e(-)+H_2(J=0--2 rotational)
# last is a dummy datum
#
14006
e(-)+H_2->e(-)+H_2(J=0-2)->e(-)+H_2
0.0464
2
 14   1
 0   0
100
    133
   4.640E-02  0.0
   4.773E-02  2.322E-18
   4.868E-02  2.490E-18
   4.932E-02  2.602E-18
   5.141E-02  2.958E-18
   5.319E-02  3.250E-18
   5.505E-02  3.541E-18
   5.658E-02  3.769E-18
   5.937E-02  4.157E-18
   6.406E-02  4.727E-18
   6.586E-02  4.924E-18
   6.770E-02  5.115E-18
   7.059E-02  5.392E-18
   7.358E-02  5.655E-18
   7.513E-02  5.781E-18
   7.998E-02  6.127E-18
   8.457E-02  6.398E-18
   8.880E-02  6.631E-18
   9.324E-02  6.881E-18
   9.653E-02  7.075E-18
   1.014E-01  7.367E-18
   1.014E-01  7.368E-18
   1.064E-01  7.693E-18
   1.094E-01  7.876E-18
   1.125E-01  8.049E-18
   1.173E-01  8.293E-18
   1.224E-01  8.526E-18
   1.276E-01  8.781E-18
   1.312E-01  8.975E-18
   1.387E-01  9.406E-18
   1.436E-01  9.695E-18
   1.487E-01  9.970E-18
   1.550E-01  1.027E-17
   1.628E-01  1.059E-17
   1.721E-01  1.101E-17
   1.782E-01  1.129E-17
   1.845E-01  1.158E-17
   1.979E-01  1.203E-17
   2.078E-01  1.248E-17
   2.182E-01  1.296E-17
   2.228E-01  1.314E-17
   2.356E-01  1.351E-17
   2.406E-01  1.371E-17
   2.561E-01  1.438E-17
   2.671E-01  1.489E-17
   2.824E-01  1.563E-17
   2.924E-01  1.606E-17
   3.049E-01  1.657E-17
   3.156E-01  1.707E-17
   3.269E-01  1.752E-17
   3.361E-01  1.798E-17
   3.480E-01  1.861E-17
   3.628E-01  1.928E-17
   3.810E-01  1.995E-17
   3.945E-01  2.042E-17
   4.141E-01  2.138E-17
   4.318E-01  2.225E-17
   4.439E-01  2.310E-17
   4.440E-01  2.310E-17
   4.597E-01  2.379E-17
   4.759E-01  2.454E-17
   4.859E-01  2.521E-17
   4.927E-01  2.563E-17
   5.066E-01  2.658E-17
   5.101E-01  2.677E-17
   5.319E-01  2.758E-17
   5.319E-01  2.759E-17
   5.468E-01  2.858E-17
   5.506E-01  2.888E-17
   5.740E-01  3.044E-17
   5.942E-01  3.190E-17
   6.328E-01  3.310E-17
   6.506E-01  3.423E-17
   6.735E-01  3.572E-17
   7.071E-01  3.779E-17
   7.320E-01  3.939E-17
   7.957E-01  4.289E-17
   8.123E-01  4.468E-17
   8.468E-01  4.728E-17
   8.891E-01  4.898E-17
   9.334E-01  5.178E-17
   9.530E-01  5.290E-17
   9.867E-01  5.516E-17
   1.014E+00  5.714E-17
   1.058E+00  6.043E-17
   1.103E+00  6.301E-17
   1.133E+00  6.532E-17
   1.157E+00  6.852E-17
   1.190E+00  7.051E-17
   1.232E+00  7.254E-17
   1.266E+00  7.668E-17
   1.302E+00  7.888E-17
   1.348E+00  8.236E-17
   1.366E+00  8.572E-17
   1.425E+00  8.829E-17
   1.454E+00  9.203E-17
   1.516E+00  9.803E-17
   1.581E+00  9.946E-17
   1.614E+00  1.044E-16
   1.659E+00  1.074E-16
   1.718E+00  1.112E-16
   1.779E+00  1.160E-16
   1.855E+00  1.201E-16
   1.907E+00  1.253E-16
   1.960E+00  1.289E-16
   2.044E+00  1.335E-16
   2.146E+00  1.412E-16
   2.222E+00  1.472E-16
   2.349E+00  1.503E-16
   2.433E+00  1.546E-16
   2.518E+00  1.612E-16
   2.663E+00  1.658E-16
   2.758E+00  1.705E-16
   2.816E+00  1.741E-16
   2.937E+00  1.766E-16
   3.084E+00  1.765E-16
   3.172E+00  1.777E-16
   3.355E+00  1.777E-16
   3.574E+00  1.777E-16
   3.754E+00  1.776E-16
   4.029E+00  1.702E-16
   4.144E+00  1.678E-16
   4.293E+00  1.643E-16
   4.355E+00  1.609E-16
   4.542E+00  1.597E-16
   4.772E+00  1.563E-16
   4.980E+00  1.488E-16
   5.122E+00  1.467E-16
   5.346E+00  1.396E-16
   5.577E+00  1.367E-16
   5.777E+00  1.338E-16
   5.986E+00  1.283E-16
   6.202E+00  1.238E-16
-1
0.00E+00  0.00E+00  0.00E+00
