#
# e + H_2 -> e + H_2(C^1¥Pi_u)
#
14013
e(-)+H_2->e(-)+H_2(C^1¥Pi_u)->e(-)+H_2
14.02
2
 14   1
  0   0
100
    180
   1.402E+01  1.252E-17
   1.403E+01  1.253E-17
   1.422E+01  1.293E-17
   1.462E+01  1.379E-17
   1.472E+01  1.400E-17
   1.492E+01  1.444E-17
   1.502E+01  1.466E-17
   1.523E+01  1.511E-17
   1.555E+01  1.579E-17
   1.555E+01  1.580E-17
   1.587E+01  1.649E-17
   1.587E+01  1.649E-17
   1.598E+01  1.671E-17
   1.609E+01  1.694E-17
   1.620E+01  1.718E-17
   1.631E+01  1.741E-17
   1.642E+01  1.764E-17
   1.665E+01  1.811E-17
   1.677E+01  1.833E-17
   1.712E+01  1.900E-17
   1.712E+01  1.901E-17
   1.724E+01  1.923E-17
   1.748E+01  1.966E-17
   1.760E+01  1.986E-17
   1.760E+01  1.987E-17
   1.784E+01  2.028E-17
   1.809E+01  2.069E-17
   1.835E+01  2.108E-17
   1.847E+01  2.128E-17
   1.886E+01  2.185E-17
   1.899E+01  2.203E-17
   1.926E+01  2.239E-17
   1.967E+01  2.294E-17
   1.980E+01  2.311E-17
   2.008E+01  2.346E-17
   2.022E+01  2.363E-17
   2.036E+01  2.381E-17
   2.064E+01  2.415E-17
   2.079E+01  2.431E-17
   2.108E+01  2.465E-17
   2.123E+01  2.481E-17
   2.152E+01  2.512E-17
   2.183E+01  2.543E-17
   2.198E+01  2.559E-17
   2.229E+01  2.588E-17
   2.244E+01  2.602E-17
   2.292E+01  2.645E-17
   2.307E+01  2.658E-17
   2.373E+01  2.711E-17
   2.423E+01  2.748E-17
   2.492E+01  2.796E-17
   2.526E+01  2.820E-17
   2.598E+01  2.866E-17
   2.616E+01  2.877E-17
   2.653E+01  2.899E-17
   2.691E+01  2.922E-17
   2.747E+01  2.955E-17
   2.767E+01  2.966E-17
   2.806E+01  2.988E-17
   2.865E+01  3.018E-17
   2.885E+01  3.028E-17
   2.926E+01  3.047E-17
   2.967E+01  3.065E-17
   3.030E+01  3.091E-17
   3.072E+01  3.107E-17
   3.160E+01  3.139E-17
   3.182E+01  3.146E-17
   3.227E+01  3.161E-17
   3.272E+01  3.175E-17
   3.318E+01  3.188E-17
   3.389E+01  3.205E-17
   3.461E+01  3.221E-17
   3.559E+01  3.238E-17
   3.609E+01  3.245E-17
   3.660E+01  3.251E-17
   3.738E+01  3.259E-17
   3.818E+01  3.265E-17
   3.872E+01  3.268E-17
   3.954E+01  3.271E-17
   4.010E+01  3.272E-17
   4.067E+01  3.273E-17
   4.153E+01  3.273E-17
   4.212E+01  3.273E-17
   4.302E+01  3.273E-17
   4.393E+01  3.273E-17
   4.518E+01  3.272E-17
   4.582E+01  3.270E-17
   4.680E+01  3.266E-17
   4.713E+01  3.264E-17
   4.779E+01  3.258E-17
   4.847E+01  3.251E-17
   4.985E+01  3.233E-17
   5.164E+01  3.207E-17
   5.349E+01  3.179E-17
   5.387E+01  3.174E-17
   5.502E+01  3.162E-17
   5.618E+01  3.151E-17
   5.861E+01  3.127E-17
   5.944E+01  3.119E-17
   6.028E+01  3.112E-17
   6.156E+01  3.099E-17
   6.333E+01  3.076E-17
   6.422E+01  3.064E-17
   6.606E+01  3.038E-17
   6.842E+01  3.002E-17
   6.940E+01  2.987E-17
   7.038E+01  2.972E-17
   7.138E+01  2.957E-17
   7.290E+01  2.931E-17
   7.342E+01  2.922E-17
   7.394E+01  2.912E-17
   7.499E+01  2.891E-17
   7.606E+01  2.870E-17
   7.660E+01  2.859E-17
   7.768E+01  2.838E-17
   7.991E+01  2.803E-17
   8.104E+01  2.791E-17
   8.573E+01  2.753E-17
   8.633E+01  2.748E-17
   8.756E+01  2.736E-17
   9.134E+01  2.694E-17
   9.199E+01  2.686E-17
   9.329E+01  2.673E-17
   9.528E+01  2.652E-17
   9.733E+01  2.629E-17
   1.008E+02  2.597E-17
   1.030E+02  2.575E-17
   1.044E+02  2.559E-17
   1.082E+02  2.525E-17
   1.128E+02  2.476E-17
   1.186E+02  2.404E-17
   1.220E+02  2.358E-17
   1.263E+02  2.313E-17
   1.290E+02  2.296E-17
   1.328E+02  2.266E-17
   1.346E+02  2.250E-17
   1.385E+02  2.212E-17
   1.404E+02  2.193E-17
   1.435E+02  2.167E-17
   1.465E+02  2.145E-17
   1.486E+02  2.130E-17
   1.497E+02  2.122E-17
   1.529E+02  2.101E-17
   1.539E+02  2.095E-17
   1.572E+02  2.081E-17
   1.606E+02  2.061E-17
   1.629E+02  2.047E-17
   1.664E+02  2.026E-17
   1.699E+02  1.995E-17
   1.724E+02  1.972E-17
   1.748E+02  1.958E-17
   1.760E+02  1.951E-17
   1.798E+02  1.919E-17
   1.850E+02  1.879E-17
   1.876E+02  1.867E-17
   1.889E+02  1.862E-17
   1.930E+02  1.846E-17
   1.957E+02  1.832E-17
   1.985E+02  1.821E-17
   2.027E+02  1.799E-17
   2.100E+02  1.759E-17
   2.115E+02  1.753E-17
   2.176E+02  1.734E-17
   2.238E+02  1.700E-17
   2.286E+02  1.678E-17
   2.351E+02  1.657E-17
   2.351E+02  1.657E-17
   2.402E+02  1.629E-17
   2.453E+02  1.599E-17
   2.471E+02  1.594E-17
   2.523E+02  1.581E-17
   2.541E+02  1.574E-17
   2.633E+02  1.540E-17
   2.670E+02  1.527E-17
   2.747E+02  1.498E-17
   2.825E+02  1.483E-17
   2.845E+02  1.476E-17
   2.906E+02  1.455E-17
   2.948E+02  1.445E-17
   2.968E+02  1.443E-17
-1
0.00E+00  0.00E+00  0.00E+00
