#
# e + H_2 -> e + H_2(B^1¥Sigma^+_u)
#
14012
e(-)+H_2->e(-)+H_2(B^1¥Sigma^+_u)->e(-)+H_2
13.25
2
 14   1
  0   0
100
    162
   1.325E+01  1.394E-17
   1.326E+01  1.397E-17
   1.334E+01  1.469E-17
   1.341E+01  1.536E-17
   1.342E+01  1.541E-17
   1.343E+01  1.545E-17
   1.359E+01  1.679E-17
   1.360E+01  1.683E-17
   1.360E+01  1.685E-17
   1.368E+01  1.747E-17
   1.387E+01  1.872E-17
   1.396E+01  1.927E-17
   1.406E+01  1.976E-17
   1.415E+01  2.021E-17
   1.445E+01  2.133E-17
   1.455E+01  2.165E-17
   1.465E+01  2.195E-17
   1.485E+01  2.253E-17
   1.506E+01  2.309E-17
   1.527E+01  2.363E-17
   1.570E+01  2.469E-17
   1.580E+01  2.494E-17
   1.603E+01  2.545E-17
   1.636E+01  2.617E-17
   1.648E+01  2.639E-17
   1.682E+01  2.704E-17
   1.706E+01  2.746E-17
   1.718E+01  2.766E-17
   1.742E+01  2.805E-17
   1.754E+01  2.824E-17
   1.804E+01  2.900E-17
   1.829E+01  2.940E-17
   1.841E+01  2.961E-17
   1.867E+01  3.001E-17
   1.893E+01  3.039E-17
   1.947E+01  3.113E-17
   1.988E+01  3.167E-17
   2.016E+01  3.198E-17
   2.073E+01  3.240E-17
   2.117E+01  3.267E-17
   2.162E+01  3.297E-17
   2.192E+01  3.320E-17
   2.239E+01  3.357E-17
   2.302E+01  3.403E-17
   2.351E+01  3.437E-17
   2.452E+01  3.510E-17
   2.503E+01  3.558E-17
   2.538E+01  3.590E-17
   2.592E+01  3.633E-17
   2.629E+01  3.659E-17
   2.666E+01  3.684E-17
   2.703E+01  3.708E-17
   2.741E+01  3.729E-17
   2.799E+01  3.745E-17
   2.859E+01  3.747E-17
   3.024E+01  3.750E-17
   3.110E+01  3.771E-17
   3.176E+01  3.789E-17
   3.266E+01  3.797E-17
   3.313E+01  3.797E-17
   3.407E+01  3.796E-17
   3.455E+01  3.795E-17
   3.554E+01  3.795E-17
   3.629E+01  3.794E-17
   3.733E+01  3.788E-17
   3.812E+01  3.778E-17
   3.921E+01  3.779E-17
   4.033E+01  3.770E-17
   4.061E+01  3.774E-17
   4.147E+01  3.786E-17
   4.266E+01  3.767E-17
   4.450E+01  3.709E-17
   4.513E+01  3.693E-17
   4.609E+01  3.679E-17
   4.707E+01  3.657E-17
   4.774E+01  3.640E-17
   4.842E+01  3.628E-17
   4.945E+01  3.611E-17
   5.050E+01  3.603E-17
   5.195E+01  3.587E-17
   5.305E+01  3.572E-17
   5.496E+01  3.489E-17
   5.613E+01  3.476E-17
   5.733E+01  3.469E-17
   5.855E+01  3.452E-17
   6.066E+01  3.385E-17
   6.239E+01  3.360E-17
   6.371E+01  3.355E-17
   6.554E+01  3.314E-17
   6.694E+01  3.285E-17
   6.885E+01  3.244E-17
   6.983E+01  3.240E-17
   7.131E+01  3.242E-17
   7.232E+01  3.236E-17
   7.387E+01  3.198E-17
   7.545E+01  3.174E-17
   7.652E+01  3.165E-17
   7.706E+01  3.157E-17
   7.870E+01  3.146E-17
   7.982E+01  3.128E-17
   8.152E+01  3.096E-17
   8.153E+01  3.096E-17
   8.268E+01  3.077E-17
   8.386E+01  3.044E-17
   8.686E+01  3.038E-17
   8.747E+01  3.040E-17
   8.871E+01  3.038E-17
   8.997E+01  3.016E-17
   9.125E+01  2.981E-17
   9.190E+01  2.968E-17
   9.321E+01  2.936E-17
   9.587E+01  2.907E-17
   9.655E+01  2.897E-17
   9.861E+01  2.890E-17
   1.000E+02  2.869E-17
   1.007E+02  2.854E-17
   1.036E+02  2.829E-17
   1.051E+02  2.811E-17
   1.066E+02  2.791E-17
   1.088E+02  2.771E-17
   1.112E+02  2.751E-17
   1.143E+02  2.694E-17
   1.185E+02  2.637E-17
   1.218E+02  2.618E-17
   1.253E+02  2.599E-17
   1.271E+02  2.582E-17
   1.298E+02  2.562E-17
   1.326E+02  2.510E-17
   1.374E+02  2.473E-17
   1.393E+02  2.456E-17
   1.433E+02  2.438E-17
   1.506E+02  2.370E-17
   1.548E+02  2.353E-17
   1.582E+02  2.320E-17
   1.604E+02  2.304E-17
   1.650E+02  2.271E-17
   1.722E+02  2.208E-17
   1.746E+02  2.192E-17
   1.809E+02  2.162E-17
   1.847E+02  2.145E-17
   1.860E+02  2.131E-17
   1.914E+02  2.101E-17
   1.968E+02  2.071E-17
   1.996E+02  2.057E-17
   2.039E+02  2.042E-17
   2.098E+02  1.985E-17
   2.158E+02  1.971E-17
   2.235E+02  1.916E-17
   2.283E+02  1.889E-17
   2.348E+02  1.862E-17
   2.415E+02  1.862E-17
   2.467E+02  1.836E-17
   2.485E+02  1.823E-17
   2.520E+02  1.810E-17
   2.574E+02  1.797E-17
   2.610E+02  1.785E-17
   2.685E+02  1.759E-17
   2.704E+02  1.748E-17
   2.742E+02  1.747E-17
   2.781E+02  1.735E-17
   2.841E+02  1.722E-17
   2.902E+02  1.710E-17
-1
0.00E+00  0.00E+00  0.00E+00
