##eqation:     e+H_2->H_2(v1,v2,v3)+e->H_2+e
##type:        excitation
##unit:        eV, cm2
##date:        1999/11/11
##method:      digitalize from scanned figure
##
##ref.auth:    H. Ehrhardt, L. Langhans, F. Linder and H.S. Taylor
##ref.title:   Resonance Scattering of Slow Electrons from H2 
##             and CO Angular Distributions
##ref.journal: THE PHYSICAL REVIEW 173(1968) 222-230
##ref.figure:  fig.5
##ref.range:   0eV - 10eV
##
##extrapolation: 10eV - 
14011
e(-)+H_2->H_2(v1,v2,v3)+e(-)->H_2+e(-)
0.3829
2
 14   1
  0   0
100
 85
   3.829E-01  3.785E-19
   4.926E-01  1.038E-18
   5.710E-01  1.743E-18
   6.381E-01  2.506E-18
   7.839E-01  4.649E-18
   8.963E-01  6.756E-18
   1.020E+00  9.567E-18
   1.067E+00  1.075E-17
   1.125E+00  1.234E-17
   1.203E+00  1.466E-17
   1.227E+00  1.542E-17
   1.263E+00  1.656E-17
   1.353E+00  1.957E-17
   1.403E+00  2.128E-17
   1.411E+00  2.158E-17
   1.449E+00  2.290E-17
   1.506E+00  2.491E-17
   1.563E+00  2.693E-17
   1.621E+00  2.896E-17
   1.678E+00  3.098E-17
   1.725E+00  3.261E-17
   1.751E+00  3.350E-17
   1.819E+00  3.578E-17
   1.887E+00  3.789E-17
   1.934E+00  3.924E-17
   2.047E+00  4.216E-17
   2.127E+00  4.389E-17
   2.183E+00  4.497E-17
   2.295E+00  4.674E-17
   2.374E+00  4.772E-17
   2.506E+00  4.893E-17
   2.683E+00  4.997E-17
   2.881E+00  5.055E-17
   3.023E+00  5.058E-17
   3.187E+00  5.018E-17
   3.295E+00  4.966E-17
   3.435E+00  4.875E-17
   3.510E+00  4.820E-17
   3.694E+00  4.675E-17
   3.813E+00  4.574E-17
   3.920E+00  4.477E-17
   4.061E+00  4.345E-17
   4.136E+00  4.272E-17
   4.264E+00  4.144E-17
   4.394E+00  4.020E-17
   4.480E+00  3.939E-17
   4.598E+00  3.832E-17
   4.674E+00  3.764E-17
   4.824E+00  3.631E-17
   4.965E+00  3.507E-17
   5.104E+00  3.388E-17
   5.256E+00  3.269E-17
   5.386E+00  3.175E-17
   5.494E+00  3.098E-17
   5.655E+00  2.982E-17
   5.764E+00  2.904E-17
   5.979E+00  2.753E-17
   6.120E+00  2.662E-17
   6.315E+00  2.545E-17
   6.412E+00  2.489E-17
   6.574E+00  2.396E-17
   6.781E+00  2.276E-17
   6.932E+00  2.179E-17
   7.040E+00  2.106E-17
   7.224E+00  1.978E-17
   7.407E+00  1.853E-17
   7.548E+00  1.763E-17
   7.743E+00  1.650E-17
   7.916E+00  1.561E-17
   8.090E+00  1.482E-17
   8.339E+00  1.386E-17
   8.470E+00  1.345E-17
   8.644E+00  1.295E-17
   8.851E+00  1.232E-17
   8.981E+00  1.189E-17
   9.112E+00  1.143E-17
   9.264E+00  1.090E-17
   9.427E+00  1.035E-17
   9.655E+00  9.680E-18
   9.829E+00  9.244E-18
   1.000E+01  8.851E-18
   1.013E+01  8.569E-18
   1.020E+01  8.425E-18
   2.5e+01    1.0e-18
   5.0e+01    2.0e-19
-1
0.00E+00  0.00E+00  0.00E+00
