#
# e + H_2 -> e + H_2(b^3¥Sigma^+_u)
#
14014
e(-)+H_2->e(-)+H_2(b^3¥Sigma^+_u)->e(-)+H_2
9.342
2
 14   1
  0   0
100
    215
   9.342E+00  2.238E-17
   9.344E+00  2.240E-17
   9.347E+00  2.243E-17
   9.405E+00  2.305E-17
   9.416E+00  2.316E-17
   9.599E+00  2.508E-17
   9.601E+00  2.510E-17
   9.602E+00  2.511E-17
   9.731E+00  2.648E-17
   9.732E+00  2.648E-17
   9.866E+00  2.791E-17
   9.931E+00  2.861E-17
   9.934E+00  2.864E-17
   1.000E+01  2.935E-17
   1.000E+01  2.936E-17
   1.007E+01  3.010E-17
   1.013E+01  3.082E-17
   1.014E+01  3.084E-17
   1.020E+01  3.155E-17
   1.020E+01  3.157E-17
   1.027E+01  3.232E-17
   1.034E+01  3.307E-17
   1.034E+01  3.309E-17
   1.041E+01  3.385E-17
   1.048E+01  3.461E-17
   1.056E+01  3.539E-17
   1.070E+01  3.693E-17
   1.070E+01  3.696E-17
   1.077E+01  3.769E-17
   1.085E+01  3.847E-17
   1.100E+01  4.005E-17
   1.107E+01  4.080E-17
   1.115E+01  4.158E-17
   1.130E+01  4.313E-17
   1.138E+01  4.388E-17
   1.138E+01  4.388E-17
   1.146E+01  4.462E-17
   1.154E+01  4.537E-17
   1.170E+01  4.686E-17
   1.194E+01  4.903E-17
   1.202E+01  4.969E-17
   1.202E+01  4.971E-17
   1.219E+01  5.104E-17
   1.227E+01  5.168E-17
   1.244E+01  5.291E-17
   1.262E+01  5.405E-17
   1.270E+01  5.457E-17
   1.288E+01  5.556E-17
   1.306E+01  5.643E-17
   1.324E+01  5.719E-17
   1.353E+01  5.813E-17
   1.362E+01  5.839E-17
   1.391E+01  5.901E-17
   1.420E+01  5.940E-17
   1.461E+01  5.964E-17
   1.471E+01  5.966E-17
   1.502E+01  5.964E-17
   1.524E+01  5.957E-17
   1.545E+01  5.946E-17
   1.578E+01  5.919E-17
   1.600E+01  5.892E-17
   1.623E+01  5.857E-17
   1.670E+01  5.764E-17
   1.718E+01  5.638E-17
   1.767E+01  5.469E-17
   1.818E+01  5.258E-17
   1.857E+01  5.068E-17
   1.871E+01  4.999E-17
   1.884E+01  4.931E-17
   1.925E+01  4.728E-17
   1.953E+01  4.596E-17
   1.995E+01  4.409E-17
   2.024E+01  4.292E-17
   2.068E+01  4.125E-17
   2.098E+01  4.019E-17
   2.158E+01  3.805E-17
   2.174E+01  3.749E-17
   2.221E+01  3.579E-17
   2.222E+01  3.578E-17
   2.238E+01  3.522E-17
   2.254E+01  3.467E-17
   2.336E+01  3.213E-17
   2.369E+01  3.111E-17
   2.369E+01  3.110E-17
   2.404E+01  3.000E-17
   2.457E+01  2.840E-17
   2.492E+01  2.742E-17
   2.528E+01  2.655E-17
   2.565E+01  2.576E-17
   2.620E+01  2.475E-17
   2.735E+01  2.276E-17
   2.755E+01  2.237E-17
   2.795E+01  2.156E-17
   2.815E+01  2.114E-17
   2.836E+01  2.073E-17
   2.877E+01  1.994E-17
   2.898E+01  1.957E-17
   2.919E+01  1.920E-17
   2.940E+01  1.884E-17
   2.982E+01  1.814E-17
   3.004E+01  1.779E-17
   3.048E+01  1.708E-17
   3.070E+01  1.672E-17
   3.092E+01  1.636E-17
   3.137E+01  1.568E-17
   3.138E+01  1.567E-17
   3.183E+01  1.503E-17
   3.229E+01  1.444E-17
   3.252E+01  1.416E-17
   3.276E+01  1.389E-17
   3.372E+01  1.285E-17
   3.396E+01  1.258E-17
   3.421E+01  1.231E-17
   3.446E+01  1.203E-17
   3.471E+01  1.175E-17
   3.496E+01  1.148E-17
   3.522E+01  1.121E-17
   3.573E+01  1.070E-17
   3.624E+01  1.018E-17
   3.626E+01  1.017E-17
   3.679E+01  9.634E-18
   3.679E+01  9.626E-18
   3.706E+01  9.372E-18
   3.734E+01  9.122E-18
   3.787E+01  8.686E-18
   3.842E+01  8.292E-18
   3.871E+01  8.106E-18
   3.927E+01  7.767E-18
   3.928E+01  7.761E-18
   4.013E+01  7.341E-18
   4.071E+01  7.109E-18
   4.130E+01  6.895E-18
   4.190E+01  6.694E-18
   4.250E+01  6.509E-18
   4.311E+01  6.333E-18
   4.342E+01  6.245E-18
   4.374E+01  6.165E-18
   4.500E+01  5.888E-18
   4.564E+01  5.731E-18
   4.597E+01  5.639E-18
   4.631E+01  5.540E-18
   4.664E+01  5.442E-18
   4.698E+01  5.345E-18
   4.766E+01  5.167E-18
   4.869E+01  4.939E-18
   4.904E+01  4.858E-18
   4.940E+01  4.768E-18
   4.976E+01  4.667E-18
   5.049E+01  4.462E-18
   5.085E+01  4.363E-18
   5.123E+01  4.273E-18
   5.196E+01  4.126E-18
   5.309E+01  3.932E-18
   5.386E+01  3.811E-18
   5.503E+01  3.630E-18
   5.504E+01  3.629E-18
   5.623E+01  3.453E-18
   5.704E+01  3.332E-18
   5.747E+01  3.269E-18
   5.788E+01  3.213E-18
   6.084E+01  2.915E-18
   6.174E+01  2.795E-18
   6.219E+01  2.728E-18
   6.264E+01  2.662E-18
   6.356E+01  2.542E-18
   6.402E+01  2.490E-18
   6.448E+01  2.445E-18
   6.588E+01  2.332E-18
   6.636E+01  2.291E-18
   6.780E+01  2.149E-18
   6.832E+01  2.091E-18
   6.882E+01  2.038E-18
   7.031E+01  1.923E-18
   7.082E+01  1.891E-18
   7.235E+01  1.792E-18
   7.236E+01  1.792E-18
   7.237E+01  1.791E-18
   7.343E+01  1.710E-18
   7.504E+01  1.602E-18
   7.611E+01  1.547E-18
   7.612E+01  1.546E-18
   7.667E+01  1.519E-18
   7.723E+01  1.492E-18
   7.834E+01  1.437E-18
   7.891E+01  1.403E-18
   7.892E+01  1.402E-18
   7.950E+01  1.369E-18
   8.180E+01  1.273E-18
   8.182E+01  1.272E-18
   8.360E+01  1.192E-18
   8.362E+01  1.192E-18
   8.483E+01  1.144E-18
   8.605E+01  1.105E-18
   8.731E+01  1.057E-18
   8.795E+01  1.031E-18
   8.859E+01  1.007E-18
   8.988E+01  9.699E-19
   9.182E+01  9.302E-19
   9.248E+01  9.135E-19
   9.250E+01  9.130E-19
   9.384E+01  8.796E-19
   9.519E+01  8.474E-19
   9.589E+01  8.282E-19
   9.658E+01  8.073E-19
   9.730E+01  7.853E-19
   9.800E+01  7.661E-19
   9.802E+01  7.656E-19
   9.942E+01  7.360E-19
   1.002E+02  7.226E-19
   1.023E+02  6.820E-19
   1.023E+02  6.813E-19
   1.024E+02  6.804E-19
   1.038E+02  6.438E-19
   1.053E+02  6.151E-19
   1.054E+02  6.146E-19
-1
0.00E+00  0.00E+00  0.00E+00
