#ELECTRONIC EXCITATION  (NEON)   (1S4) 
 100002
e(-)+Ne->e(-)+Ne(*1s4)
 1.66700E+01
3
100   1 103
 -1   0  +1
100
  16
   1.66700E+01   0.00000E+00
   1.77100E+01   2.41000E-19
   2.09700E+01   5.30000E-19
   2.44300E+01   7.36000E-19
   2.73200E+01   8.40000E-19
   2.96200E+01   9.02000E-19
   3.33500E+01   9.67000E-19
   3.68100E+01   1.00000E-18
   4.54400E+01   1.01800E-18
   5.30600E+01   1.01600E-18
   8.66800E+01   8.76000E-19
   1.06500E+02   8.03000E-19
   1.29500E+02   7.31000E-19
   1.50700E+02   6.64000E-19
   1.77900E+02   5.99000E-19
   2.00000E+02   5.60000E-19

