#ELECTRONIC EXCITATION  (NEON)    16.800E+000.0000E+001.0000E+00 38 
 100001
e(-)+Ne->e(-)+Ne(*)
 1.66200E+01
3
100   1 103
 -1   0  +1
100
  16
   1.66200E+01   0.00000E+00
   1.70000E+01   1.06000E-18
   1.80000E+01   1.74000E-18
   2.00000E+01   2.35000E-18
   2.10000E+01   2.66000E-18
   2.20000E+01   3.06000E-18
   2.70000E+01   3.45000E-18
   3.00000E+01   3.15000E-18
   4.00000E+01   2.46000E-18
   5.50000E+01   2.09000E-18
   8.20000E+01   1.65000E-18
   1.02000E+02   1.37000E-18
   1.22000E+02   1.19000E-18
   1.42000E+02   1.01000E-18
   1.47000E+02   9.90000E-19
   3.70000E+02   0.00000E+00
