#TOTAL IONIZATION  (NEON)   WETZEL  & HEER(count ion)
 100008
e(-)+Ne->2e(-)+Ne(+)
 2.15600E+01
3
100   1 101
 -1  +1  +1
  2
  39
   2.15600E+01   0.00000E+00
   2.20000E+01   9.00000E-19
   2.30000E+01   1.90000E-18
   2.40000E+01   2.90000E-18
   2.50000E+01   3.70000E-18
   2.60000E+01   4.80000E-18
   2.70000E+01   6.20000E-18
   2.80000E+01   7.10000E-18
   2.90000E+01   8.10000E-18
   3.00000E+01   9.70000E-18
   3.10000E+01   1.08000E-17
   3.20000E+01   1.21000E-17
   3.30000E+01   1.35000E-17
   3.40000E+01   1.44000E-17
   3.50000E+01   1.51000E-17
   3.60000E+01   1.70000E-17
   3.70000E+01   1.79000E-17
   3.80000E+01   1.89000E-17
   3.90000E+01   2.04000E-17
   4.00000E+01   2.42000E-17
   5.00000E+01   3.59000E-17
   6.00000E+01   4.57000E-17
   7.00000E+01   5.37000E-17
   8.00000E+01   5.93000E-17
   9.00000E+01   6.36000E-17
   1.00000E+02   6.60000E-17
   1.50000E+02   7.14000E-17
   2.00000E+02   7.05000E-17
   3.00000E+02   6.33000E-17
   4.00000E+02   5.60000E-17
   5.00000E+02   5.03000E-17
   6.00000E+02   4.53000E-17
   7.00000E+02   4.13000E-17
   8.00000E+02   3.79000E-17
   9.00000E+02   3.49000E-17
   1.00000E+03   3.25000E-17
   2.00000E+03   1.87000E-17
   3.00000E+03   1.36000E-17
   4.00000E+03   1.08000E-17
