#ELECTRONIC EXCITATION  (NEON)   (1S2)
 100003
e(-)+Ne->e(-)+Ne(*1s2)
 1.68400E+01
3
100   1 103
 -1   0  +1
100
  20
   1.68400E+01   0.00000E+00
   2.08200E+01   1.91000E-18
   2.36500E+01   4.88000E-18
   2.74800E+01   6.80000E-18
   3.06500E+01   8.72000E-18
   3.39300E+01   9.97000E-18
   3.70500E+01   1.09000E-17
   4.01200E+01   1.13700E-17
   4.45300E+01   1.19000E-17
   4.85600E+01   1.22000E-17
   5.39200E+01   1.24000E-17
   5.90300E+01   1.23700E-17
   6.55900E+01   1.22000E-17
   7.57500E+01   1.18400E-17
   9.37200E+01   1.09900E-17
   1.26700E+02   9.68000E-18
   1.46900E+02   8.89000E-18
   1.64800E+02   8.31000E-18
   1.84600E+02   7.79000E-18
   2.00000E+02   7.42000E-18
