#ELECTRONIC EXCITATION  (NEON)   (2p)
 100004
e(-)+Ne->e(-)+Ne(*2p)
 1.87200E+01
3
100   1 103
 -1   0  +1
100
  14
   1.87200E+01   0.00000E+00
   1.87200E+01   2.80000E-19
   1.92500E+01   1.11000E-18
   2.06700E+01   2.07000E-18
   2.22200E+01   2.87000E-18
   2.34400E+01   3.29000E-18
   2.53000E+01   3.68000E-18
   2.73200E+01   3.94000E-18
   3.00500E+01   4.10000E-18
   3.37100E+01   4.14000E-18
   3.80900E+01   4.00000E-18
   5.75400E+01   3.19000E-18
   7.30400E+01   2.62000E-18
   8.88000E+01   2.20000E-18
