# MT NEON    shimamura 81 & Robertson
 100000
e(-)+Ne->e(-)+Ne
 0.00000E+00
2
100   1
  0   0
  1
  48
   0.00000E+00   1.61000E-17
   3.00000E-02   4.69000E-17
   5.00000E-02   5.36000E-17
   7.00000E-02   6.01000E-17
   9.00000E-02   6.69000E-17
   1.20000E-01   7.54000E-17
   1.50000E-01   8.28000E-17
   1.80000E-01   8.93000E-17
   2.00000E-01   9.30000E-17
   2.50000E-01   1.01800E-16
   3.00000E-01   1.09100E-16
   4.00000E-01   1.22500E-16
   5.00000E-01   1.32100E-16
   6.00000E-01   1.40200E-16
   7.00000E-01   1.47200E-16
   8.00000E-01   1.52800E-16
   9.00000E-01   1.58000E-16
   1.00000E+00   1.61900E-16
   1.20000E+00   1.68500E-16
   1.50000E+00   1.75300E-16
   1.80000E+00   1.79300E-16
   2.00000E+00   1.81500E-16
   2.50000E+00   1.86000E-16
   3.00000E+00   1.90600E-16
   4.00000E+00   1.98400E-16
   5.00000E+00   2.07000E-16
   6.00000E+00   2.14400E-16
   8.00000E+00   2.27000E-16
   1.00000E+01   2.42000E-16
   1.20000E+01   2.54000E-16
   1.50000E+01   2.73000E-16
   2.00000E+01   2.93000E-16
   2.50000E+01   2.95000E-16
   3.00000E+01   2.91000E-16
   4.00000E+01   2.74000E-16
   5.00000E+01   2.49000E-16
   6.00000E+01   2.23000E-16
   8.00000E+01   1.80000E-16
   1.00000E+02   1.44000E-16
   1.20000E+02   1.19000E-16
   1.50000E+02   8.78000E-17
   2.00000E+02   6.16000E-17
   3.00000E+02   3.72000E-17
   4.00000E+02   2.59000E-17
   5.00000E+02   1.93000E-17
   6.00000E+02   1.50000E-17
   8.00000E+02   1.01000E-17
   1.00000E+03   7.21000E-18

