# recombination e(-)+Ne(+)->Ne
#
# Ne+ --> Ne (RR+DR: RC-M) 
# Kato, T.$Asano, E. 
# NIFS-DATA 54 (1999) 
# NDP = 49 
#
# 2006/8/25 h-nakadate@psinc.co.jp
# NIFS DATABASE  https://dbshino.nifs.ac.jp/index-j.html
# translate   rate-coefficient -> cross section
#
101001
e(-)+Ne(+)->Ne
0.0
3
 101  1   100
 -1  -1    +1
3
49
   1.00000000000000       3.649501675233683E-021
   1.33350000000000       2.661159057526452E-021
   1.77830000000000       2.293689815774248E-021
   2.37140000000000       2.657097897182889E-021
   3.16230000000000       3.566255193705422E-021
   4.21700000000000       4.516807802325596E-021
   5.62340000000000       5.016042356948100E-021
   7.49890000000000       4.872247466103573E-021
   10.0000000000000       4.212675810694982E-021
   13.3350000000000       3.310584519324001E-021
   17.7830000000000       2.411044240196125E-021
   23.7140000000000       1.654701602186786E-021
   31.6230000000000       1.085023201071057E-021
   42.1700000000000       6.873490493274794E-022
   56.2340000000000       4.244108300045068E-022
   74.9890000000000       2.572248298731071E-022
   100.000000000000       1.538658232279049E-022
   133.350000000000       9.124683097830468E-023
   177.830000000000       5.383804974669713E-023
   237.140000000000       3.170057500294058E-023
   316.230000000000       1.867559847670106E-023
   421.700000000000       1.103174391624495E-023
   562.340000000000       6.547276243085683E-024
   749.890000000000       3.910814111920597E-024
   1000.00000000000       2.354747683882207E-024
   1333.50000000000       1.431149882999773E-024
   1778.30000000000       8.789424153797787E-025
   2371.40000000000       5.459119951806627E-025
   3162.30000000000       3.430649791824647E-025
   4217.00000000000       2.181767862160998E-025
   5623.40000000000       1.403842921857989E-025
   7498.90000000000       9.135171121025233E-026
   10000.0000000000       6.007304004938826E-026
   13335.0000000000       3.988672398414770E-026
   17783.0000000000       2.671356508884754E-026
   23714.0000000000       1.802858660582391E-026
   31623.0000000000       1.224812819830554E-026
   42170.0000000000       8.369050739675853E-027
   56234.0000000000       5.745397724890119E-027
   74989.0000000000       3.960317308639336E-027
   100000.000000000       2.739012391737906E-027
   133350.000000000       1.899611836571708E-027
   177830.000000000       1.320392772847283E-027
   237140.000000000       9.195017984405948E-028
   316230.000000000       6.413054395851895E-028
   421700.000000000       4.478297285083052E-028
   562340.000000000       3.130243470715587E-028
   749890.000000000       2.189847597897839E-028
   1000000.00000000       1.532891867885749E-028
-1
0.00E  0.00E+00  0.00E+00

