##eqation:     e+O_2->O_2+e
##type:        Momentun Tranfer !! not converted to elastic !!
##unit:        eV, cm2
##date:        2001/1/12
##method:      digitalize from scanned figure
##
##
##ref.auth:    V. Vahedi and M. Surendra
##ref.title:   A Monte Carlo collision model for the particle-in-cell
##             method:  applications to argon and oxgen discharges 
##ref.journal: Computer Physics Communications 87, 179 (1995)
##
83011
e(-)+O_2->O_2+e(-)
0.0
2
 83   1
  0   0
1
58
  0.00      9.28121701E-17
  0.02098   9.28121701E-17
  0.023893  1.00395083E-16
  0.028768  1.10050204E-16
  0.033068  1.19075642E-16
  0.040184  1.28886273E-16
  0.047497  1.43187358E-16
  0.057189  1.57085948E-16
  0.065744  1.74552252E-16
  0.075591  2.0171967E-16
  0.092727  2.2738011E-16
  0.11587  2.56526412E-16
  0.13571  2.93043687E-16
  0.16803  3.31025636E-16
  0.19863  3.78688847E-16
  0.22829  3.95411427E-16
  0.27487  4.35905524E-16
  0.31598  4.86391088E-16
  0.37345  5.29813698E-16
  0.42525  5.54488564E-16
  0.51188  5.75075959E-16
  0.60489  6.0435184E-16
  0.65763  6.4033842E-16
  0.74197  6.80596182E-16
  0.82941  7.23347216E-16
  0.92705  7.49491472E-16
  1.046  8.0870603E-16
  1.1372  8.58786637E-16
  1.2479  9.131817E-16
  1.4203  8.56362584E-16
  1.7571  8.11802794E-16
  2.0756  7.86884703E-16
  2.5206  7.4702824E-16
  2.8693  7.31754108E-16
  3.3583  7.20343401E-16
  3.8586  7.1705793E-16
  4.4753  7.34258836E-16
  4.9555  7.46661478E-16
  5.4884  8.0012238E-16
  6.3084  8.74520069E-16
  7.5259  1.00098149E-15
  8.5719  1.13696979E-15
  9.2325  1.18274065E-15
  10.513  1.25938859E-15
  11.972  1.37673588E-15
  13.135  1.40073016E-15
  15.093  1.43770706E-15
  17.344  1.47588949E-15
  19.028  1.50198377E-15
  21.065  1.45355211E-15
  24.659  1.49760875E-15
  28.334  1.51765958E-15
  33.786  1.54867424E-15
  39.184  1.57182578E-15
  47.152  1.5445826E-15
  57.808  1.56267797E-15
  74.911  1.53507639E-15
  95.288  1.48226588E-15
-1
0.00E+00  0.00E+00  0.00E+00
