##eqation:     e+O_2->O_2(v2)+e
##type:        Vibration Excitation
##unit:        eV, cm2
##date:        2001/1/12
##method:      digitalize from scanned figure
##
##
##ref.auth:    V. Vahedi and M. Surendra
##ref.title:   A Monte Carlo collision model for the particle-in-cell
##             method:  applications to argon and oxgen discharges 
##ref.journal: Computer Physics Communications 87, 179 (1995)
##
83014
e(-)+O_2->O_2(v2)+e(-)
0.38
3
 83   1  84
 -1   0  +1
100
    100
0.38000  1.0000e-30
0.54508  1.0197e-19
0.54571  1.5203e-19
0.54696  3.3373e-19
0.54742  4.4468e-19
0.55104  2.0006e-19
0.55148  2.6327e-19
0.55281  5.9997e-19
0.55313  7.3257e-19
0.55851  9.5206e-19
0.55887  1.1919e-18
0.56931  1.492e-18
0.58527  2.013e-18
0.58565  2.52e-18
0.61282  3.2342e-18
0.6356  4.2559e-18
0.66499  5.1962e-18
0.72747  6.2652e-18
0.78145  6.668e-18
0.82443  6.6675e-18
0.86972  6.5026e-18
0.95891  5.3918e-18
0.99351  4.9405e-18
1.0292  4.3606e-18
1.0663  3.8488e-18
1.1044  3.1916e-18
1.1339  2.7476e-18
1.1642  2.3653e-18
1.1952  2.0363e-18
1.2161  1.6886e-18
1.2264  1.4357e-18
1.259  1.2055e-18
1.2808  9.3919e-19
1.3031  7.6917e-19
1.3144  6.8744e-19
1.3373  5.63e-19
1.36  3.9695e-19
1.3606  4.7273e-19
1.3836  3.2509e-19
1.4078  2.6958e-19
1.4185  1.6988e-19
1.4194  2.1003e-19
1.4307  1.4995e-19
1.4549  1.0312e-19
1.4555  1.0000e-30
3.9882  1.0000e-30
4.0271  1.3053e-19
4.0683  2.0203e-19
4.1027  1.6964e-19
4.1085  2.76e-19
4.1112  3.4551e-19
4.1881  4.3796e-19
4.267  5.7632e-19
4.3856  7.2145e-19
4.5077  9.1448e-19
4.5506  1.1027e-18
4.7617  1.4153e-18
4.9385  1.8393e-18
5.1219  2.3902e-18
5.4082  3.1847e-18
5.7102  4.1906e-18
6.1364  5.1163e-18
6.4777  6.2467e-18
6.9594  6.9885e-18
7.4115  8.2188e-18
7.9626  9.1949e-18
8.6305  9.9088e-18
9.3533  1.0286e-17
9.9563  1.0285e-17
10.317  9.9064e-18
11.276  8.7431e-18
11.892  7.7167e-18
12.428  6.3989e-18
12.988  5.3728e-18
13.45  4.0826e-18
13.686  3.5147e-18
14.05  2.9145e-18
14.29  2.1601e-18
14.296  2.478e-18
14.41  1.7472e-18
14.414  1.9548e-18
14.669  1.7254e-18
15.473  1.6413e-18
16.174  1.4668e-18
17.212  1.3274e-18
18.313  1.1426e-18
19.311  9.594e-19
20.004  8.2592e-19
20.721  7.0219e-19
21.463  5.8228e-19
22.033  4.8286e-19
22.619  4.0543e-19
23.015  3.4043e-19
23.419  2.9308e-19
23.617  2.4609e-19
23.816  2.0407e-19
24.012  1.5899e-19
24.205  1.1638e-19
24.216  1.3518e-19
24.414  1.0000e-30
-1
0.00E+00  0.00E+00  0.00E+00
