##eqation:     e+O_2->O_2(v3)+e
##type:        Vibration Excitation
##unit:        eV, cm2
##date:        2001/1/12
##method:      digitalize from scanned figure
##
##
##ref.auth:    V. Vahedi and M. Surendra
##ref.title:   A Monte Carlo collision model for the particle-in-cell
##             method:  applications to argon and oxgen discharges 
##ref.journal: Computer Physics Communications 87, 179 (1995)
##
83015
e(-)+O_2->O_2(v3)+e(-)
0.57
3
 83   1  84
 -1   0  +1
100
     80
0.57000  1.0000e-30
0.67577  1.3085e-19
0.67618  1.6177e-19
0.69499  2.0251e-19
0.70162  2.4726e-19
0.70838  3.0954e-19
0.72799  3.7325e-19
0.75489  4.5572e-19
0.76882  5.2934e-19
0.79008  6.3037e-19
0.82662  7.6965e-19
0.87247  8.9392e-19
0.91265  1.0254e-18
0.96316  1.1472e-18
1.0347  1.2363e-18
1.0917  1.2674e-18
1.1936  1.2673e-18
1.2703  1.2055e-18
1.3396  1.0377e-18
1.4126  8.6051e-19
1.4376  7.7873e-19
1.4632  7.316e-19
1.4887  6.0669e-19
1.5015  5.355e-19
1.5415  4.4964e-19
1.5546  3.8229e-19
1.5805  2.4393e-19
1.5935  1.9005e-19
1.6214  1.5958e-19
1.6337  1.0000e-30
5.2596  1.0000e-30
5.2623  1.2107e-19
5.2649  1.4418e-19
5.3146  1.6958e-19
5.3175  2.0449e-19
5.3200  2.4051e-19
5.3231  2.9366e-19
5.4219  3.5411e-19
5.4247  4.2172e-19
5.4278  5.1492e-19
5.4795  6.2092e-19
5.5318  7.5814e-19
5.7351  8.6966e-19
5.8418  1.0618e-18
5.9507  1.3128e-18
6.0073  1.583e-18
6.064  1.8618e-18
6.2333  2.4196e-18
6.5793  2.8456e-18
6.7605  3.2642e-18
7.009  3.7444e-18
7.2672  4.4037e-18
7.6703  5.1148e-18
8.2419  6.0152e-18
8.5439  6.6464e-18
9.0142  6.7294e-18
9.596  6.8989e-18
10.213  6.6448e-18
10.868  5.8647e-18
11.26  5.3072e-18
11.874  4.6261e-18
12.301  3.9824e-18
12.74  3.2614e-18
12.964  2.843e-18
13.309  2.3575e-18
13.663  1.955e-18
13.779  1.6622e-18
14.273  1.4132e-18
14.644  9.7181e-19
14.903  8.7945e-19
15.034  8.1599e-19
15.438  7.5709e-19
15.852  6.7663e-19
16.567  5.6813e-19
17.315  4.8301e-19
17.772  3.7631e-19
18.407  3.0818e-19
18.887  2.1459e-19
19.048  1.8474e-19
19.529  1.0000e-30
-1
0.00E+00  0.00E+00  0.00E+00
