##eqation:     e+O_2->O_2(v1)+e
##type:        Vibration Excitation
##unit:        eV, cm2
##date:        2001/1/12
##method:      digitalize from scanned figure
##
##
##ref.auth:    V. Vahedi and M. Surendra
##ref.title:   A Monte Carlo collision model for the particle-in-cell
##             method:  applications to argon and oxgen discharges 
##ref.journal: Computer Physics Communications 87, 179 (1995)
##
83013
e(-)+O_2->O_2(v1)+e(-)
0.19
3
 83  1  84
 -1  0  +1
100
    161
0.19000  1.0000e-30
0.22141  1.2008e-19
0.22398  2.9863e-19
0.22588  2.5075e-19
0.22822  4.0291e-19
0.23052  5.9323e-19
0.23281  8.2061e-19
0.23502  9.8954e-19
0.23727  1.2082e-18
0.24184  1.8468e-18
0.24608  1.5702e-18
0.25077  2.2548e-18
0.25772  2.719e-18
0.26238  2.7876e-18
0.26966  3.4036e-18
0.27703  3.6681e-18
0.28218  4.4231e-18
0.29253  4.9487e-18
0.30053  5.3333e-18
0.31443  6.5116e-18
0.3289  7.3767e-18
0.33789  7.95e-18
0.35343  8.8945e-18
0.35986  9.467e-18
0.37301  1.0076e-17
0.39722  1.1703e-17
0.43451  1.3763e-17
0.45846  1.4287e-17
0.4925  1.5396e-17
0.50597  1.6593e-17
0.55325  1.701e-17
0.55819  1.6799e-17
0.58891  1.7008e-17
0.61583  1.7437e-17
0.64968  1.722e-17
0.69157  1.7218e-17
0.73593  1.5581e-17
0.75585  1.5196e-17
0.79011  1.3751e-17
0.80423  1.3082e-17
0.84822  1.1838e-17
0.85579  1.1691e-17
0.88664  1.0579e-17
0.90221  9.1077e-18
0.91846  9.1075e-18
0.95112  7.0074e-18
0.95985  7.5522e-18
0.97643  5.8839e-18
0.98547  6.5015e-18
1.0204  4.7588e-18
1.0386  4.5269e-18
1.0858  4.3062e-18
1.125  3.9954e-18
1.176  3.6155e-18
1.2514  3.1515e-18
1.285  2.8877e-18
1.3078  2.6793e-18
1.3312  2.5808e-18
1.3667  2.1942e-18
1.3789  2.1401e-18
1.4159  1.9367e-18
1.441  1.7746e-18
1.4665  1.606e-18
1.4792  1.4353e-18
1.5054  1.2828e-18
1.5182  1.1044e-18
1.5586  9.273e-19
1.5714  7.2246e-19
1.5852  6.7875e-19
1.6123  4.9065e-19
1.6262  4.4403e-19
1.6378  2.3495e-19
1.6508  1.6774e-19
1.6781  1.0000e-30
3.9177  1.0000e-30
3.9969  2.1237e-19
4.0303  1.7177e-19
4.0803  5.5518e-19
4.1127  3.9144e-19
4.158  7.8737e-19
4.1971  9.1457e-19
4.3163  1.3979e-18
4.4012  2.4512e-18
4.5205  2.4207e-18
4.5638  2.9928e-18
4.6046  2.9556e-18
4.7752  3.7463e-18
4.9075  4.5174e-18
4.95  4.0881e-18
5.0882  5.3129e-18
5.1791  5.054e-18
5.3222  5.9441e-18
5.3704  6.1708e-18
5.4692  6.9908e-18
5.5174  6.6503e-18
5.5701  8.12e-18
5.6216  8.9725e-18
5.6722  9.0851e-18
5.8812  1.0685e-17
5.9882  1.1373e-17
6.0971  1.2105e-17
6.2639  1.3045e-17
6.3779  1.3885e-17
6.6714  1.573e-17
6.9781  1.7598e-17
7.0412  1.8043e-17
7.2341  1.9689e-17
7.3643  1.9689e-17
7.8414  2.1754e-17
8.0544  2.2027e-17
8.3487  2.3444e-17
8.5752  2.3443e-17
8.9669  2.3736e-17
9.7158  2.2861e-17
10.067  2.1747e-17
10.34  2.121e-17
10.524  1.9926e-17
11.003  1.9193e-17
11.099  1.7369e-17
11.398  1.6318e-17
11.6  1.4952e-17
11.915  1.4952e-17
12.125  1.3363e-17
12.453  1.2712e-17
12.559  1.1081e-17
12.667  9.6595e-18
13.017  1.1503e-17
13.124  8.851e-18
13.353  7.3398e-18
13.716  7.4317e-18
13.958  6.642e-18
14.078  5.7899e-18
14.206  6.0107e-18
14.33  5.577e-18
14.58  4.6828e-18
14.707  4.2911e-18
14.848  5.2394e-18
15.109  4.5672e-18
15.651  3.883e-18
15.788  3.6481e-18
16.803  3.4271e-18
16.951  3.2602e-18
17.104  3.3011e-18
17.56  2.8418e-18
18.521  2.5716e-18
19.185  2.1864e-18
19.53  2.1592e-18
20.055  1.9785e-18
20.414  1.9058e-18
20.962  1.7246e-18
21.522  1.5033e-18
21.892  1.1424e-18
22.688  1.1567e-18
23.086  9.8341e-19
23.279  7.954e-19
23.468  5.9693e-19
23.676  5.7498e-19
24.085  4.4797e-19
24.288  3.7615e-19
24.478  2.5547e-19
24.853  1.0000e-30
-1
0.00E+00  0.00E+00  0.00E+00
