##eqation:     e+O_2->O_2(v4)+e
##type:        Vibration Excitation
##unit:        eV, cm2
##date:        2001/1/12
##method:      digitalize from scanned figure
##
##
##ref.auth:    V. Vahedi and M. Surendra
##ref.title:   A Monte Carlo collision model for the particle-in-cell
##             method:  applications to argon and oxgen discharges 
##ref.journal: Computer Physics Communications 87, 179 (1995)
##
83016
e(-)+O_2->O_2(v4)+e(-)
0.75
3
 83   1  84
 -1   0  +1
100
     54
0.7500  1.0000e-30
1.0001  1.0189e-19
1.0185  1.1688e-19
1.0372  1.3241e-19
1.0564  1.5573e-19
1.0855  1.7864e-19
1.1055  2.101e-19
1.116  2.5021e-19
1.1571  2.9427e-19
1.1997  3.3756e-19
1.2549  3.8721e-19
1.3363  4.4415e-19
1.41  4.6106e-19
1.4482  4.5532e-19
1.514  4.2245e-19
1.5684  3.6824e-19
1.5958  3.1308e-19
1.6093  2.6289e-19
1.6229  2.1801e-19
1.6356  1.4806e-19
1.6496  1.0000e-30
6.0126  1.0000e-30
6.015  1.1372e-19
6.1273  1.4237e-19
6.1524  5.8327e-19
6.1558  7.0335e-19
6.2696  8.2722e-19
6.3293  9.975e-19
6.4472  1.2332e-18
6.509  1.5247e-18
6.749  1.8157e-18
6.8145  2.3304e-18
7.1291  2.7752e-18
7.5245  3.2233e-18
7.8713  3.7438e-18
8.4557  4.0345e-18
9.0014  4.1361e-18
9.4966  4.1358e-18
9.9285  3.9342e-18
10.565  3.5159e-18
11.044  3.2216e-18
11.442  2.8792e-18
12.067  2.5097e-18
12.17  2.1877e-18
12.833  1.8369e-18
13.286  1.2951e-18
13.399  1.1011e-18
13.755  9.2456e-19
13.994  7.3853e-19
14.112  6.1244e-19
14.355  4.7123e-19
14.602  3.6257e-19
14.701  1.7147e-19
14.81  1.0026e-19
-1
0.00E+00  0.00E+00  0.00E+00
