# e+H_2O->e+H_2O(V=1)
# Vibrational Excitation 
# Hayashi, "Elec. Coll. X-sec. for Molecules..."  from mtanaka
# date:        2008/04/22
#
89001
e(-)+H_2O->e(-)+H_2O(V=1)
0.43
3
89   1  116
 -1  0   +1
100
 25
0.436    1.e-19
0.489    2.9e-16
0.5      3.59e-16
0.566    3.85e-16
0.676    3.23e-16
0.732    2.65e-16
0.78     2.12e-16
0.8      1.67e-16
0.82     1.13e-16
0.86     0.79e-16
1.0      0.575e-16
1.18     0.415e-16
1.5      0.355e-16
1.95     0.313e-16
2.78     0.318e-16
3.63     0.351e-16
5.4      0.446e-16
6.67     0.49e-16
8.7      0.488e-16
10.0     0.396e-16
15.3     0.22e-16
22.1     0.147e-16
35.2     0.1135e-16
47.6     0.085e-16
1000.    0.031e-16
-1
0.00E+00  0.00E+00  0.00E+00

