# e(-)+H_2O->OH(-)+H
# Dissociation attach
# Hayashi, "Elec. Coll. X-sec. for Molecules..."  from mtanaka
# date:        2008/04/22
#
89007
e(-)+H_2O->OH(-)+H
3.28
4
89   1   115 10
 -1 -1   +1  +1
100
  29
4.3    0.0
4.5    2e-21
4.7    2e-21
4.9    4e-21
5.1    6e-21
5.3    8e-21
5.5    15e-21
5.65   23e-21
5.85   34.5e-21
5.95   45e-21
6.07   71.8e-21
6.25   87e-21
6.3    102e-21
6.35   114e-21
6.4    120e-21
6.55   117e-21
6.7    110e-21
6.8    94e-21
6.9    75e-21
7.2    44e-21
7.5    35e-21
8      65e-21
8.35   87.5e-21
8.8    62e-21
9.55   21.5e-21
10.4   62.5e-21
11.2   90e-21
11.5   76e-21
12     43.75e-21
-1
0.00E+00  0.00E+00  0.00E+00
