# e+Ar->Ar+e
# Momentum transfer cross section 
# M. Hayashi
# Institute of Plasma Physics Report No. IPPJ-AM-19, (1981)
##date:        2002/07/24
#
180000
e(-)+Ar->Ar+e(-)
0.0
2
180   1
  0   0
1
 66
        0      7.5E-16
    0.001      7.5E-16
    0.002      7.1E-16
    0.003      6.7E-16
    0.005      6.1E-16
    0.007      5.4E-16
   0.0085     5.05E-16
     0.01      4.6E-16
    0.015     3.75E-16
     0.02     3.25E-16
     0.03      2.5E-16
     0.04     2.05E-16
     0.05     1.73E-16
     0.07     1.13E-16
      0.1     0.59E-16
     0.12      0.4E-16
     0.15     0.23E-16
     0.17     0.16E-16
      0.2    0.103E-16
     0.25    0.091E-16
      0.3    0.153E-16
     0.35    0.235E-16
      0.4     0.33E-16
      0.5     0.51E-16
      0.7     0.86E-16
        1     1.38E-16
      1.2     1.66E-16
      1.3     1.82E-16
      1.5      2.1E-16
      1.7      2.3E-16
      1.9      2.5E-16
      2.1      2.8E-16
      2.2      2.9E-16
      2.5      3.3E-16
      2.8      3.8E-16
        3      4.1E-16
      3.3      4.5E-16
      3.6      4.9E-16
        4      5.4E-16
      4.5      6.1E-16
        5      6.7E-16
        6      8.1E-16
        7      9.6E-16
        8     11.7E-16
       10       15E-16
       12     14.5E-16
       15     13.7E-16
       17       11E-16
       20      9.2E-16
       25      6.8E-16
       30      5.5E-16
       50      3.2E-16
       75     2.15E-16
      100      1.6E-16
      150      1.1E-16
      200     0.88E-16
      300      0.6E-16
      500     0.37E-16
      700     0.26E-16
     1000     0.17E-16
     1500    0.098E-16
     2000    0.066E-16
     3000    0.035E-16
     5000    0.015E-16
     7000   0.0088E-16
    10000   0.0049E-16
-1
0.00E+00  0.00E+00  0.00E+00
