#  Reaction : N_2+e(-)->N_2(+)+e(-)+e(-)
#  Electron impact ionization 
#  Ref : Y. Itikawa
#       <Cross Sections for Electron Collisions with 
#        Nitrogen Molecules>
#        J.Phys. Chem. Ref. Data, Vol.35, No.1 (2006)
#        Table 15. - Table 17.
#  Date : 2012/09/20
#
830026
N_2+e(-)->N_2(+)+e(-)+e(-)
15.58
3
  3073     1  3801
  -1   1   1   
2
59
15.58   0.0
16.0    0.0211E-16
16.5    0.0466E-16
17.0    0.0713E-16
17.5    0.0985E-16
18.0    0.129E-16
18.5    0.164E-16
19.0    0.199E-16
19.5    0.230E-16
20.0    0.270E-16
20.5    0.308E-16
21.0    0.344E-16
21.5    0.380E-16
22.0    0.418E-16
22.5    0.455E-16
23.0    0.492E-16
23.5    0.528E-16
24.0    0.565E-16
24.5    0.603E-16
25.0    0.640E-16
30.0    0.929E-16
35.0    1.160E-16
40.0    1.370E-16
45.0    1.520E-16
50.0    1.600E-16
55.0    1.660E-16
60.0    1.720E-16
65.0    1.740E-16
70.0    1.780E-16
75.0    1.800E-16
80.0    1.810E-16
85.0    1.820E-16
90.0    1.830E-16
95.0    1.850E-16
100.0   1.850E-16
110.0   1.830E-16
120.0   1.810E-16
140.0   1.780E-16
160.0   1.720E-16
180.0   1.670E-16
200.0   1.610E-16
225.0   1.550E-16
250.0   1.480E-16
275.0   1.410E-16
300.0   1.370E-16
350.0   1.280E-16
400.0   1.200E-16
450.0   1.110E-16
500.0   1.050E-16
550.0   0.998E-16
600.0   0.943E-16
650.0   0.880E-16
700.0   0.844E-16
750.0   0.796E-16
800.0   0.765E-16
850.0   0.738E-16
900.0   0.719E-16
950.0   0.698E-16
1000.0  0.676E-16
-1
0.0  0.0  0.0
