#  Reaction : N_2+e(-)->N_2+e(-)
#  Momentum transfer for Electron impact with N2
#  Ref : Y. Itikawa
#       <Cross Sections for Electron Collisions with 
#        Nitrogen Molecules>
#        J.Phys. Chem. Ref. Data, Vol.35, No.1 (2006)
#        Table 4.
#  Date : 2012/09/20
#
830000
N_2+e(-)->N_2+e(-)
0.0
2
  3073     1  
  0   0      
1
64
0.001   1.357E-16
0.0015  1.426E-16
0.0018  1.464E-16
0.002   1.490E-16
0.0025  1.550E-16
0.003   1.620E-16
0.004   1.718E-16
0.005   1.810E-16
0.006   1.908E-16
0.007   2.000E-16
0.008   2.062E-16
0.009   2.131E-16
0.01    2.190E-16
0.012   2.342E-16
0.015   2.550E-16
0.018   2.729E-16
0.02    2.850E-16
0.025   3.120E-16
0.03    3.400E-16
0.04    3.850E-16
0.05    4.330E-16
0.06    4.720E-16
0.07    5.100E-16
0.08    5.410E-16
0.09    5.690E-16
0.1     5.950E-16
0.12    6.450E-16
0.15    7.100E-16
0.18    7.590E-16
0.2     7.900E-16
0.25    8.500E-16
0.3     9.000E-16
0.4     9.700E-16
0.5     10.16E-16
0.6     10.65E-16
0.7     10.87E-16
0.8     11.00E-16
0.9     11.03E-16
1.0     11.07E-16
1.5     11.12E-16
1.92    17.40E-16
1.98    18.03E-16
2.46    16.65E-16
2.605   12.38E-16
4.0     10.90E-16
5.0     9.900E-16
6.0     9.450E-16
7.0     9.290E-16
8.0     9.190E-16
9.0     9.290E-16
10.0    9.450E-16
12.0    9.840E-16
15.0    9.970E-16
18.0    9.070E-16
20.0    8.200E-16
25.0    7.250E-16
30.0    6.800E-16
40.0    6.310E-16
50.0    5.600E-16
60.0    4.510E-16
70.0    3.590E-16
80.0    2.940E-16
90.0    2.500E-16
100.0   2.190E-16
-1
0.0  0.0  0.0
