#
# Momentum Transfer of N_2 <-> e
#   Kinema q_air_dat ( by Hayashi )
#
#  2003.9.2 Tanaka
#  converted to elastic collision cross section
#
# 
75000
e(-)+N_2->e(-)+N_2
0.0
2
75  1
0   0
1
60
  0.000E+00 1.100E-16
  1.000E-03 1.360E-16
  2.000E-03 1.490E-16
  3.000E-03 1.621E-16
  5.000E-03 1.812E-16
  7.000E-03 2.002E-16
  8.500E-03 2.103E-16
  1.000E-02 2.194E-16
  1.500E-02 2.556E-16
  2.000E-02 2.859E-16
  3.000E-02 3.417E-16
  4.000E-02 3.875E-16
  5.000E-02 4.365E-16
  7.000E-02 5.158E-16
  1.000E-01 6.046E-16
  1.200E-01 6.574E-16
  1.500E-01 7.269E-16
  1.700E-01 7.599E-16
  2.000E-01 8.147E-16
  2.500E-01 8.828E-16
  3.000E-01 9.411E-16
  3.500E-01 9.894E-16
  4.000E-01 1.028E-15
  5.000E-01 1.062E-15
  7.000E-01 1.097E-15
  1.000E+00 1.129E-15
  1.200E+00 1.195E-15
  1.300E+00 1.275E-15
  1.500E+00 1.413E-15
  1.700E+00 1.649E-15
  1.900E+00 2.373E-15
  2.100E+00 3.312E-15
  2.200E+00 3.517E-15
  2.500E+00 3.767E-15
  2.800E+00 3.572E-15
  3.000E+00 2.796E-15
  3.300E+00 2.248E-15
  3.600E+00 1.947E-15
  4.000E+00 1.697E-15
  4.500E+00 1.551E-15
  5.000E+00 1.522E-15
  6.000E+00 1.498E-15
  7.000E+00 1.494E-15
  8.000E+00 1.515E-15
  1.000E+01 1.640E-15
  1.200E+01 1.778E-15
  1.500E+01 1.871E-15
  1.700E+01 1.863E-15
  2.000E+01 1.832E-15
  2.500E+01 1.780E-15
  3.000E+01 1.745E-15
  5.000E+01 1.835E-15
  7.500E+01 1.517E-15
  1.000E+02 1.403E-15
  1.500E+02 1.272E-15
  2.000E+02 1.144E-15
  3.000E+02 9.599E-16
  5.000E+02 7.680E-16
  7.000E+02 6.482E-16
  1.000E+03 5.392E-16

