# 紱齬跟晶辣剄﹛N2+ + N2 -> N2 + N2+
#  from kishida
#
75005
N_2(+)+N_2->N_2+N_2(+)
0.0
2
75  76
0   0
6
34
0.00		5.500E-15
1.000		5.500E-15
1.334		5.200E-15
1.778		5.000E-15
2.370		4.750E-15
3.160		4.500E-15
4.220		4.330E-15
5.620		4.160E-15
7.500		4.050E-15
10.000		3.870E-15
13.340		3.750E-15
17.780		3.600E-15
23.710		3.500E-15
31.620		3.400E-15
42.200		3.300E-15
56.200		3.200E-15
75.000		3.130E-15
100.000 	3.060E-15
133.400 	2.970E-15
177.800 	2.900E-15
237.000 	2.830E-15
316.000 	2.770E-15
421.000 	2.700E-15
562.000 	2.630E-15
750.000 	2.600E-15
1000.000 	2.540E-15
1334.000 	2.480E-15
1778.000 	2.420E-15
2370.000 	2.380E-15
3160.000 	2.330E-15
4217.000 	2.290E-15
5623.000 	2.270E-15
7499.000 	2.200E-15
10000.000 	2.140E-15
