#
# ionization  N_2
# http://jilawww.colorad.edu/www/research/colldata.html
#      -> electron.txt
#
# 
75001
e(-)+N_2->2e(-)+N_2(+)
15.6
3
75   1  76
-1  +1  +1
2
26
  15.6000        0.0000e-16
  16.0000        0.0195e-16
  16.5000        0.0428e-16
  17.0000        0.0660e-16
  17.5000        0.0911e-16
  18.0000        0.1200e-16
  18.5000        0.1516e-16
  19.0000        0.1841e-16
  19.5000        0.2130e-16
  20.0000        0.2502e-16
  21.0000        0.3181e-16
  22.0000        0.3869e-16
  23.0000        0.4557e-16
  25.0000        0.5924e-16
  30.0000        0.9579e-16
  34.0000        1.1718e-16
  45.0000        1.6461e-16
  60.0000        2.0181e-16
  75.0000        2.2134e-16
 100.0000        2.3436e-16
 150.0000        2.2692e-16
 200.0000        2.1018e-16
 300.0000        1.7763e-16
 500.0000        1.3485e-16
 700.0000        1.0788e-16
1000.0000        0.8556e-16
