# ÃÆĀ­ŧķÍðĄĄN2+ + N2 -> N2+ + N2
# from kishida
#
75004
N_2(+)+N_2->N_2(+)+N_2
0.0
2
75  76
0   0
1
42
0.000		1.770E-14
0.1000		1.770E-14
0.1333		1.590E-14
0.1778		1.430E-14
0.2371		1.320E-14
0.3162		1.230E-14
0.4216		1.140E-14
0.5623		1.075E-14
0.7498		1.010E-14
1.0000		9.650E-15
1.3340		9.250E-15
1.7780		8.930E-15
2.3700		8.600E-15
3.1600		8.400E-15
4.2200		8.130E-15
5.6200		7.930E-15
7.5000		7.750E-15
10.0000 	7.550E-15
13.3400 	7.400E-15
17.7800 	7.200E-15
23.7100 	7.000E-15
31.6200 	6.900E-15
42.2000 	6.750E-15
56.2000 	6.600E-15
75.0000 	6.450E-15
100.0000 	6.330E-15
133.4000 	6.230E-15
177.8000 	6.070E-15
237.0000 	6.000E-15
316.0000 	5.870E-15
421.0000 	5.750E-15
562.0000 	5.630E-15
750.0000 	5.500E-15
1000.0000 	5.400E-15
1334.0000 	5.270E-15
1778.0000 	5.130E-15
2370.0000 	5.000E-15
3160.0000 	4.900E-15
4217.0000 	4.770E-15
5623.0000 	4.670E-15
7499.0000 	4.570E-15
10000.0000 	4.460E-15

