# sum of Vibrational  e + N2 -> e + N2(*)
#
75003
e(-)+N_2->e(-)+N_2(*Vib)
0.8
3
75  1  77
-1  0  +1
100
24
0.80000         0.0000E+00
1.20000         6.0000E-18
1.60000         1.8000E-17
1.70000         2.3000E-17
1.80000         4.0000E-17
1.90000         1.4100E-16
2.00000         5.1300E-16
2.10000         5.4200E-16
2.20000         5.1400E-16
2.30000         6.9000E-16
2.40000         6.0400E-16
2.50000         6.4500E-16
2.60000         5.1000E-16
2.70000         4.2400E-16
2.80000         3.7500E-16
2.90000         2.1100E-16
3.00000         2.3200E-16
3.10000         1.9400E-16
3.20000         1.4000E-16
3.30000         9.4000E-17
3.60000         3.8000E-17
5.00000         0.0000E+00
20.00000        0.0000E+00
1000.00000      0.0000E+00

