## equation:	e(-)+In->2e(-)+In(+)
## type :		Ionization
## unit :		eV, cm2
## date :		2010/10/06
# from NIFS ADMIS
# Freund, R.S. et al.
# Phys.Rev.A 41(1990)3575
490000
e(-)+In->2e(-)+In(+)
6.0
3
490  1   491
 -1  +1  +1  
2
45
5.000000e+00   0.000000e+00
6.000000e+00   3.100000e-17
7.000000e+00   1.780000e-16
8.000000e+00   3.170000e-16
9.000000e+00   4.740000e-16
1.000000e+01   6.190000e-16
1.100000e+01   7.450000e-16
1.200000e+01   8.390000e-16
1.300000e+01   9.290000e-16
1.400000e+01   9.810000e-16
1.600000e+01   1.072000e-15
1.700000e+01   1.113000e-15
1.800000e+01   1.114000e-15
1.900000e+01   1.143000e-15
2.000000e+01   1.148000e-15
2.100000e+01   1.172000e-15
2.200000e+01   1.187000e-15
2.300000e+01   1.195000e-15
2.400000e+01   1.191000e-15
2.500000e+01   1.207000e-15
2.600000e+01   1.205000e-15
2.700000e+01   1.217000e-15
2.800000e+01   1.213000e-15
2.900000e+01   1.214000e-15
3.000000e+01   1.212000e-15
3.200000e+01   1.207000e-15
3.600000e+01   1.191000e-15
4.000000e+01   1.168000e-15
4.500000e+01   1.142000e-15
6.000000e+01   1.044000e-15
6.500000e+01   1.019000e-15
8.000000e+01   9.360000e-16
8.500000e+01   9.210000e-16
9.500000e+01   8.800000e-16
1.000000e+02   8.690000e-16
1.050000e+02   8.630000e-16
1.100000e+02   8.480000e-16
1.200000e+02   8.130000e-16
1.350000e+02   7.750000e-16
1.400000e+02   7.680000e-16
1.600000e+02   7.240000e-16
1.700000e+02   7.100000e-16
1.750000e+02   7.000000e-16
1.800000e+02   6.860000e-16
2.000000e+02   6.380000e-16
-1
0.00E+00  0.00E+00  0.00E+00
