#
# momentum transfer (Hunter+Christophorou 1984 J.Chem.Phys.)
# e(-)+Xe->e(-)+Xe
#
540000
e(-)+Xe->e(-)+Xe
0.0
2
 540  1
   0  0
1
57
  0.0000E+00     0.1305E-13
  0.1000E-01     0.8425E-14
  0.2000E-01     0.6714E-14
  0.3000E-01     0.5571E-14
  0.4000E-01     0.4724E-14
  0.6000E-01     0.3533E-14
  0.8000E-01     0.2729E-14
  0.1000E+00     0.2153E-14
  0.1200E+00     0.1724E-14
  0.1600E+00     0.1140E-14
  0.2000E+00     0.7787E-15
  0.2600E+00     0.4603E-15
  0.3000E+00     0.3337E-15
  0.3600E+00     0.2154E-15
  0.4000E+00     0.1661E-15
  0.4400E+00     0.1318E-15
  0.5000E+00     0.9930E-16
  0.5600E+00     0.8191E-16
  0.6000E+00     0.7652E-16
  0.6200E+00     0.7541E-16
  0.6400E+00     0.7530E-16
  0.6600E+00     0.7610E-16
  0.6800E+00     0.7790E-16
  0.7000E+00     0.8070E-16
  0.7600E+00     0.9450E-16
  0.8000E+00     0.1055E-15
  0.1000E+01     0.1720E-15
  0.1200E+01     0.2550E-15
  0.1400E+01     0.3530E-15
  0.1800E+01     0.5980E-15
  0.2200E+01     0.8950E-15
  0.2600E+01     0.1240E-14
  0.3000E+01     0.1610E-14
  0.4000E+01     0.2410E-14
  0.5000E+01     0.2800E-14
  0.6000E+01     0.2800E-14
  0.8000E+01     0.2600E-14
  0.1000E+02     0.2000E-14
  0.1200E+02     0.1350E-14
  0.1500E+02     0.9500E-15
  0.2000E+02     0.7000E-15
  0.2500E+02     0.5900E-15
  0.3000E+02     0.5100E-15
  0.4000E+02     0.4200E-15
  0.5000E+02     0.3600E-15
  0.6000E+02     0.3200E-15
  0.8000E+02     0.2700E-15
  0.1000E+03     0.2400E-15
  0.1200E+03     0.2150E-15
  0.1500E+03     0.1900E-15
  0.2000E+03     0.1650E-15
  0.2500E+03     0.1450E-15
  0.3000E+03     0.1300E-15
  0.5000E+03     0.9400E-16
  0.1000E+04     0.5800E-16
  0.5000E+04     0.7500E-17
  1.0000E+05     4.000E-19
