#
# IONIZATION  (XENON) RAPP & ENGLANDER 1965 j.chem.phy 43 1464
# e(-)+Xe->2e(-)+Xe(+)
#
# 2000/12/6 に上の文献から作成したデータだと思う。
# Sakai Y, Sawada S and Tagashira H 1991 J.Phys.D:Appl.Phys. 27 2107-10
# にも同じデータが載っているようだ。 h-nakadate 2007/3/2
#
540001
e(-)+Xe->2e(-)+Xe(+)
12.120
3
540  1  541
 -1 +1    1
2
50
  0.1212E+02     0.0000E-16
  0.1250E+02     0.1100E-16
  0.1300E+02     0.2560E-16
  0.1350E+02     0.4120E-16
  0.1400E+02     0.5710E-16
  0.1450E+02     0.7420E-16
  0.1500E+02     0.9060E-16
  0.1550E+02     0.1070E-15
  0.1600E+02     0.1230E-15
  0.1650E+02     0.1380E-15
  0.1700E+02     0.1530E-15
  0.1750E+02     0.1670E-15
  0.1800E+02     0.1800E-15
  0.1900E+02     0.2050E-15
  0.2000E+02     0.2270E-15
  0.2100E+02     0.2490E-15
  0.2200E+02     0.2730E-15
  0.2300E+02     0.2920E-15
  0.2400E+02     0.3090E-15
  0.2600E+02     0.3360E-15
  0.2800E+02     0.3610E-15
  0.3000E+02     0.3850E-15
  0.3200E+02     0.4040E-15
  0.3400E+02     0.4180E-15
  0.3600E+02     0.4290E-15
  0.3800E+02     0.4390E-15
  0.4000E+02     0.4470E-15
  0.4500E+02     0.4680E-15
  0.5000E+02     0.4830E-15
  0.5500E+02     0.4940E-15
  0.6000E+02     0.5030E-15
  0.6500E+02     0.5080E-15
  0.7000E+02     0.5120E-15
  0.8000E+02     0.5180E-15
  0.9000E+02     0.5260E-15
  0.1000E+03     0.5380E-15
  0.1100E+03     0.5450E-15
  0.1200E+03     0.5450E-15
  0.1300E+03     0.5410E-15
  0.1400E+03     0.5280E-15
  0.1500E+03     0.5190E-15
  0.1600E+03     0.5060E-15
  0.1800E+03     0.4830E-15
  0.2000E+03     0.4580E-15
  0.3000E+03     0.3890E-15
  0.4000E+03     0.3360E-15
  0.6000E+03     0.2600E-15
  0.8000E+03     0.2190E-15
  0.1000E+04     0.1880E-15
  1.0000E+05     8.057E-18
