&MRList
Model     =     3,
NReaction  =    88,
/


&SRList
SR%Reaction= 
5,101,5,0.d0          !  0 Isotropic elastic
5,111,5,5.044d0       !  1 Old ions          
5,111,5,10.088d0       !  2 
5,111,5,15.132d0       !  3
5,111,5,17.628d0       !  4
5,111,5,2.496d0       !  5
5,111,5,7.540d0       !  6
5,111,5,12.584d0      !  7
5,101,4,0d0      !  8
5,112,4,5.044d0      !  9
5,112,4,10.088d0      !  10
5,112,4,12.584d0      !  11
5,112,4,2.496d0      !  12
5,112,4,7.540d0      !  13
5,112,3,1.466d0      !  14
5,112,3,6.510d0      !  15
5,112,3,11.554d0      !  16
5,112,3,14.050d0      !  17
5,112,3,3.962d0      !  18
5,112,3,9.006d0      !  19
5,112,2,2.703d0      !  20
5,112,2,7.747d0      !  21
5,112,2,12.791d0      !  22
5,112,2,17.835d0      !  23
5,112,2,20.331d0      !  24
5,112,2,5.199d0      !  25
5,112,2,10.243d0      !  26
5,112,2,15.287d0      !  27
5,112,2,22.879d0      !  28
5,112,2,25.375d0      !  29
5,112,2,27.923d0      !  30
5,112,2,30.419d0        !  31
5,111,5,8.434d0        !  32
5,111,5,13.478d0      !  33
5,111,5,15.974d0      !  34
5,111,5,10.930d0      !  35
5,112,4,8.434d0        !  36
5,112,4,10.930d0      !  37
5,112,3,9.900d0      !  38
5,112,3,12.396d0      !  39
5,112,3,12.480d0      !  40
5,112,3,10.826d0        !  41
5,112,3,2.392d0      !  42
5,112,3,7.436d0      !  43
5,112,2,11.137d0      !  44
5,112,2,16.181d0      !  45
5,112,2,18.677d0      !  46
5,112,2,13.633d0      !  47
5,112,2,21.225d0      !  48
5,112,2,19.571d0      !  49
5,112,2,23.721d0      !  50
5,112,2,22.067d0      !  51
5,112,2,26.269d0      !  52
5,112,2,24.615d0      !  53
5,112,2,28.765d0      !  54
5,112,2,27.111d0      !  55
5,100,0,2.703d0      !  56
5,100,0,7.747d0      !  57
5,100,0,12.791d0      !  58
5,100,0,17.835d0      !  59
5,100,0,20.331d0      !  60
5,100,0,5.199d0      !  61
5,100,0,10.243d0      !  62
5,100,0,15.287d0      !  63
5,100,0,22.879d0      !  64
5,100,0,25.375d0      !  65
5,100,0,10.243d0      !  66
5,100,0,27.879d0      !  67
5,100,0,27.923d0      !  68
5,100,0,30.419d0      !  69
5,100,0,15.287d0      !  70
5,100,0,11.137d0      !  71
5,100,0,16.181d0      !  72
5,100,0,18.677d0      !  73
5,100,0,13.633d0      !  74
5,100,0,21.225d0      !  75
5,100,0,19.571d0      !  76
5,100,0,23.721d0      !  77
5,100,0,22.067d0      !  78
5,100,0,21.225d0      !  79
5,100,0,19.571d0      !  80
5,100,0,23.721d0      !  81
5,100,0,22.067d0      !  82
5,100,0,26.269d0      !  83
5,100,0,24.615d0      !  84
5,100,0,28.765d0      !  85
5,100,0,27.111d0      !  86
5,100,0,13.633d0      !  87
/