&MRList
Model     =     3,
NReaction  =    61,
/


&SRList
SR%Reaction= 
3,101,3,0d0          !  0 Isotropic elastic
3,111,3,5.044d0       !  1 Old ions          
3,111,3,10.088d0       !  2 
3,111,3,15.132d0       !  3
3,111,3,2.496d0       !  4
3,111,3,17.628d0       !  5
3,111,3,7.540d0       !  6
3,111,3,12.584d0      !  7
3,112,4,1.030d0      !  8
3,112,5,6.074d0      !  9
3,112,4,6.074d0      !  10
3,112,5,11.118d0      !  11
3,111,3,8.570d0      !  12
3,112,4,11.118d0      !  13
3,112,5,16.162d0      !  14
3,111,3,13.614d0      !  15
3,112,4,16.162d0      !  16
3,112,5,21.206d0      !  17
3,111,3,18.658d0      !  18
3,112,2,3.733d0      !  19
3,112,2,18.865d0      !  20
3,112,2,8.777d0      !  21
3,112,2,13.821d0      !  22
3,111,3,8.434d0      !  23
3,111,3,13.478d0      !  24
3,111,3,15.974d0      !  25
3,111,3,10.930d0      !  26
3,112,5,9.464d0      !  27
3,112,4,9.464d0      !  28
3,112,5,14.508d0      !  29
3,112,4,14.508d0      !  30
3,112,5,19.552d0      !  31
3,112,5,17.898d0      !  32
3,112,2,17.211d0      !  33
3,112,2,10.513d0      !  34
3,112,2,8.777d0      !  35
3,112,2,23.909d0      !  36
3,112,2,13.821d0      !  37
3,112,2,18.865d0      !  38
3,112,2,28.953d0      !  40
3,112,2,33.997d0      !  41
3,112,2,22.255d0      !  42
3,112,2,20.601d0      !  43
3,112,2,12.167d0      !  44
3,112,2,27.299d0      !  45
3,112,2,25.645d0      !  46
3,112,2,32.343d0      !  47
3,112,2,30.689d0      !  48
3,112,2,29.035d0      !  49
3,100,0,10.088d0      !  50
3,100,0,15.132d0      !  51
3,100,0,20.176d0      !  52
3,100,0,7.540d0      !  53
3,100,0,22.672d0      !  54
3,100,0,12.584d0      !  55
3,100,0,17.628d0      !  56
3,100,0,25.220d0      !  57
3,100,0,27.716d0      !  58
3,100,0,30.264d0      !  59
3,100,0,32.760d0      !  60
/