&MRList
Model     =     3,
NReaction  =    148,
/


&SRList
SR%Reaction= 
6,101,6,0.d0          !  0 Isotropic elastic
6,111,6,5.044d0       !  1 Old ions          
6,111,6,10.088d0       !  2 
6,111,6,15.132d0       !  3
6,111,6,17.628d0       !  4
6,111,6,2.496d0       !  5
6,111,6,7.540d0       !  6
6,111,6,12.584d0      !  7
6,112,7,3.441d0      !  8
6,112,7,8.485d0      !  9
6,112,7,13.529d0      !  10
6,112,1,1.238d0      !  11
6,112,1,16.370d0      !  12
6,112,7,16.025d0      !  13
6,112,1,6.282d0      !  14
6,112,7,5.937d0      !  15
6,112,1,11.326d0      !  16
6,112,7,10.981d0      !  17
6,112,7,8.485d0      !  18
6,112,7,13.529d0      !  19
6,112,7,18.573d0      !  20
6,112,7,21.069d0      !  21
6,112,1,21.414d0      !  22
6,112,7,10.981d0      !  23
6,112,1,11.326d0      !  24
6,112,7,16.025d0      !  25
6,112,1,16.370d0      !  26
6,112,7,13.529d0      !  27
6,112,7,18.573d0      !  28
6,112,7,23.617d0      !  29
6,112,7,26.113d0      !  30
6,112,1,26.458d0      !  31
6,112,7,21.069d0      !  32
6,112,1,21.414d0      !  33
6,112,7,18.573d0      !  34
6,112,7,23.617d0      !  35
6,112,7,28.661d0      !  36
6,112,7,31.157d0      !  37
6,112,1,31.502d0      !  38
6,113,0,6.854d0        !  39
6,113,0,11.898d0      !  40
6,113,0,16.942d0      !  41
6,113,0,4.306d0        !  42
6,113,0,19.438d0      !  43
6,113,0,9.350d0        !  44
6,113,0,14.394d0      !  45
6,113,7,21.986d0      !  46
6,113,7,24.482d0      !  47
6,113,7,3.754d0        !  48
6,113,0,27.030d0      !  49
6,113,0,29.526d0      !  50
6,113,0,32.074d0      !  51
6,113,0,34.570d0      !  52
6,111,6,8.434d0        !  53
6,111,6,13.478d0      !  54
6,111,6,15.974d0      !  55
6,111,6,10.930d0      !  56
6,112,7,11.875d0      !  57
6,112,7,14.371d0      !  58
6,112,1,14.716d0      !  59
6,112,1,9.672d0      !  60
6,112,7,11.875d0      !  61
6,112,7,16.919d0      !  62
6,112,7,19.415d0      !  63
6,112,1,19.760d0      !  64
6,112,1,18.106d0      !  65
6,112,7,14.371d0      !  66
6,112,1,14.716d0      !  67
6,112,7,11.875d0      !  68
6,112,7,16.919d0      !  69
6,112,7,21.963d0      !  70
6,112,7,20.309d0      !  71
6,112,7,24.459d0      !  72
6,112,7,22.805d0      !  73
6,112,1,24.804d0      !  74
6,112,1,23.150d0      !  75
6,112,7,19.415d0      !  76
6,112,1,19.760d0      !  77
6,112,1,18.106d0      !  78
6,112,7,16.919d0      !  79
6,112,7,21.963d0      !  80
6,112,7,20.309d0      !  81
6,112,7,27.007d0      !  82
6,112,7,25.353d0      !  83
6,112,7,29.503d0      !  84
6,112,7,27.849d0      !  85
6,112,1,29.848d0      !  86
6,112,1,28.194d0      !  87
6,113,0,10.244d0      !  88
6,113,0,15.288d0      !  89
6,113,0,4.306d0      !  90
6,113,0,17.784d0      !  91
6,113,0,12.740d0      !  92
6,113,0,11.898d0      !  93
6,113,0,20.332d0      !  94
6,113,0,18.678d0      !  95
6,113,0,22.828d0      !  96
6,113,0,21.174d0      !  97
6,113,0,17.784d0      !  98
6,113,0,25.376d0      !  99
6,113,0,23.722d0      !  100
6,113,0,27.872d0      !  101
6,113,0,26.218d0      !  102
6,113,0,25.376d0      !  103
6,113,0,30.420d0      !  104
6,113,0,28.766d0      !  105
6,113,0,27.112d0      !  106
6,113,0,31.262d0      !  107
6,113,0,29.608d0      !  108
6,113,0,32.916d0      !  109
6,100,0,10.088d0      !  110
6,100,0,15.132d0      !  111
6,100,0,20.176d0      !  112
6,100,0,22.672d0      !  113
6,100,0,12.584d0      !  114
6,100,0,17.628d0      !  115
6,100,0,15.132d0      !  116
6,100,0,20.176d0      !  117
6,100,0,25.220d0      !  118
6,100,0,27.716d0      !  119
6,100,0,25.220d0      !  120
6,100,0,30.264d0      !  121
6,100,0,32.760d0      !  122
6,100,0,8.434d0      !  123
6,100,0,13.478d0      !  124
6,100,0,18.522d0      !  125
6,100,0,16.868d0      !  126
6,100,0,21.018d0      !  127
6,100,0,19.364d0      !  128
6,100,0,10.930d0      !  129
6,100,0,15.974d0      !  130
6,100,0,13.478d0      !  131
6,100,0,18.522d0      !  132
6,100,0,16.868d0      !  133
6,100,0,23.566d0      !  134
6,100,0,21.912d0      !  135
6,100,0,26.062d0      !  136
6,100,0,24.408d0      !  137
6,100,0,21.018d0      !  138
6,100,0,19.364d0      !  139
6,100,0,23.566d0      !  140
6,100,0,21.912d0      !  141
6,100,0,28.610d0      !  142
6,100,0,26.956d0      !  143
6,100,0,25.302d0      !  144
6,100,0,29.452d0      !  145
6,100,0,27.798d0      !  146
6,100,0,31.106d0      !  147
/