&MRList
Model     =     3,
NReaction  =    113,
/


&SRList
SR%Reaction= 
4,101,4,0.d0          !  0 Isotropic elastic
4,111,4,5.044d0       !  1 Old ions          
4,111,4,10.088d0       !  2 
4,111,4,15.132d0       !  3
4,111,4,17.628d0       !  4
4,111,4,2.496d0       !  5
4,111,4,7.540d0       !  6
4,111,4,12.584d0      !  7
4,112,5,5.044d0      !  8
4,112,5,10.088d0      !  9
4,112,5,15.132d0      !  10
4,112,5,20.176d0      !  11
4,112,5,7.540d0      !  12
4,112,5,22.672d0      !  13
4,112,5,12.584d0      !  14
4,112,5,17.628d0      !  15
4,112,3,1.466d0      !  16
4,112,3,6.510d0      !  17
4,112,3,11.554d0      !  18
4,112,3,16.598d0      !  19
4,112,3,3.962d0      !  20
4,112,3,19.094d0      !  21
4,112,3,9.006d0      !  22
4,112,3,14.050d0      !  23
4,112,2,2.703d0      !  24
4,112,2,7.747d0      !  25
4,112,2,12.791d0      !  26
4,112,2,17.835d0      !  27
4,112,2,5.199d0      !  28
4,112,2,20.331d0      !  29
4,112,2,10.243d0      !  30
4,112,2,15.287d0      !  31
4,112,2,22.879d0      !  32
4,112,2,25.375d0      !  33
4,112,2,27.923d0        !  34
4,112,2,30.419d0      !  35
4,112,2,32.967d0        !  36
4,112,2,35.463d0      !  37
4,111,1,8.434d0        !  38
4,111,1,13.478d0      !  39
4,111,1,15.974d0      !  40
4,111,1,10.930d0      !  41
4,112,5,8.434d0      !  42
4,112,5,13.478d0      !  43
4,112,5,18.522d0      !  44
4,112,5,16.868d0      !  45
4,112,5,21.018d0      !  46
4,112,5,19.364d0      !  47
4,112,5,10.930d0      !  48
4,112,5,15.974d0      !  49
4,112,3,9.900d0      !  50
4,112,3,14.944d0      !  51
4,112,3,2.392d0      !  52
4,112,3,17.524d0      !  53
4,112,3,7.436d0      !  54
4,112,3,12.396d0      !  55
4,112,3,12.480d0      !  56
4,112,3,10.826d0      !  57
4,112,2,11.137d0      !  58
4,112,2,16.181d0      !  59
4,112,2,21.225d0      !  60
4,112,2,19.571d0      !  61
4,112,2,11.137d0      !  62
4,112,2,16.181d0      !  63
4,112,2,21.225d0      !  64
4,112,2,19.571d0      !  65
4,112,2,23.721d0      !  66
4,112,2,22.067d0      !  67
4,112,2,13.633d0      !  68
4,112,2,18.677d0      !  69
4,112,2,26.269d0      !  70
4,112,2,24.615d0      !  71
4,112,2,28.765d0      !  72
4,112,2,27.111d0      !  73
4,112,2,31.313d0      !  74
4,112,2,29.659d0      !  75
4,112,2,28.005d0      !  76
4,112,2,33.809d0      !  77
4,112,2,32.155d0      !  78
4,112,2,30.501d0      !  79
4,100,0,7.540d0      !  80
4,100,0,12.584d0      !  81
4,100,0,17.628d0      !  82
4,100,0,22.672d0      !  83
4,100,0,25.168d0      !  84
4,100,0,15.080d0      !  85
4,100,0,20.124d0      !  86
4,100,0,12.584d0      !  87
4,100,0,27.716d0      !  88
4,100,0,30.212d0      !  89
4,100,0,32.760d0      !  90
4,100,0,35.256d0      !  91
4,100,0,25.168d0      !  92
4,100,0,10.930d0      !  93
4,100,0,15.974d0      !  94
4,100,0,21.018d0      !  95
4,100,0,19.364d0      !  96
4,100,0,23.514d0      !  97
4,100,0,21.860d0      !  98
4,100,0,13.426d0      !  99
4,100,0,18.470d0      !  100
4,100,0,10.930d0      !  101
4,100,0,15.974d0      !  102
4,100,0,26.062d0      !  103
4,100,0,24.408d0      !  104
4,100,0,28.558d0      !  105
4,100,0,26.904d0      !  106
4,100,0,31.106d0      !  107
4,100,0,29.452d0      !  108
4,100,0,27.798d0      !  109
4,100,0,33.602d0      !  110
4,100,0,31.948d0      !  111
4,100,0,30.294d0      !  112
/