&MRList
Model     =     3,
NReaction  =   45,
/


&SRList
SR%Reaction= 
7,101,7,0.d0          !  0 Isotropic elastic
7,111,7,5.044d0       !  1 Old ions          
7,111,7,10.088d0       !  2 
7,111,7,15.132d0       !  3
7,111,7,17.628d0       !  4
7,111,7,7.540d0       !  5
7,111,7,12.584d0       !  6
7,113,0,8.457d0      !  7
7,113,0,13.501d0      !  8
7,113,0,18.545d0      !  9
7,113,0,21.041d0      !  10
7,113,0,5.909d0      !  11
7,113,0,10.953d0      !  12
7,113,2,15.997d0      !  13
7,112,1,16.049d0      !  14
7,112,1,0.917d0      !  15
7,112,1,5.961d0      !  16
7,112,1,11.005d0      !  17
7,111,7,8.434d0      !  18
7,111,7,13.478d0      !  19
7,111,7,15.974d0      !  20
7,111,7,10.930d0      !  21
7,113,0,6.803d0      !  22
7,113,0,11.847d0      !  23
7,113,0,16.891d0      !  24
7,113,0,15.237d0      !  25
7,113,0,19.387d0      !  26
7,113,0,17.733d0      !  27
7,113,0,9.299d0      !  28
7,113,0,14.343d0      !  29
7,112,1,7.885d0      !  30
7,112,1,12.929d0      !  31
7,112,1,16.319d0      !  32
7,112,1,14.665d0      !  33
7,112,1,9.413d0      !  34
7,100,0,6.887d0      !  35
7,100,0,11.931d0      !  36
7,100,0,16.975d0      !  37
7,100,0,9.383d0      !  38
7,100,0,14.427d0      !  39
7,100,0,19.471d0      !  40
7,100,0,5.233d0      !  41
7,100,0,10.277d0      !  42
7,100,0,15.321d0      !  43
7,100,0,13.667d0      !  44
/