&MRList
Model     =     3,
NReaction  =    55,
/


&SRList
SR%Reaction= 
1,101,1,0.d0          !  0 Isotropic elastic
1,111,1,5.044d0       !  1 Old ions          
1,111,1,10.088d0       !  2 
1,111,1,15.132d0       !  3
1,111,1,17.628d0       !  4
1,111,1,2.496d0       !  5
1,111,1,7.540d0       !  6
1,111,1,12.584d0      !  7
1,113,0,10.608d0      !  8
1,113,0,15.652d0      !  9
1,113,0,20.696d0      !  10
1,113,0,23.192d0      !  11
1,113,0,13.104d0      !  12
1,113,0,18.148d0      !  13
1,112,7,4.699d0      !  14
1,112,7,9.743d0      !  15
1,112,7,14.787d0      !  16
1,112,7,17.283d0      !  17
1,112,7,9.691d0      !  18
1,112,7,14.735d0      !  19
1,111,1,8.434d0      !  20
1,111,1,13.478d0      !  21
1,111,1,10.930d0      !  22
1,111,1,15.974d0      !  23
1,113,0,11.502d0      !  24
1,113,0,16.546d0      !  25
1,113,0,19.042d0      !  26
1,113,0,19.126d0      !  27
1,113,0,17.472d0      !  28
1,113,0,9.038d0      !  29
1,113,0,13.998d0      !  30
1,113,0,14.082d0      !  31
1,113,0,12.428d0      !  32
1,112,7,13.133d0      !  33
1,112,7,15.629d0      !  34
1,112,7,15.713d0      !  35
1,112,7,14.059d0      !  36
1,112,7,5.625d0      !  37
1,112,7,10.669d0      !  38
1,112,7,3.754d0      !  39
1,100,0,1.498d0      !  40
1,100,0,6.542d0      !  41
1,100,0,11.586d0      !  42
1,100,0,16.630d0      !  43
1,100,0,19.126d0      !  44
1,100,0,9.038d0      !  45
1,100,0,14.082d0      !  46
1,100,0,9.932d0      !  47
1,100,7,14.976d0      !  48
1,100,7,17.472d0      !  49
1,100,7,17.556d0      !  50
1,100,7,15.902d0      !  51
1,100,7,12.428d0      !  52
1,100,7,12.512d0      !  53
1,100,7,10.858d0      !  54
/