##eqation:     e(-)+C->C(+)+2e(-)
##type:        ionization
##unit:        eV, cm2
##date:        2008/01/18
##method:      numerial table
##
##ref.auth:    Brook, E. et al.
#
##ref.title: 
##ref.journal: J. Phys. B 11 (1978) 3115
##ref.table: 
##ref.range: 
##
#   Estimated
#
60000
e(-)+C->C(+)+2e(-)
11.0
3
 60 1 61
 -1 +1 +1
2
 41
 1.1000E+01 1.0000E-19
 1.1100E+01 1.9000E-18
 1.1900E+01 1.0000E-18
 1.2600E+01 1.1600E-17
 1.2900E+01 2.2500E-17
 1.3900E+01 2.8300E-17
 1.4400E+01 4.1200E-17
 1.4900E+01 5.8100E-17
 1.5900E+01 6.5300E-17
 1.6900E+01 8.0000E-17
 1.7900E+01 8.7200E-17
 1.8900E+01 1.0370E-16
 2.0900E+01 1.1840E-16
 2.2900E+01 1.2820E-16
 2.4900E+01 1.4510E-16
 2.6900E+01 1.6300E-16
 3.1900E+01 1.8820E-16
 3.6900E+01 2.0730E-16
 3.7000E+01 2.0420E-16
 4.7000E+01 2.2150E-16
 5.7000E+01 2.3090E-16
 5.7000E+01 2.2390E-16
 6.7000E+01 2.3150E-16
 7.7000E+01 2.2340E-16
 8.7000E+01 2.1930E-16
 9.7000E+01 2.1180E-16
 1.0700E+02 2.1030E-16
 1.3700E+02 1.9090E-16
 1.4700E+02 1.8340E-16
 1.7200E+02 1.7650E-16
 1.9700E+02 1.6080E-16
 2.0700E+02 1.6140E-16
 2.4700E+02 1.5310E-16
 2.9700E+02 1.3100E-16
 3.4700E+02 1.2200E-16
 3.9700E+02 1.1170E-16
 4.9700E+02 9.9400E-17
 5.9700E+02 8.7400E-17
 6.9700E+02 7.4400E-17
 7.9700E+02 7.2700E-17
 9.9700E+02 5.9600E-17
