##equation:     e(-)+C_2->e(-)+C_2(+)+e(-)
##type:         ionization
##Ref:          R. K. Janev and D. Reiter
##              ``Collision processes of C2,3Hy and C2,3Hy+ hydrocarbons with
##                electrons and protons''
##              Phys.Plasmas, Vol. 11, No. 2, 2004
708134
e(-)+C_2->e(-)+C_2(+)+e(-)
11.41
3
 64  1  63
-1  +1  +1
2
   51
   1.1410E+01   1.0000E-30
   1.3066E+01   5.2841E-18
   1.4962E+01   3.1290E-17
   1.7134E+01   7.8672E-17
   1.9620E+01   1.3981E-16
   2.2468E+01   2.0598E-16
   2.5728E+01   2.7012E-16
   2.9462E+01   3.2740E-16
   3.3738E+01   3.7510E-16
   3.8634E+01   4.1209E-16
   4.4241E+01   4.3835E-16
   5.0662E+01   4.5459E-16
   5.8015E+01   4.6188E-16
   6.6434E+01   4.6152E-16
   7.6076E+01   4.5480E-16
   8.7116E+01   4.4298E-16
   9.9759E+01   4.2721E-16
   1.1424E+02   4.0851E-16
   1.3082E+02   3.8776E-16
   1.4980E+02   3.6570E-16
   1.7154E+02   3.4296E-16
   1.9644E+02   3.2003E-16
   2.2495E+02   2.9732E-16
   2.5759E+02   2.7513E-16
   2.9498E+02   2.5369E-16
   3.3779E+02   2.3319E-16
   3.8681E+02   2.1373E-16
   4.4295E+02   1.9538E-16
   5.0723E+02   1.7819E-16
   5.8084E+02   1.6217E-16
   6.6514E+02   1.4730E-16
   7.6167E+02   1.3356E-16
   8.7221E+02   1.2090E-16
   9.9880E+02   1.0928E-16
   1.1438E+03   9.8638E-17
   1.3097E+03   8.8921E-17
   1.4998E+03   8.0068E-17
   1.7175E+03   7.2019E-17
   1.9667E+03   6.4713E-17
   2.2522E+03   5.8095E-17
   2.5790E+03   5.2108E-17
   2.9533E+03   4.6700E-17
   3.3819E+03   4.1822E-17
   3.8728E+03   3.7427E-17
   4.4348E+03   3.3471E-17
   5.0784E+03   2.9915E-17
   5.8154E+03   2.6721E-17
   6.6594E+03   2.3854E-17
   7.6259E+03   2.1284E-17
   8.7326E+03   1.8982E-17
   1.0000E+04   1.6920E-17
-1
0.0 0.0 0.0
