##equation:     e(-)+C_2->C+C+e(-)
##type:         dissociation
##Ref:          R. K. Janev and D. Reiter
##              ``Collision processes of C2,3Hy and C2,3Hy+ hydrocarbons with
##                electrons and protons''
##              Phys.Plasmas, Vol. 11, No. 2, 2004
708133
e(-)+C_2->C+C+e(-)
7.68
3
 64  1  60
-1   0  +2
4
   51
   7.6800E+00   1.0000E-30
   8.8645E+00   1.7578E-18
   1.0232E+01   1.0251E-17
   1.1810E+01   2.5399E-17
   1.3631E+01   4.4509E-17
   1.5733E+01   6.4701E-17
   1.8160E+01   8.3752E-17
   2.0961E+01   1.0025E-16
   2.4194E+01   1.1346E-16
   2.7925E+01   1.2317E-16
   3.2232E+01   1.2951E-16
   3.7203E+01   1.3278E-16
   4.2941E+01   1.3339E-16
   4.9564E+01   1.3181E-16
   5.7208E+01   1.2847E-16
   6.6032E+01   1.2377E-16
   7.6216E+01   1.1808E-16
   8.7971E+01   1.1171E-16
   1.0154E+02   1.0491E-16
   1.1720E+02   9.7910E-17
   1.3527E+02   9.0867E-17
   1.5614E+02   8.3919E-17
   1.8022E+02   7.7168E-17
   2.0802E+02   7.0687E-17
   2.4010E+02   6.4529E-17
   2.7713E+02   5.8726E-17
   3.1987E+02   5.3298E-17
   3.6920E+02   4.8252E-17
   4.2615E+02   4.3585E-17
   4.9187E+02   3.9289E-17
   5.6773E+02   3.5351E-17
   6.5530E+02   3.1755E-17
   7.5636E+02   2.8480E-17
   8.7302E+02   2.5507E-17
   1.0077E+03   2.2815E-17
   1.1631E+03   2.0383E-17
   1.3425E+03   1.8190E-17
   1.5495E+03   1.6216E-17
   1.7885E+03   1.4443E-17
   2.0643E+03   1.2853E-17
   2.3827E+03   1.1428E-17
   2.7502E+03   1.0154E-17
   3.1744E+03   9.0153E-18
   3.6640E+03   7.9990E-18
   4.2291E+03   7.0929E-18
   4.8813E+03   6.2856E-18
   5.6342E+03   5.5672E-18
   6.5031E+03   4.9283E-18
   7.5061E+03   4.3605E-18
   8.6638E+03   3.8564E-18
   1.0000E+04   3.4090E-18
-1
0.0 0.0 0.0
