# Equation:    e(-)+C_3->C_3(+)+2e(-)
# Type:         ionization
# Reference:    R. K. Janev and D. Reiter
#               Phys. Plasmas, Vol.11, No.2, February 2004
#
710121
e(-)+C_3->C_3(+)+2e(-)
12.60
 4
    65     1    66     1
    -1    -1     1     2
 2
 51
   1.2600E+01   1.0000E-30
   1.4400E+01   6.7768E-18
   1.6457E+01   3.9128E-17
   1.8808E+01   9.6508E-17
   2.1495E+01   1.6902E-16
   2.4566E+01   2.4631E-16
   2.8075E+01   3.2036E-16
   3.2086E+01   3.8595E-16
   3.6670E+01   4.4025E-16
   4.1909E+01   4.8218E-16
   4.7896E+01   5.1186E-16
   5.4738E+01   5.3014E-16
   6.2558E+01   5.3830E-16
   7.1495E+01   5.3777E-16
   8.1708E+01   5.3004E-16
   9.3381E+01   5.1650E-16
   1.0672E+02   4.9845E-16
   1.2197E+02   4.7704E-16
   1.3939E+02   4.5326E-16
   1.5931E+02   4.2795E-16
   1.8206E+02   4.0181E-16
   2.0807E+02   3.7542E-16
   2.3780E+02   3.4923E-16
   2.7177E+02   3.2360E-16
   3.1059E+02   2.9881E-16
   3.5496E+02   2.7505E-16
   4.0567E+02   2.5246E-16
   4.6363E+02   2.3113E-16
   5.2986E+02   2.1111E-16
   6.0556E+02   1.9242E-16
   6.9207E+02   1.7505E-16
   7.9094E+02   1.5896E-16
   9.0393E+02   1.4412E-16
   1.0331E+03   1.3047E-16
   1.1806E+03   1.1796E-16
   1.3493E+03   1.0651E-16
   1.5421E+03   9.6057E-17
   1.7624E+03   8.6540E-17
   2.0141E+03   7.7888E-17
   2.3019E+03   7.0037E-17
   2.6307E+03   6.2923E-17
   3.0065E+03   5.6487E-17
   3.4360E+03   5.0670E-17
   3.9269E+03   4.5421E-17
   4.4879E+03   4.0689E-17
   5.1291E+03   3.6428E-17
   5.8618E+03   3.2593E-17
   6.6992E+03   2.9147E-17
   7.6562E+03   2.6051E-17
   8.7500E+03   2.3273E-17
   1.0000E+04   2.0781E-17
-1
0.0  0.0  0.0
