# Equation:    e(-)+C_3->C_2(+)+C+2e(-)
# Type:         ionization
# Reference:    R. K. Janev and D. Reiter
#               Phys. Plasmas, Vol.11, No.2, February 2004
#
710122
e(-)+C_3->C_2(+)+C+2e(-)
19.02
 5
    65     1    63    60     1
    -1    -1     1     1     2
 2
 51
   1.9020E+01   1.0000E-30
   2.1559E+01   3.6700E-19
   2.4437E+01   3.0191E-18
   2.7699E+01   8.9264E-18
   3.1396E+01   1.7226E-17
   3.5587E+01   2.6079E-17
   4.0337E+01   3.4000E-17
   4.5722E+01   4.0299E-17
   5.1825E+01   4.4858E-17
   5.8743E+01   4.7837E-17
   6.6584E+01   4.9486E-17
   7.5472E+01   5.0059E-17
   8.5546E+01   4.9784E-17
   9.6965E+01   4.8854E-17
   1.0991E+02   4.7430E-17
   1.2458E+02   4.5642E-17
   1.4121E+02   4.3597E-17
   1.6006E+02   4.1382E-17
   1.8142E+02   3.9066E-17
   2.0564E+02   3.6705E-17
   2.3309E+02   3.4343E-17
   2.6421E+02   3.2014E-17
   2.9947E+02   2.9745E-17
   3.3945E+02   2.7555E-17
   3.8476E+02   2.5457E-17
   4.3612E+02   2.3463E-17
   4.9433E+02   2.1578E-17
   5.6032E+02   1.9804E-17
   6.3512E+02   1.8143E-17
   7.1989E+02   1.6594E-17
   8.1599E+02   1.5154E-17
   9.2491E+02   1.3819E-17
   1.0484E+03   1.2586E-17
   1.1883E+03   1.1449E-17
   1.3469E+03   1.0403E-17
   1.5267E+03   9.4432E-18
   1.7305E+03   8.5636E-18
   1.9615E+03   7.7590E-18
   2.2234E+03   7.0242E-18
   2.5201E+03   6.3541E-18
   2.8566E+03   5.7438E-18
   3.2379E+03   5.1885E-18
   3.6701E+03   4.6840E-18
   4.1600E+03   4.2260E-18
   4.7153E+03   3.8106E-18
   5.3447E+03   3.4342E-18
   6.0581E+03   3.0935E-18
   6.8668E+03   2.7852E-18
   7.7834E+03   2.5065E-18
   8.8223E+03   2.2547E-18
   1.0000E+04   2.0274E-18
-1
0.0  0.0  0.0
