# Equation:    e(-)+C_3->C(+)+C_2+2e(-)
# Type:         ionization
# Reference:    R. K. Janev and D. Reiter
#               Phys. Plasmas, Vol.11, No.2, February 2004
#
710123
e(-)+C_3->C(+)+C_2+2e(-)
18.88
 5
    65     1    61    64     1
    -1    -1     1     1     2
 2
 51
   1.8880E+01   1.0000E-30
   2.1403E+01   1.9797E-17
   2.4264E+01   3.0846E-17
   2.7507E+01   4.1258E-17
   3.1183E+01   5.0143E-17
   3.5351E+01   5.7202E-17
   4.0076E+01   6.2449E-17
   4.5432E+01   6.6041E-17
   5.1504E+01   6.8185E-17
   5.8388E+01   6.9100E-17
   6.6191E+01   6.8992E-17
   7.5038E+01   6.8051E-17
   8.5067E+01   6.6445E-17
   9.6437E+01   6.4321E-17
   1.0933E+02   6.1806E-17
   1.2394E+02   5.9009E-17
   1.4050E+02   5.6022E-17
   1.5928E+02   5.2921E-17
   1.8057E+02   4.9770E-17
   2.0470E+02   4.6620E-17
   2.3206E+02   4.3514E-17
   2.6308E+02   4.0483E-17
   2.9824E+02   3.7552E-17
   3.3810E+02   3.4741E-17
   3.8328E+02   3.2061E-17
   4.3451E+02   2.9523E-17
   4.9258E+02   2.7130E-17
   5.5842E+02   2.4884E-17
   6.3305E+02   2.2784E-17
   7.1766E+02   2.0829E-17
   8.1358E+02   1.9014E-17
   9.2232E+02   1.7333E-17
   1.0456E+03   1.5781E-17
   1.1853E+03   1.4352E-17
   1.3438E+03   1.3037E-17
   1.5234E+03   1.1832E-17
   1.7270E+03   1.0727E-17
   1.9578E+03   9.7176E-18
   2.2194E+03   8.7958E-18
   2.5161E+03   7.9553E-18
   2.8523E+03   7.1900E-18
   3.2336E+03   6.4940E-18
   3.6657E+03   5.8616E-18
   4.1557E+03   5.2877E-18
   4.7111E+03   4.7673E-18
   5.3407E+03   4.2958E-18
   6.0545E+03   3.8691E-18
   6.8637E+03   3.4830E-18
   7.7811E+03   3.1341E-18
   8.8210E+03   2.8189E-18
   1.0000E+04   2.5344E-18
-1
0.0  0.0  0.0
