#  e(-)+CO_2->e(-)+CO_2(v020+100)
#  Vibrational Excitation
#  from mtanaka
#  date: 2008/5/2
#
732001
e(-)+CO_2->e(-)+CO_2(v020+100)
0.167
3
 732 1 733
 -1  0 +1 
100
26
0.167     1.0e-20
0.2       0.6e-16
0.22      0.76e-16
0.25      0.8e-16
0.3       0.78e-16
0.5       0.64e-16
0.7       0.53e-16
1.0       0.44e-16
1.25      0.44e-16
1.5       0.44e-16
2.0       0.53e-16
2.5       0.84e-16
3.0       1.28e-16
3.2       1.57e-16
3.4       1.77e-16
3.55      1.78e-16
3.7       1.75e-16
3.9       1.6e-16
4.1       1.28e-16
4.5       0.88e-16
4.9       0.39e-16
5.2       0.33e-16
6.0       0.27e-16
8.0       0.25e-16
10.0      0.21e-16
20.0      1.0e-20
-1
0.0 0.0 0.0
