#  e(-)+CO_2->e(-)+CO_2(v010)
#  Vibrational Excitation
#  from mtanaka
#  date: 2008/5/2
#
732000
e(-)+CO_2->e(-)+CO_2(v010)
0.083
3
 732 1 733
 -1  0 +1 
100
35
0.083    1.0e-20
0.0844   0.85e-16
0.0862   1.16e-16
0.0932   1.85e-16
0.1035   2.3e-16
0.12     2.6e-16
0.1382   2.68e-16
0.1726   2.62e-16
0.207    2.48e-16
0.275    2.18e-16
0.345    1.93e-16
0.5      1.45e-16
0.7      1.1e-16
0.9      0.8e-16 
1.1      0.62e-16
1.4      0.46e-16
1.6      0.42e-16
1.8      0.44e-16
2.3      0.7e-16
2.6      0.93e-16
3.0      1.34e-16
3.2      1.58e-16 
3.4      1.75e-16
3.6      1.8e-16
3.8      1.79e-16
4.0      1.7e-16
4.2      1.52e-16
4.6      1.05e-16
5.1      0.57e-16
5.5      0.51e-16
6.0      0.5e-16
7.0      0.48e-16
8.0      0.45e-16
10.0     0.2e-16
20.0     1.0e-20
-1
0.0 0.0 0.0
