#  O3(-) in O_2
 11
 3816 3083
 300.0
   10
    0.00000E+00    0.00000E+00    6.84930E+19    1.77133E+18    1.77133E+18
    4.60500E+00    3.15905E+03    6.86004E+19    1.78422E+18    1.77623E+18
    5.35700E+00    3.67492E+03    6.86004E+19    1.78878E+18    1.77796E+18
    6.35100E+00    4.35681E+03    6.86004E+19    1.79586E+18    1.78065E+18
    7.67300E+00    5.22249E+03    6.80632E+19    1.80630E+18    1.78461E+18
    8.75900E+00    6.00871E+03    6.86004E+19    1.81798E+18    1.78905E+18
    9.99800E+00    6.85867E+03    6.86004E+19    1.83212E+18    1.79442E+18
    1.14100E+01    7.89167E+03    6.91645E+19    1.85247E+18    1.80216E+18
    1.25500E+01    8.75093E+03    6.97285E+19    1.87192E+18    1.80954E+18
    1.43200E+01    1.00621E+04    7.02657E+19    1.90534E+18    1.82224E+18
