#  O_2(+) in O_2
 6
 3802 3083
 300.0
   17
    0.00000E+00    0.00000E+00    6.01664E+19    1.55599E+18    1.55599E+18
    4.01400E+00    2.42694E+03    6.04618E+19    1.56238E+18    1.55870E+18
    5.70700E+00    3.39077E+03    5.94143E+19    1.56825E+18    1.56118E+18
    7.05000E+00    4.23794E+03    6.01127E+19    1.57536E+18    1.56420E+18
    1.15400E+01    6.85641E+03    5.94143E+19    1.60611E+18    1.57723E+18
    2.33400E+01    1.37858E+04    5.90651E+19    1.75744E+18    1.64135E+18
    2.50400E+01    1.49648E+04    5.97635E+19    1.79617E+18    1.65776E+18
    2.88300E+01    1.71291E+04    5.94143E+19    1.86883E+18    1.68855E+18
    3.09300E+01    1.81608E+04    5.87159E+19    1.90352E+18    1.70325E+18
    3.82100E+01    2.21788E+04    5.80444E+19    2.06838E+18    1.77310E+18
    4.39900E+01    2.53801E+04    5.76953E+19    2.22294E+18    1.83860E+18
    7.72600E+01    4.21681E+04    5.45795E+19    3.29766E+18    2.29399E+18
    1.26500E+02    6.55433E+04    5.18129E+19    5.55051E+18    3.24858E+18
    1.93000E+02    9.26377E+04    4.79988E+19    8.94821E+18    4.68829E+18
    2.55800E+02    1.14811E+05    4.48830E+19    1.21734E+19    6.05488E+18
    4.49300E+02    1.68955E+05    3.76040E+19    2.08199E+19    9.71865E+18
    5.54900E+02    1.91375E+05    3.44882E+19    2.42239E+19    1.11610E+19
