#  He(+) in He
 8
 21   20
 300.0
   15
    0.00000E+00    0.00000E+00    2.79344E+20    7.22423E+18    7.22423E+18
    6.44982E+00    1.80495E+04    2.79698E+20    7.42890E+18    7.31095E+18
    1.26516E+01    3.44886E+04    2.72460E+20    7.95216E+18    7.53267E+18
    2.05898E+01    5.46375E+04    2.65222E+20    9.00261E+18    7.97778E+18
    2.72877E+01    7.04351E+04    2.57985E+20    1.00990E+19    8.44236E+18
    3.03778E+01    7.70074E+04    2.53499E+20    1.05990E+19    8.65422E+18
    4.21588E+01    9.83822E+04    2.33361E+20    1.22949E+19    9.37282E+18
    5.39060E+01    1.22315E+05    2.26904E+20    1.48452E+19    1.04534E+19
    7.27961E+01    1.52070E+05    2.08898E+20    1.80692E+19    1.18195E+19
    9.83058E+01    1.94280E+05    1.97628E+20    2.39701E+19    1.43199E+19
    1.74445E+02    2.76753E+05    1.58648E+20    3.45030E+19    1.87830E+19
    3.50995E+02    4.39583E+05    1.25239E+20    6.15525E+19    3.02447E+19
    5.20114E+02    5.46517E+05    1.05076E+20    7.76802E+19    3.70785E+19
    8.05145E+02    6.61221E+05    8.21245E+19    8.78310E+19    4.13796E+19
    1.18013E+03    8.00000E+05    6.77894E+19    1.04622E+20    4.84943E+19
