#  N_2(+) in N_2
 4
 3801 3073
 300.0
   34
    0.00000E+00    0.00000E+00    5.02282E+19    1.29897E+18    1.29897E+18
    6.10600E+00    3.08497E+03    5.05236E+19    1.30652E+18    1.30217E+18
    6.86400E+00    3.45135E+03    5.02819E+19    1.30838E+18    1.30296E+18
    9.75100E+00    4.87942E+03    5.00402E+19    1.31768E+18    1.30690E+18
    1.03400E+01    5.17415E+03    5.00402E+19    1.32001E+18    1.30789E+18
    1.09600E+01    5.43141E+03    4.95567E+19    1.32193E+18    1.30870E+18
    1.16200E+01    5.84276E+03    5.02819E+19    1.32593E+18    1.31039E+18
    1.23200E+01    6.10538E+03    4.95567E+19    1.32798E+18    1.31126E+18
    1.38500E+01    6.79664E+03    4.90732E+19    1.33457E+18    1.31406E+18
    1.46900E+01    7.17334E+03    4.88315E+19    1.33843E+18    1.31569E+18
    2.08700E+01    1.01463E+04    4.86166E+19    1.37756E+18    1.33227E+18
    2.21200E+01    1.08550E+04    4.90732E+19    1.38977E+18    1.33745E+18
    2.34600E+01    1.14054E+04    4.86166E+19    1.39828E+18    1.34105E+18
    2.48700E+01    1.20909E+04    4.86166E+19    1.41058E+18    1.34626E+18
    2.63700E+01    1.28202E+04    4.86166E+19    1.42445E+18    1.35214E+18
    2.96500E+01    1.42715E+04    4.81331E+19    1.45291E+18    1.36420E+18
    3.74700E+01    1.77637E+04    4.74079E+19    1.53388E+18    1.39851E+18
    4.73500E+01    2.22187E+04    4.69244E+19    1.66273E+18    1.45311E+18
    5.98400E+01    2.76456E+04    4.61992E+19    1.85342E+18    1.53391E+18
    7.56200E+01    3.32906E+04    4.40235E+19    2.06511E+18    1.62361E+18
    1.52600E+02    6.02119E+04    3.94573E+19    3.54528E+18    2.25080E+18
    3.08000E+02    9.56345E+04    3.10501E+19    5.75831E+18    3.18852E+18
    3.46300E+02    1.03341E+05    2.98414E+19    6.30326E+18    3.41943E+18
    3.67200E+02    1.03364E+05    2.81493E+19    6.02161E+18    3.30009E+18
    4.12800E+02    1.13206E+05    2.74240E+19    6.81786E+18    3.63748E+18
    4.37600E+02    1.20008E+05    2.74240E+19    7.50090E+18    3.92691E+18
    4.64000E+02    1.19471E+05    2.57480E+19    7.06987E+18    3.74427E+18
    4.92000E+02    1.29046E+05    2.62288E+19    8.15767E+18    4.20520E+18
    5.21600E+02    1.30533E+05    2.50255E+19    7.99471E+18    4.13615E+18
    5.53100E+02    1.41075E+05    2.55062E+19    9.27019E+18    4.67660E+18
    5.86400E+02    1.41110E+05    2.40639E+19    8.82319E+18    4.48720E+18
    6.21700E+02    1.49605E+05    2.40639E+19    9.75634E+18    4.88260E+18
    6.59200E+02    1.52290E+05    2.31023E+19    9.71246E+18    4.86401E+18
    7.41100E+02    1.62293E+05    2.18989E+19    1.03563E+19    5.13683E+18
