#  O(-) in O_2
 7
 3814 3083
 300.0
   17
    0.00000E+00    0.00000E+00    8.59520E+19    2.22284E+18    2.22284E+18
    4.34500E+00    3.74045E+03    8.60863E+19    2.24233E+18    2.23306E+18
    5.02000E+00    4.33906E+03    8.64354E+19    2.24918E+18    2.23665E+18
    5.79900E+00    5.01239E+03    8.64354E+19    2.25798E+18    2.24127E+18
    7.20100E+00    6.15072E+03    8.54148E+19    2.27513E+18    2.25027E+18
    8.94100E+00    7.57449E+03    8.47164E+19    2.30150E+18    2.26409E+18
    1.19300E+01    1.02316E+04    8.57639E+19    2.36814E+18    2.29905E+18
    1.37900E+01    1.18268E+04    8.57639E+19    2.41698E+18    2.32466E+18
    1.59300E+01    1.37135E+04    8.60863E+19    2.48484E+18    2.36025E+18
    1.97700E+01    1.74281E+04    8.81545E+19    2.65616E+18    2.45011E+18
    2.83700E+01    2.53066E+04    8.92020E+19    3.14734E+18    2.70772E+18
    3.52200E+01    3.26184E+04    9.26132E+19    3.81748E+18    3.05919E+18
    4.37400E+01    4.27648E+04    9.77704E+19    5.11647E+18    3.74048E+18
    7.79000E+01    9.14167E+04    1.17351E+20    1.80938E+19    1.05467E+19
    1.11700E+02    1.45273E+05    1.30056E+20    4.66411E+19    2.55191E+19
    1.40200E+02    1.78008E+05    1.26967E+20    6.73307E+19    3.63703E+19
    1.79200E+02    2.20161E+05    1.22858E+20    9.85936E+19    5.27669E+19
