#  Ar(+) in Ar
 1
 181   180
 296.0
   72
    0.00000E+00    0.00000E+00    4.12301E+19    1.05205E+18    1.05205E+18
    7.31321E+00    2.98381E+03    4.08003E+19    1.06019E+18    1.05550E+18
    9.80750E+00    4.02257E+03    4.10152E+19    1.06692E+18    1.05835E+18
    1.23018E+01    4.99274E+03    4.05854E+19    1.07472E+18    1.06166E+18
    1.47933E+01    5.96815E+03    4.03437E+19    1.08425E+18    1.06569E+18
    1.72876E+01    6.93730E+03    4.01288E+19    1.09532E+18    1.07039E+18
    1.97819E+01    8.07106E+03    4.08003E+19    1.11160E+18    1.07728E+18
    2.22762E+01    8.89129E+03    3.99139E+19    1.12275E+18    1.08201E+18
    2.47676E+01    9.93896E+03    4.01288E+19    1.14086E+18    1.08968E+18
    2.97506E+01    1.18107E+04    3.96991E+19    1.17612E+18    1.10462E+18
    3.22392E+01    1.27987E+04    3.96991E+19    1.19775E+18    1.11379E+18
    3.72448E+01    1.43657E+04    3.85709E+19    1.23039E+18    1.12762E+18
    4.71993E+01    1.80024E+04    3.81412E+19    1.32899E+18    1.16940E+18
    4.97162E+01    1.88422E+04    3.78994E+19    1.35351E+18    1.17979E+18
    5.22049E+01    1.99116E+04    3.81412E+19    1.39085E+18    1.19561E+18
    5.71822E+01    2.12877E+04    3.72279E+19    1.43003E+18    1.21221E+18
    5.96708E+01    2.23585E+04    3.74697E+19    1.47171E+18    1.22987E+18
    6.21594E+01    2.32909E+04    3.74697E+19    1.50745E+18    1.24502E+18
    6.71650E+01    2.44088E+04    3.63416E+19    1.53715E+18    1.25760E+18
    7.46309E+01    2.68013E+04    3.59118E+19    1.63000E+18    1.29694E+18
    8.21251E+01    2.87426E+04    3.49986E+19    1.69985E+18    1.32654E+18
    8.71024E+01    3.08823E+04    3.54552E+19    1.80964E+18    1.37307E+18
    9.45966E+01    3.33361E+04    3.52403E+19    1.92947E+18    1.42384E+18
    1.02063E+02    3.57204E+04    3.49986E+19    2.05256E+18    1.47599E+18
    1.04551E+02    3.54400E+04    3.38973E+19    2.00592E+18    1.45623E+18
    1.07040E+02    3.57948E+04    3.34407E+19    2.01201E+18    1.45881E+18
    1.29494E+02    4.24690E+04    3.27960E+19    2.37731E+18    1.61360E+18
    1.34471E+02    4.37762E+04    3.25543E+19    2.44978E+18    1.64431E+18
    1.36960E+02    4.42921E+04    3.23394E+19    2.47347E+18    1.65435E+18
    1.51948E+02    4.64456E+04    3.05667E+19    2.52937E+18    1.67803E+18
    1.54437E+02    4.65011E+04    3.01100E+19    2.51078E+18    1.67016E+18
    1.66909E+02    4.98976E+04    2.98952E+19    2.71967E+18    1.75867E+18
    2.14278E+02    5.92816E+04    2.76658E+19    3.23036E+18    1.97506E+18
    2.46630E+02    6.89800E+04    2.79690E+19    4.04794E+18    2.32969E+18
    2.61024E+02    7.05800E+04    2.70396E+19    4.08414E+18    2.34503E+18
    2.92415E+02    7.91700E+04    2.70745E+19    4.86832E+18    2.67731E+18
    3.09383E+02    7.91700E+04    2.55896E+19    4.65980E+18    2.58895E+18
    3.27482E+02    8.38400E+04    2.56014E+19    5.09810E+18    2.77467E+18
    3.46430E+02    8.67800E+04    2.50498E+19    5.29276E+18    2.85715E+18
    3.66792E+02    8.98200E+04    2.44880E+19    5.49252E+18    2.94180E+18
    3.88284E+02    9.19100E+04    2.36708E+19    5.54623E+18    2.96456E+18
    4.10908E+02    9.62300E+04    2.34188E+19    5.92500E+18    3.12505E+18
    4.34664E+02    9.62300E+04    2.21390E+19    5.65946E+18    3.01254E+18
    4.60116E+02    1.03100E+05    2.24074E+19    6.40263E+18    3.32744E+18
    4.86982E+02    1.04300E+05    2.14176E+19    6.28634E+18    3.27816E+18
    5.15262E+02    1.10400E+05    2.14260E+19    6.91707E+18    3.54542E+18
    5.45521E+02    1.14300E+05    2.09524E+19    7.19913E+18    3.66494E+18
    5.77195E+02    1.17000E+05    2.02705E+19    7.28313E+18    3.70053E+18
    6.10848E+02    1.22500E+05    2.00541E+19    7.80862E+18    3.92320E+18
    6.46481E+02    1.23900E+05    1.91653E+19    7.65792E+18    3.85934E+18
    6.84376E+02    1.28200E+05    1.87324E+19    7.96399E+18    3.98903E+18
    7.24251E+02    1.34200E+05    1.85295E+19    8.54288E+18    4.23432E+18
    8.11070E+02    1.43800E+05    1.77297E+19    9.28026E+18    4.54677E+18
    8.58581E+02    1.47100E+05    1.71329E+19    9.37229E+18    4.58577E+18
    9.08636E+02    1.48800E+05    1.63762E+19    9.18999E+18    4.50852E+18
    9.61520E+02    1.57600E+05    1.63907E+19    1.01874E+19    4.93114E+18
    1.01780E+03    1.61300E+05    1.58480E+19    1.03043E+19    4.98068E+18
    1.07719E+03    1.65000E+05    1.53177E+19    1.04095E+19    5.02527E+18
    1.13997E+03    1.68900E+05    1.48162E+19    1.05359E+19    5.07882E+18
    1.20642E+03    1.72800E+05    1.43233E+19    1.06485E+19    5.12654E+18
    1.27684E+03    1.83000E+05    1.43322E+19    1.18198E+19    5.62286E+18
    1.35122E+03    1.83000E+05    1.35433E+19    1.12279E+19    5.37205E+18
    1.43012E+03    1.91600E+05    1.33975E+19    1.20855E+19    5.73542E+18
    1.51355E+03    1.93800E+05    1.28044E+19    1.18409E+19    5.63179E+18
    1.60178E+03    2.00600E+05    1.25236E+19    1.23571E+19    5.85052E+18
    1.69510E+03    2.14900E+05    1.26777E+19    1.41837E+19    6.62451E+18
    1.79408E+03    2.12400E+05    1.18389E+19    1.30325E+19    6.13670E+18
    1.89872E+03    2.22400E+05    1.17132E+19    1.40464E+19    6.56633E+18
    2.00958E+03    2.30200E+05    1.14551E+19    1.46665E+19    6.82910E+18
    2.12666E+03    2.35600E+05    1.10784E+19    1.48436E+19    6.90412E+18
    2.25081E+03    2.41000E+05    1.07073E+19    1.49994E+19    6.97015E+18
    2.38202E+03    2.46600E+05    1.03525E+19    1.51711E+19    7.04291E+18
