#  N(+) in N_2
 5
 3813 3073
 300.0
   30
    0.00000E+00    0.00000E+00    7.97742E+19    2.06307E+18    2.06307E+18
    9.61600E+00    7.69175E+03    7.99890E+19    2.13009E+18    2.09822E+18
    1.01900E+01    8.15088E+03    7.99890E+19    2.13832E+18    2.10254E+18
    1.36400E+01    1.08152E+04    7.92907E+19    2.19440E+18    2.13195E+18
    1.44600E+01    1.15353E+04    7.97742E+19    2.21339E+18    2.14191E+18
    1.53300E+01    1.21923E+04    7.95324E+19    2.23049E+18    2.15088E+18
    1.72300E+01    1.37034E+04    7.95324E+19    2.27456E+18    2.17399E+18
    1.82600E+01    1.45226E+04    7.95324E+19    2.30060E+18    2.18765E+18
    2.05200E+01    1.62704E+04    7.92907E+19    2.36030E+18    2.21896E+18
    2.17600E+01    1.74056E+04    7.99890E+19    2.40622E+18    2.24305E+18
    2.30600E+01    1.81729E+04    7.88072E+19    2.43162E+18    2.25637E+18
    2.74700E+01    2.17812E+04    7.92907E+19    2.59574E+18    2.34244E+18
    2.91200E+01    2.32302E+04    7.97742E+19    2.67267E+18    2.38279E+18
    3.46900E+01    2.74221E+04    7.90489E+19    2.90479E+18    2.50454E+18
    3.67700E+01    2.91552E+04    7.92907E+19    3.01746E+18    2.56363E+18
    4.64300E+01    3.65902E+04    7.88072E+19    3.55713E+18    2.84667E+18
    5.21800E+01    4.03928E+04    7.74105E+19    3.85153E+18    3.00108E+18
    5.86300E+01    4.59369E+04    7.83506E+19    4.40427E+18    3.29097E+18
    6.58900E+01    5.10058E+04    7.74105E+19    4.91481E+18    3.55874E+18
    7.40400E+01    5.76528E+04    7.78671E+19    5.72801E+18    3.98524E+18
    9.34900E+01    7.14671E+04    7.64435E+19    7.59178E+18    4.96275E+18
    1.18100E+02    9.00260E+04    7.62286E+19    1.08114E+19    6.65137E+18
    1.88200E+02    1.43867E+05    7.64435E+19    2.44674E+19    1.38136E+19
    2.83100E+02    2.19757E+05    7.76254E+19    5.51469E+19    2.99042E+19
    3.00100E+02    2.30858E+05    7.69270E+19    6.01181E+19    3.25115E+19
    3.18200E+02    2.42560E+05    7.62286E+19    6.55708E+19    3.53713E+19
    3.79000E+02    2.84427E+05    7.50468E+19    8.80330E+19    4.71522E+19
    4.25900E+02    3.18595E+05    7.48051E+19    1.09581E+20    5.84534E+19
    4.78600E+02    3.56860E+05    7.45633E+19    1.36523E+20    7.25840E+19
    5.37800E+02    3.99702E+05    7.43216E+19    1.70198E+20    9.02457E+19
