#  N_3(+) in N_2
 10
 3811 3073
 300.0
   25
    0.00000E+00    0.00000E+00    6.25838E+19    1.61851E+18    1.61851E+18
    2.21800E+00    1.41134E+03    6.36313E+19    1.62065E+18    1.61927E+18
    2.85900E+00    1.80847E+03    6.32553E+19    1.62201E+18    1.61975E+18
    3.11100E+00    1.93361E+03    6.21540E+19    1.62245E+18    1.61991E+18
    3.68400E+00    2.31647E+03    6.28792E+19    1.62423E+18    1.62054E+18
    4.00900E+00    2.47668E+03    6.17780E+19    1.62493E+18    1.62079E+18
    4.36300E+00    2.69537E+03    6.17780E+19    1.62611E+18    1.62121E+18
    4.74800E+00    2.96893E+03    6.25301E+19    1.62785E+18    1.62183E+18
    5.16700E+00    3.19207E+03    6.17780E+19    1.62918E+18    1.62230E+18
    5.62300E+00    3.51606E+03    6.25301E+19    1.63161E+18    1.62316E+18
    7.88700E+00    4.90209E+03    6.21540E+19    1.64383E+18    1.62751E+18
    8.58200E+00    5.36633E+03    6.25301E+19    1.64904E+18    1.62936E+18
    9.34000E+00    5.77006E+03    6.17780E+19    1.65338E+18    1.63090E+18
    1.01600E+01    6.31485E+03    6.21540E+19    1.66053E+18    1.63344E+18
    1.10600E+01    6.91582E+03    6.25301E+19    1.66921E+18    1.63653E+18
    1.20400E+01    7.48334E+03    6.21540E+19    1.67752E+18    1.63948E+18
    1.31000E+01    8.19144E+03    6.25301E+19    1.68964E+18    1.64379E+18
    1.42500E+01    8.96029E+03    6.28792E+19    1.70410E+18    1.64893E+18
    1.55100E+01    9.75257E+03    6.28792E+19    1.71990E+18    1.65455E+18
    1.99900E+01    1.24246E+04    6.21540E+19    1.78118E+18    1.67633E+18
    2.17600E+01    1.38462E+04    6.36313E+19    1.82534E+18    1.69202E+18
    2.36800E+01    1.48071E+04    6.25301E+19    1.85095E+18    1.70113E+18
    3.05100E+01    1.94139E+04    6.36313E+19    2.02512E+18    1.76304E+18
    3.32100E+01    2.12568E+04    6.40074E+19    2.10886E+18    1.79280E+18
    3.93300E+01    2.53220E+04    6.43834E+19    2.31844E+18    1.86730E+18
