#  H_3(+) in H_2
 3
 19   14
 302.0
   26
    0.00000E+00    0.00000E+00    2.98146E+20    7.76188E+18    7.76188E+18
    3.00000E+01    8.95243E+04    2.98414E+20    1.05778E+19    8.83175E+18
    3.22600E+01    9.67018E+04    2.99757E+20    1.10622E+19    9.01580E+18
    4.98400E+01    1.54888E+05    3.10770E+20    1.65397E+19    1.10969E+19
    5.35900E+01    1.69133E+05    3.15605E+20    1.83914E+19    1.18005E+19
    5.76200E+01    1.86030E+05    3.22857E+20    2.09169E+19    1.27600E+19
    6.19600E+01    2.04536E+05    3.30109E+20    2.40215E+19    1.39396E+19
    6.66200E+01    2.26361E+05    3.39779E+20    2.82600E+19    1.55499E+19
    7.16300E+01    2.50502E+05    3.49717E+20    3.35997E+19    1.75787E+19
    7.70100E+01    2.77591E+05    3.60461E+20    4.04647E+19    2.01870E+19
    8.28000E+01    3.05579E+05    3.69056E+20    4.83364E+19    2.31777E+19
    8.90300E+01    3.40528E+05    3.82486E+20    5.99817E+19    2.76023E+19
    9.57300E+01    3.79011E+05    3.95916E+20    7.47228E+19    3.32030E+19
    1.02900E+02    4.18453E+05    4.06660E+20    9.16000E+19    3.96153E+19
    1.10700E+02    4.59688E+05    4.15255E+20    1.11075E+20    4.70147E+19
    1.27900E+02    5.46571E+05    4.27342E+20    1.58071E+20    6.48701E+19
    1.37600E+02    5.91350E+05    4.29760E+20    1.84703E+20    7.49889E+19
    1.47900E+02    6.37601E+05    4.31103E+20    2.14107E+20    8.61605E+19
    1.71000E+02    7.33052E+05    4.28685E+20    2.78983E+20    1.10810E+20
    1.97700E+02    8.20960E+05    4.15255E+20    3.37277E+20    1.32957E+20
    2.12500E+02    8.59016E+05    4.04243E+20    3.58967E+20    1.41198E+20
    2.45700E+02    9.48348E+05    3.85978E+20    4.16470E+20    1.63046E+20
    2.64200E+02    1.00414E+06    3.80069E+20    4.58961E+20    1.79190E+20
    3.28400E+02    1.21639E+06    3.70399E+20    6.53018E+20    2.52920E+20
    3.53100E+02    1.30314E+06    3.69056E+20    7.45647E+20    2.88113E+20
    4.08200E+02    1.52622E+06    3.73891E+20    1.03317E+21    3.97355E+20
