# H(+) in H_2
 2
 11   14
 302.0
   27
    0.00000E+00    0.00000E+00    4.21702E+20    1.09785E+19    1.09785E+19
    2.10500E+01    8.82028E+04    4.19016E+20    1.42757E+19    1.27078E+19
    2.61500E+01    1.08940E+05    4.16598E+20    1.59793E+19    1.36013E+19
    2.81100E+01    1.16049E+05    4.12838E+20    1.66020E+19    1.39279E+19
    3.49200E+01    1.42944E+05    4.09346E+20    1.94384E+19    1.54155E+19
    4.03500E+01    1.63220E+05    4.04511E+20    2.18784E+19    1.66952E+19
    5.38900E+01    2.10754E+05    3.91081E+20    2.85481E+19    2.01933E+19
    5.79300E+01    2.25153E+05    3.88664E+20    3.09070E+19    2.14305E+19
    6.22700E+01    2.39679E+05    3.84904E+20    3.33429E+19    2.27081E+19
    6.69400E+01    2.54418E+05    3.80069E+20    3.58614E+19    2.40290E+19
    7.19600E+01    2.71758E+05    3.77651E+20    3.91883E+19    2.57738E+19
    7.73600E+01    2.88411E+05    3.72817E+20    4.23447E+19    2.74293E+19
    8.31600E+01    3.09141E+05    3.71742E+20    4.69119E+19    2.98247E+19
    8.94000E+01    3.28976E+05    3.67982E+20    5.12593E+19    3.21048E+19
    9.61000E+01    3.48984E+05    3.63147E+20    5.57125E+19    3.44404E+19
    1.11100E+02    3.98085E+05    3.58312E+20    6.84108E+19    4.11004E+19
    1.38000E+02    4.84463E+05    3.51060E+20    9.43170E+19    5.46875E+19
    1.48300E+02    5.18630E+05    3.49717E+20    1.06121E+20    6.08786E+19
    1.98100E+02    6.83212E+05    3.44882E+20    1.73805E+20    9.63770E+19
    2.12900E+02    7.31967E+05    3.43808E+20    1.97291E+20    1.08695E+20
    2.28900E+02    7.86976E+05    3.43808E+20    2.26347E+20    1.23934E+20
    2.46000E+02    8.45767E+05    3.43808E+20    2.59727E+20    1.41441E+20
    2.64500E+02    9.12214E+05    3.44882E+20    3.01252E+20    1.63220E+20
    2.84300E+02    9.87373E+05    3.47300E+20    3.53439E+20    1.90591E+20
    3.28600E+02    1.17300E+06    3.56969E+20    5.07766E+20    2.71532E+20
    3.53200E+02    1.28643E+06    3.64221E+20    6.20630E+20    3.30726E+20
    4.08200E+02    1.51745E+06    3.71742E+20    8.76774E+20    4.65067E+20
