#  Ar_2(+) in Ar
 12
 188   180
 296.0
   25
    0.00000E+00    0.00000E+00    4.92344E+19    1.25629E+18    1.25629E+18
    3.37098E+00    1.65787E+03    4.91806E+19    1.25956E+18    1.25746E+18
    6.65711E+00    3.29547E+03    4.95030E+19    1.26930E+18    1.26092E+18
    9.94042E+00    4.92080E+03    4.95030E+19    1.28529E+18    1.26660E+18
    1.32266E+01    6.46583E+03    4.88852E+19    1.30573E+18    1.27387E+18
    1.65099E+01    8.17287E+03    4.95030E+19    1.33628E+18    1.28473E+18
    1.97960E+01    9.85810E+03    4.97984E+19    1.37336E+18    1.29791E+18
    2.30821E+01    1.13519E+04    4.91806E+19    1.40961E+18    1.31079E+18
    2.96374E+01    1.48545E+04    5.01207E+19    1.52383E+18    1.35139E+18
    3.62267E+01    1.80403E+04    4.97984E+19    1.64835E+18    1.39565E+18
    3.95072E+01    1.94299E+04    4.91806E+19    1.70543E+18    1.41594E+18
    4.93486E+01    2.48797E+04    5.04162E+19    2.01122E+18    1.52463E+18
    5.26574E+01    2.60670E+04    4.95030E+19    2.06998E+18    1.54552E+18
    5.92183E+01    2.96807E+04    5.01207E+19    2.32439E+18    1.63595E+18
    6.57793E+01    3.33754E+04    5.07385E+19    2.62351E+18    1.74227E+18
    7.56490E+01    3.86067E+04    5.10340E+19    3.09634E+18    1.91034E+18
    8.22100E+01    4.17121E+04    5.07385E+19    3.39183E+18    2.01537E+18
    8.87709E+01    4.61379E+04    5.19741E+19    3.93267E+18    2.20761E+18
    9.53319E+01    4.95479E+04    5.19741E+19    4.34290E+18    2.35343E+18
    1.01921E+02    5.32737E+04    5.22695E+19    4.84484E+18    2.53184E+18
    1.05202E+02    5.49884E+04    5.22695E+19    5.07957E+18    2.61528E+18
    1.28193E+02    6.74192E+04    5.25919E+19    7.03899E+18    3.31175E+18
    1.34754E+02    6.92048E+04    5.13563E+19    7.20620E+18    3.37119E+18
    1.67616E+02    8.29747E+04    4.95030E+19    9.50084E+18    4.18682E+18
    1.70896E+02    8.45986E+04    4.95030E+19    9.82671E+18    4.30265E+18
