##eqation:     e+Si_2H_6->Si_2H(+)+2H_2+H+e+e
##
##unit:        eV, cm2
##date:        2020/03/20
##
##ref.auth:    E. Krishnakumar and S.K. Srivastava
##ref.journal: Contrib. Plasma Phys. 35, 395 1995
##ref.tiyle: Ionization Cross Section of Silane and Disilane by Electron Impact
##ref.table: Table 3.
510023
e(-)+Si_2H_6->Si_2H(+)+2H_2+H+e(-)+e(-)
15.0
5
521   1  1011  14  10
 -1  +1   +1   +2  +1
255
54
  15.0   1.0e-30
  16.0   6.9000E-19
  17.0   1.2800E-18
  18.0   2.9500E-18
  19.0   6.5900E-18
  20.0   1.1800E-17
  22.0   3.5900E-17
  24.0   6.5900E-17
  26.0   9.7400E-17
  28.0   1.2200E-16
  30.0   1.3880E-16
  32.0   1.5010E-16
  34.0   1.5330E-16
  36.0   1.5040E-16
  38.0   1.4470E-16
  40.0   1.3580E-16
  45.0   1.1910E-16
  50.0   1.0880E-16
  55.0   9.9400E-17
  60.0   9.1500E-17
  65.0   8.5600E-17
  70.0   8.1900E-17
  75.0   7.7600E-17
  80.0   7.4500E-17
  85.0   7.1500E-17
  90.0   6.8700E-17
  95.0   6.5500E-17
 100.0   6.3000E-17
 110.0   5.9000E-17
 120.0   5.4100E-17
 130.0   5.0200E-17
 140.0   4.6600E-17
 150.0   4.3500E-17
 160.0   4.0600E-17
 170.0   3.7900E-17
 180.0   3.5600E-17
 190.0   3.4100E-17
 200.0   3.2500E-17
 250.0   2.6400E-17
 300.0   2.1600E-17
 350.0   1.8600E-17
 400.0   1.5900E-17
 450.0   1.1900E-17
 500.0   1.2600E-17
 550.0   1.1400E-17
 600.0   1.0500E-17
 650.0   9.5400E-18
 700.0   8.8300E-18
 750.0   8.2100E-18
 800.0   7.6400E-18
 850.0   7.1400E-18
 900.0   6.7000E-18
 950.0   6.3100E-18
1000.0   5.9700E-18
-1
0.00E+00  0.00E+00  0.00E+00
