##eqation:     e+Si_2H_6->Si_2H_5(+)+H+e+e
##
##unit:        eV, cm2
##date:        2020/03/20
##
##ref.auth:    E. Krishnakumar and S.K. Srivastava
##ref.journal: Contrib. Plasma Phys. 35, 395 1995
##ref.tiyle: Ionization Cross Section of Silane and Disilane by Electron Impact
##ref.table: Table 3.
510020
e(-)+Si_2H_6->Si_2H_5(+)+H+e(-)+e(-)
11.7
4
521   1  1005   10 
 -1  +1   +1    +1
255
58
  11.7   1.0e-30
  12.0   1.4800E-18
  13.0   5.4100E-18
  14.0   1.4800E-17
  15.0   2.4600E-17
  16.0   3.3300E-17
  17.0   4.0800E-17
  18.0   4.6600E-17
  19.0   5.0500E-17
  20.0   5.4100E-17
  22.0   5.8000E-17
  24.0   5.9500E-17
  26.0   6.0700E-17
  28.0   6.1200E-17
  30.0   6.2000E-17
  32.0   6.2900E-17
  34.0   6.3700E-17
  36.0   6.3800E-17
  38.0   6.4200E-17
  40.0   6.4800E-17
  45.0   6.5900E-17
  50.0   6.7100E-17
  55.0   6.8700E-17
  60.0   6.9400E-17
  65.0   6.9700E-17
  70.0   7.0200E-17
  75.0   7.0300E-17
  80.0   7.0600E-17
  85.0   7.0100E-17
  90.0   6.9900E-17
  95.0   6.9400E-17
 100.0   6.8900E-17
 110.0   6.7400E-17
 120.0   6.5900E-17
 130.0   6.4700E-17
 140.0   6.3000E-17
 150.0   6.1800E-17
 160.0   6.0000E-17
 170.0   5.8200E-17
 180.0   5.7100E-17
 190.0   5.5900E-17
 200.0   5.4700E-17
 250.0   4.9200E-17
 300.0   4.5100E-17
 350.0   4.2200E-17
 400.0   3.9400E-17
 450.0   3.6400E-17
 500.0   3.4100E-17
 550.0   3.2500E-17
 600.0   3.1100E-17
 650.0   2.9800E-17
 700.0   2.8600E-17
 750.0   2.7100E-17
 800.0   2.6200E-17
 850.0   2.5200E-17
 900.0   2.4300E-17
 950.0   2.3500E-17
1000.0   2.2800E-17
-1
0.00E+00  0.00E+00  0.00E+00
