##eqation:     e+SiH_4->SiH_4(v24)+e->SiH_4+e
##type:        excitation v24
##unit:        eV, cm2
##date:        1999/11/11
##method:      digitalize from scanned figure
##
##ref.auth:    M. Kurachi and Y. Nakamura
##ref.title:   Electron collision cross sections for the monosilane molecule
##ref.journal: J. Phys. D: Appl. Phys. 22 (1989) 107-112
##ref.fig:     Figure 2
##ref.range:   0.1eV - 46eV
##
##extrapolation: 46eV -
510004
e(-)+SiH_4->SiH_4(v24)+e(-)->SiH_4+e(-)
0.11822
2
510   1
  0   0
100
82
   0.11822 1.0000e-30
   0.11935 1.7809e-17
   0.12053 3.5242e-17
   0.12171 6.6668e-17
   0.12281 1.0223e-16
   0.12393 1.6033e-16
   0.12507 2.5524e-16
   0.13408 3.5766e-16
   0.14254 3.9129e-16
   0.15383 4.0923e-16
     0.166 4.1535e-16
   0.17777 4.1842e-16
   0.19326 4.0597e-16
   0.21333 3.9095e-16
   0.23545 3.6535e-16
   0.25593 3.3636e-16
   0.27193 3.1201e-16
   0.29557 2.8297e-16
     0.314 2.5473e-16
   0.35993  2.225e-16
   0.38533 2.0485e-16
   0.43181 1.9143e-16
   0.47299 1.8025e-16
   0.53009 1.7227e-16
   0.61249 1.6965e-16
    0.6813 1.6709e-16
   0.82401 1.6702e-16
   0.93074 1.7077e-16
    1.0922 1.8401e-16
     1.161 1.9391e-16
    1.2626 2.0741e-16
     1.332 2.2354e-16
    1.4268 2.4639e-16
    1.5287 2.8623e-16
    1.6376 3.1787e-16
    1.7015  3.426e-16
    1.7682 3.8336e-16
    1.8801 4.4535e-16
    1.9685  4.946e-16
    2.0611 5.4521e-16
    2.1415 5.7887e-16
    2.2593 6.3332e-16
    2.4569 6.6733e-16
    2.5717 6.6727e-16
    2.7123 6.6719e-16
    2.9256  5.961e-16
    3.0846 5.3662e-16
    3.2032 4.9039e-16
    3.4024 4.1887e-16
    3.5876 3.8566e-16
    3.8405 3.4716e-16
    4.1105 2.9653e-16
    4.3666   2.61e-16
    4.5691 2.3673e-16
     4.781 2.1633e-16
    5.1178 1.9184e-16
    5.4375 1.7662e-16
    5.8651  1.578e-16
     6.521 1.3579e-16
    6.9285 1.2596e-16
    7.4173  1.151e-16
    8.1237 1.0439e-16
    8.9653 9.4671e-17
    9.5255 8.7818e-17
    10.674  8.024e-17
    12.327 6.7505e-17
    13.603 6.0309e-17
    14.898 5.4287e-17
    16.818 4.6364e-17
    18.987 4.0803e-17
    20.951 3.5642e-17
    22.428 3.2085e-17
    24.377 2.8665e-17
    26.292  2.523e-17
    29.014 2.2372e-17
    32.501 1.8542e-17
    35.322 1.6198e-17
    37.808 1.4044e-17
    40.167 1.2738e-17
    43.984 1.0879e-17
    46.025 1.0017e-17
    140.0  1.0e-18
-1
0.00E+00  0.00E+00  0.00E+00
