##eqation:     e+SiH_4->SiH_3(+)+H+e+e
##type:        ionization
##unit:        eV, cm2
##date:        1999/11/11
##method:      numerial table
##
##ref.auth:    E. Krishnakumar and S. K. Srivastava
##ref.title:   Ionization Cross Sections of Silane 
##             and Disilane by Electron Impact
##ref.journal: Contrib. Plasma Phys. 35 (1995) 6, 395-404
##ref.table:   Table 1
##ref.range:   13eV - 1000eV
510001
e(-)+SiH_4->SiH_3(+)+H+e(-)+e(-)
13.0
4
510   1 516  10
 -1  +1  +1  +1
255
  56
13.0     1.00e-30
14.0     10.4e-18
15.0     71.8e-18
16.0     47.6e-18
17.0     63.9e-18
18.0     80.6e-18
19.0     93.8e-18
20.0    101.7e-18
22.0    110.0e-18
24.0    113.9e-18
26.0    116.1e-18
28.0    117.2e-18
30.0    117.9e-18
32.0    117.9e-18
34.0    117.2e-18
36.0    116.9e-18
38.0    116.7e-18
40.0    116.9e-18
45.0    118.9e-18
50.0    120.1e-18
55.0    120.9e-18
60.0    121.5e-18
65.0    121.6e-18
70.0    121.5e-18
75.0    120.8e-18
80.0    119.8e-18
85.0    118.9e-18
90.0    118.1e-18
95.0    116.9e-18
100.0   116.0e-18
110.0   113.7e-18
120.0   110.9e-18
130.0   108.1e-18
140.0   105.3e-18
150.0   102.3e-18
160.0    99.9e-18
170.0    97.2e-18
180.0    94.5e-18
190.0    92.3e-18
200.0    90.0e-18
250.0    81.1e-18
300.0    73.5e-18
350.0    67.3e-18
400.0    61.4e-18
450.0    56.8e-18
500.0    53.2e-18
550.0    49.9e-18
600.0    46.8e-18
650.0    43.6e-18
700.0    40.8e-18
750.0    38.1e-18
800.0    35.9e-18
850.0    34.1e-18
900.0    32.4e-18
950.0    30.8e-18
1000.0   29.2e-18
-1
0.00E+00  0.00E+00  0.00E+00
