##eqation:     e+Si_2H_6->Si_2H_6(+)+e+e
##
##unit:        eV, cm2
##date:        2020/03/20
##
##ref.auth:    E. Krishnakumar and S.K. Srivastava
##ref.journal: Contrib. Plasma Phys. 35, 395 1995
##ref.tiyle: Ionization Cross Section of Silane and Disilane by Electron Impact
##ref.table: Table 3.
510019
e(-)+Si_2H_6->Si_2H_6(+)+e(-)+e(-)
10.2
3
521   1  1004 
 -1  +1   +1 
255
59
  10.2   1.0e-30
  11.0   5.4100E-18
  12.0   1.3800E-17
  13.0   2.7600E-17
  14.0   4.2300E-17
  15.0   5.4100E-17
  16.0   6.5000E-17
  17.0   7.3800E-17
  18.0   8.0700E-17
  19.0   8.7900E-17
  20.0   9.3000E-17
  22.0   1.0090E-16
  24.0   1.0480E-16
  26.0   1.0560E-16
  28.0   1.0530E-16
  30.0   1.0380E-16
  32.0   1.0240E-16
  34.0   1.0110E-16
  36.0   9.9900E-17
  38.0   9.9400E-17
  40.0   1.0020E-16
  45.0   9.9900E-17
  50.0   1.0060E-16
  55.0   1.0140E-16
  60.0   1.0210E-16
  65.0   1.0310E-16
  70.0   1.0450E-16
  75.0   1.0450E-16
  80.0   1.0480E-16
  85.0   1.0470E-16
  90.0   1.0430E-16
  95.0   1.0330E-16
 100.0   1.0230E-16
 110.0   1.0020E-16
 120.0   9.7900E-17
 130.0   9.5500E-17
 140.0   9.3500E-17
 150.0   9.1000E-17
 160.0   8.8600E-17
 170.0   8.6600E-17
 180.0   8.4600E-17
 190.0   8.2700E-17
 200.0   8.1500E-17
 250.0   7.3000E-17
 300.0   6.5700E-17
 350.0   6.0000E-17
 400.0   5.4900E-17
 450.0   5.0300E-17
 500.0   4.6900E-17
 550.0   4.4200E-17
 600.0   4.2100E-17
 650.0   4.0600E-17
 700.0   3.8600E-17
 750.0   3.6900E-17
 800.0   3.5500E-17
 850.0   3.4100E-17
 900.0   3.2900E-17
 950.0   3.1800E-17
1000.0   3.0900E-17
-1
0.00E+00  0.00E+00  0.00E+00
