##eqation:     e+Si_2H_6->Si_2H_3(+)+H_2+H+e+e
##
##unit:        eV, cm2
##date:        2020/03/20
##
##ref.auth:    E. Krishnakumar and S.K. Srivastava
##ref.journal: Contrib. Plasma Phys. 35, 395 1995
##ref.tiyle: Ionization Cross Section of Silane and Disilane by Electron Impact
##ref.table: Table 3.
510021
e(-)+Si_2H_6->Si_2H_3(+)+H_2+H+e(-)+e(-)
12.8
5
521   1  1007   14   10 
 -1  +1   +1    +1   +1
255
57
  12.8   1.0e-30
  13.0   3.0000E-19
  14.0   1.4800E-18
  15.0   2.9500E-18
  16.0   5.9000E-18
  17.0   9.8400E-18
  18.0   1.5700E-17
  19.0   2.6100E-17
  20.0   3.5100E-17
  22.0   5.3100E-17
  24.0   6.2000E-17
  26.0   6.5300E-17
  28.0   6.5600E-17
  30.0   6.2700E-17
  32.0   5.9500E-17
  34.0   5.5800E-17
  36.0   5.3100E-17
  38.0   5.0400E-17
  40.0   4.8200E-17
  45.0   4.3100E-17
  50.0   4.0400E-17
  55.0   3.8700E-17
  60.0   3.7100E-17
  65.0   3.5900E-17
  70.0   3.5000E-17
  75.0   3.3800E-17
  80.0   3.3300E-17
  85.0   3.2300E-17
  90.0   3.1500E-17
  95.0   3.0800E-17
 100.0   3.0300E-17
 110.0   2.8500E-17
 120.0   2.7300E-17
 130.0   2.6400E-17
 140.0   2.5300E-17
 150.0   2.4400E-17
 160.0   2.3300E-17
 170.0   2.2400E-17
 180.0   2.1800E-17
 190.0   2.0900E-17
 200.0   2.0400E-17
 250.0   1.7900E-17
 300.0   1.5600E-17
 350.0   1.4500E-17
 400.0   1.3100E-17
 450.0   1.1700E-17
 500.0   1.0600E-17
 550.0   9.9600E-18
 600.0   9.3300E-18
 650.0   8.7600E-18
 700.0   8.2900E-18
 750.0   7.8500E-18
 800.0   7.4500E-18
 850.0   7.0600E-18
 900.0   6.7100E-18
 950.0   6.3600E-18
1000.0   6.1200E-18
-1
0.00E+00  0.00E+00  0.00E+00
