##eqation:     e+Si_2H_6->SiH_2(+)+SiH_4+e+e
##
##unit:        eV, cm2
##date:        2020/03/20
##
##ref.auth:    E. Krishnakumar and S.K. Srivastava
##ref.journal: Contrib. Plasma Phys. 35, 395 1995
##ref.tiyle: Ionization Cross Section of Silane and Disilane by Electron Impact
##ref.table: Table 3.
510025
e(-)+Si_2H_6->SiH_2(+)+SiH_4+e(-)+e(-)
12.0
4
521   1  525  510
 -1  +1   +1   +1
255
57
  12.0   1.0e-30
  13.0   1.1800E-18
  14.0   3.1400E-18
  15.0   6.2900E-18
  16.0   1.2600E-17
  17.0   1.9600E-17
  18.0   2.7900E-17
  19.0   3.5000E-17
  20.0   3.9300E-17
  22.0   4.6400E-17
  24.0   4.9900E-17
  26.0   5.2700E-17
  28.0   5.4100E-17
  30.0   5.4600E-17
  32.0   5.4700E-17
  34.0   5.4800E-17
  36.0   5.4700E-17
  38.0   5.4100E-17
  40.0   5.3000E-17
  45.0   4.8700E-17
  50.0   4.4800E-17
  55.0   4.1500E-17
  60.0   3.9900E-17
  65.0   3.8200E-17
  70.0   3.7300E-17
  75.0   3.6400E-17
  80.0   3.5700E-17
  85.0   3.5000E-17
  90.0   3.4200E-17
  95.0   3.3300E-17
 100.0   3.2600E-17
 110.0   3.1400E-17
 120.0   3.0100E-17
 130.0   2.8700E-17
 140.0   2.7500E-17
 150.0   2.6500E-17
 160.0   2.5700E-17
 170.0   2.4800E-17
 180.0   2.4000E-17
 190.0   2.3200E-17
 200.0   2.2200E-17
 250.0   1.9100E-17
 300.0   1.6800E-17
 350.0   1.4500E-17
 400.0   1.3200E-17
 450.0   1.2100E-17
 500.0   1.1000E-17
 550.0   9.9600E-18
 600.0   9.2700E-18
 650.0   8.6600E-18
 700.0   8.1200E-18
 750.0   7.6200E-18
 800.0   7.1300E-18
 850.0   6.7200E-18
 900.0   6.3100E-18
 950.0   5.9500E-18
1000.0   5.6400E-18
-1
0.00E+00  0.00E+00  0.00E+00
