##equation:     e+SiH_4->SiH(+)+H_2+H+e+e
##type:        ionization
##unit:        eV, cm2
##date:        2008/05/24
##method:      numerial table
##
##ref.auth:    H. Chatham, D. Hils, R. Robertson, and A. Gallagher
##ref.title:   Total and partial electron collisional ionization cross sections
##ref.journal: J. Chem. Phys. 81 (1984) 6, 1770-1777
##ref.table:   Fig. 5
##ref.range:   19eV - 200
510005
e(-)+SiH_4->SiH(+)+H_2+H+e(-)+e(-)
19.0
5
510   1 527  14 10
 -1  +1  +1  +1 +1
255
 55
19.0     1.00e-30
19.67	1.048E-17
20.23	1.389E-17
20.8	1.842E-17
21.39	2.17E-17
21.99	2.421E-17
22.61	2.7E-17
23.25	2.93E-17
23.91	3.152E-17
24.59	3.484E-17
25.28	3.679E-17
26	3.957E-17
26.73	4.141E-17
27.49	4.374E-17
28.27	4.536E-17
29.07	4.747E-17
29.89	4.923E-17
30.74	5.152E-17
31.6	5.295E-17
32.5	5.295E-17
33.42	5.441E-17
34.36	5.541E-17
36.33	5.747E-17
38.42	5.96E-17
39.51	5.96E-17
40.62	5.96E-17
50.78	6.069E-17
52.22	5.96E-17
53.69	5.96E-17
55.21	5.96E-17
56.77	5.96E-17
58.38	5.96E-17
63.48	5.747E-17
65.27	5.747E-17
67.12	5.747E-17
72.98	5.541E-17
75.04	5.541E-17
79.34	5.392E-17
81.59	5.441E-17
86.27	5.295E-17
88.71	5.247E-17
91.22	5.295E-17
96.45	5.152E-17
99.18	5.152E-17
104.9	5.059E-17
107.8	5.013E-17
110.9	5.059E-17
124	4.747E-17
134.8	4.577E-17
146.6	4.495E-17
155	4.374E-17
168.5	4.256E-17
178.2	4.141E-17
193.7	4.067E-17
204.8	3.957E-17
-1
0.00E+00  0.00E+00  0.00E+00
