##eqation:     e+SiH_4->SiH_4(v13)+e->SiH_4+e
##type:        excitation v13
##unit:        eV, cm2
##date:        1999/11/11
##method:      digitalize from scanned figure
##
##ref.auth:    M. Kurachi and Y. Nakamura
##ref.title:   Electron collision cross sections for the monosilane molecule
##ref.journal: J. Phys. D: Appl. Phys. 22 (1989) 107-112
##ref.fig:     Figure 3
##ref.range:   0.27eV - 16.5eV
##
##extrapolation: 16.5eV -
510003
e(-)+SiH_4->SiH_4(v13)+e(-)->SiH_4+e(-)
0.27141
2
510   1
  0   0
100
85
   0.27141 1.0000e-30
   0.27512 4.8013e-17
     0.277 8.1597e-17
    0.2827 1.5336e-16
   0.29247  1.651e-16
   0.30052 1.8505e-16
   0.30671 2.0057e-16
   0.32384 2.2031e-16
   0.33502 2.3559e-16
   0.36101 2.5023e-16
   0.39703 2.5527e-16
   0.42493 2.5696e-16
    0.4579 2.5692e-16
   0.48676 2.5008e-16
   0.52097 2.4018e-16
   0.54264 2.3379e-16
   0.58474 2.2604e-16
    0.6216 2.1856e-16
   0.66529 2.1132e-16
   0.73166 2.0294e-16
   0.78308 1.9886e-16
   0.86707 1.9749e-16
   0.90929 1.9615e-16
    1.0206  2.001e-16
    1.0776 2.0691e-16
    1.1612 2.1683e-16
    1.2344 2.2724e-16
    1.3122 2.4462e-16
    1.4044 2.6334e-16
    1.4628 2.8926e-16
    1.5656 3.1139e-16
    1.6197 3.3523e-16
    1.6757 3.7322e-16
    1.7454 4.0722e-16
    1.8428 4.4134e-16
     1.868 4.7835e-16
    1.9326 5.1844e-16
    1.9993 5.5814e-16
    2.0684 5.8889e-16
    2.1544 6.2134e-16
    2.2593 6.5117e-16
    2.3216 6.8246e-16
    2.4512 7.1044e-16
    2.5359 7.1518e-16
    2.6775 7.0556e-16
    2.7889 6.6862e-16
    2.8852 6.3362e-16
    2.9849 5.9244e-16
     3.088 5.5394e-16
    3.2384 4.9084e-16
    3.3731 4.4678e-16
     3.466 4.0668e-16
    3.6844 3.4845e-16
    3.8117 3.2581e-16
    3.9434 3.0057e-16
    4.1074 2.6994e-16
    4.3074 2.4406e-16
     4.548 2.0772e-16
    4.8347 1.7679e-16
    5.0358 1.6641e-16
    5.2097 1.5249e-16
    5.5381 1.3422e-16
    5.7294 1.2217e-16
    6.0906 1.0538e-16
    6.4745 8.9691e-17
    6.9296 7.6848e-17
     7.267 6.8095e-17
    7.5693   6.24e-17
    7.7778 5.6799e-17
    8.2681 4.9325e-17
    8.9095 4.3412e-17
    9.4711 3.7197e-17
        10 3.3405e-17
    10.558 3.0202e-17
    10.923 2.7307e-17
    11.612 2.3873e-17
    12.177 2.1154e-17
    12.945 1.8247e-17
    13.761 1.5846e-17
    14.529 1.3947e-17
    15.134 1.2781e-17
    15.763 1.1555e-17
    16.419 1.0308e-17
    16.531 1.0308e-17
    50.0   1.0e-18
-1
0.00E+00  0.00E+00  0.00E+00
