##eqation:     e+SiH_4->SiH_3(-)+H
##type:        attachment
##unit:        eV, cm2
##date:        1999/11/11
##method:      digitalize from scanned figure
##
##ref.auth:    Peter Haaland
##ref.title:   Dissociative attachment in silane
##ref.journal: J. Chem. Phys. 93, 6 (1990) 4066-4072
##ref.fig:     Fig.3
##ref.range:   6.4eV - 11.4eV
510002
e(-)+SiH_4->SiH_3(-)+H
6.417
4
510   1 515  10
 -1  -1  +1  +1
255
97
   6.417E+00  1.023E-20
   6.596E+00  1.037E-20
   6.766E+00  1.241E-20
   6.895E+00  1.701E-20
   7.130E+00  3.961E-20
   7.226E+00  5.738E-20
   7.347E+00  8.876E-20
   7.460E+00  1.299E-19
   7.548E+00  1.731E-19
   7.612E+00  2.115E-19
   7.660E+00  2.447E-19
   7.724E+00  2.949E-19
   7.788E+00  3.520E-19
   7.819E+00  3.825E-19
   7.867E+00  4.320E-19
   7.898E+00  4.668E-19
   7.971E+00  5.526E-19
   7.986E+00  5.719E-19
   8.017E+00  6.132E-19
   8.057E+00  6.679E-19
   8.072E+00  6.898E-19
   8.096E+00  7.235E-19
   8.143E+00  7.951E-19
   8.167E+00  8.315E-19
   8.190E+00  8.682E-19
   8.246E+00  9.589E-19
   8.269E+00  9.980E-19
   8.276E+00  1.010E-18
   8.316E+00  1.078E-18
   8.347E+00  1.132E-18
   8.354E+00  1.145E-18
   8.364E+00  1.161E-18
   8.378E+00  1.186E-18
   8.409E+00  1.241E-18
   8.433E+00  1.282E-18
   8.457E+00  1.323E-18
   8.488E+00  1.377E-18
   8.503E+00  1.403E-18
   8.527E+00  1.442E-18
   8.566E+00  1.506E-18
   8.598E+00  1.555E-18
   8.621E+00  1.591E-18
   8.637E+00  1.613E-18
   8.668E+00  1.658E-18
   8.700E+00  1.701E-18
   8.748E+00  1.759E-18
   8.771E+00  1.785E-18
   8.803E+00  1.817E-18
   8.851E+00  1.859E-18
   8.890E+00  1.887E-18
   8.939E+00  1.912E-18
   8.995E+00  1.929E-18
   9.044E+00  1.933E-18
   9.100E+00  1.926E-18
   9.141E+00  1.912E-18
   9.199E+00  1.883E-18
   9.231E+00  1.860E-18
   9.273E+00  1.827E-18
   9.322E+00  1.778E-18
   9.347E+00  1.751E-18
   9.372E+00  1.721E-18
   9.405E+00  1.679E-18
   9.430E+00  1.646E-18
   9.463E+00  1.600E-18
   9.489E+00  1.563E-18
   9.522E+00  1.513E-18
   9.555E+00  1.461E-18
   9.581E+00  1.420E-18
   9.598E+00  1.393E-18
   9.648E+00  1.311E-18
   9.681E+00  1.255E-18
   9.715E+00  1.199E-18
   9.757E+00  1.130E-18
   9.790E+00  1.074E-18
   9.824E+00  1.018E-18
   9.857E+00  9.628E-19
   9.899E+00  8.943E-19
   9.966E+00  7.886E-19
   9.999E+00  7.373E-19
   1.005E+01  6.627E-19
   1.010E+01  5.931E-19
   1.013E+01  5.497E-19
   1.019E+01  4.786E-19
   1.026E+01  4.055E-19
   1.031E+01  3.480E-19
   1.040E+01  2.763E-19
   1.048E+01  2.170E-19
   1.059E+01  1.558E-19
   1.068E+01  1.124E-19
   1.075E+01  8.936E-20
   1.082E+01  6.880E-20
   1.091E+01  4.955E-20
   1.100E+01  3.577E-20
   1.110E+01  2.520E-20
   1.124E+01  1.559E-20
   1.131E+01  1.287E-20
   1.142E+01  9.033E-21
-1
0.00E+00  0.00E+00  0.00E+00
