##eqation:     e+Si_2H_6->Si(+)+SiH_4+H_2+e+e
##
##unit:        eV, cm2
##date:        2020/03/20
##
##ref.auth:    E. Krishnakumar and S.K. Srivastava
##ref.journal: Contrib. Plasma Phys. 35, 395 1995
##ref.tiyle: Ionization Cross Section of Silane and Disilane by Electron Impact
##ref.table: Table 3.
510027
e(-)+Si_2H_6->Si(+)+SiH_4+H_2+e(-)+e(-)
15.0
5
521   1  141  510  14
 -1  +1   +1   +1  +1
255
54
  15.0   1.0e-30
  16.0   4.7000E-19
  17.0   1.0600E-18
  18.0   1.5700E-18
  19.0   2.5500E-18
  20.0   3.8100E-18
  22.0   7.4700E-18
  24.0   1.2200E-17
  26.0   2.0000E-17
  28.0   2.6300E-17
  30.0   3.6900E-17
  32.0   4.9100E-17
  34.0   5.6200E-17
  36.0   6.2900E-17
  38.0   6.8000E-17
  40.0   7.0300E-17
  45.0   6.8400E-17
  50.0   6.1300E-17
  55.0   5.5000E-17
  60.0   5.0300E-17
  65.0   4.7200E-17
  70.0   4.5300E-17
  75.0   4.2800E-17
  80.0   4.0900E-17
  85.0   3.9100E-17
  90.0   3.7100E-17
  95.0   3.5400E-17
 100.0   3.3800E-17
 110.0   3.1000E-17
 120.0   2.8900E-17
 130.0   2.6700E-17
 140.0   2.5000E-17
 150.0   2.3300E-17
 160.0   2.2000E-17
 170.0   2.0400E-17
 180.0   1.9300E-17
 190.0   1.8300E-17
 200.0   1.7300E-17
 250.0   1.3400E-17
 300.0   1.0900E-17
 350.0   9.0000E-18
 400.0   7.9100E-18
 450.0   6.8800E-18
 500.0   6.2900E-18
 550.0   5.6200E-18
 600.0   5.1300E-18
 650.0   4.6400E-18
 700.0   4.2400E-18
 750.0   3.8900E-18
 800.0   3.5900E-18
 850.0   3.3300E-18
 900.0   3.0900E-18
 950.0   2.8700E-18
1000.0   2.7100E-18
-1
0.00E+00  0.00E+00  0.00E+00
