##equation:     e+SiH_4->Si(+)+2H_2+e+e
##type:        ionization
##unit:        eV, cm2
##date:        2008/05/24
##method:      numerial table
##
##ref.auth:    H. Chatham, D. Hils, R. Robertson, and A. Gallagher
##ref.title:   Total and partial electron collisional ionization cross sections
##ref.journal: J. Chem. Phys. 81 (1984) 6, 1770-1777
##ref.table:   Fig. 5
##ref.range:   19eV - 200
510010
e(-)+SiH_4->Si(+)+2H_2+e(-)+e(-)
19.0
4
510   1 141  14
 -1  +1  +1  +2
255
 70
19.0     1.00e-30
19.71	4.94E-18
20.29	6.271E-18
20.89	7.065E-18
21.5	9.051E-18
22.13	9.051E-18
22.78	1.02E-17
23.45	1.17E-17
24.14	1.331E-17
24.85	1.513E-17
25.58	1.736E-17
26.33	1.956E-17
27.1	2.372E-17
27.9	2.599E-17
28.72	2.746E-17
29.56	2.929E-17
30.43	3.066E-17
31.32	3.269E-17
32.24	3.486E-17
33.19	3.551E-17
34.16	3.752E-17
35.16	3.821E-17
36.2	3.928E-17
37.26	4.075E-17
38.35	4.227E-17
39.48	4.305E-17
40.64	4.425E-17
41.83	4.549E-17
43.06	4.549E-17
45.63	4.633E-17
46.97	4.676E-17
49.76	4.719E-17
51.23	4.762E-17
52.73	4.762E-17
54.28	4.762E-17
59.2	4.762E-17
60.94	4.762E-17
62.73	4.762E-17
64.57	4.762E-17
70.43	4.762E-17
76.81	4.633E-17
79.07	4.676E-17
86.24	4.549E-17
88.77	4.549E-17
91.38	4.549E-17
94.06	4.425E-17
96.82	4.425E-17
99.67	4.305E-17
102.6	4.227E-17
105.6	4.112E-17
111.9	3.928E-17
115.2	3.821E-17
118.6	3.752E-17
122	3.65E-17
125.6	3.551E-17
129.3	3.454E-17
133.1	3.392E-17
137	3.269E-17
141	3.152E-17
145.2	3.066E-17
149.4	3.01E-17
158.4	2.797E-17
163	2.623E-17
167.8	2.623E-17
172.7	2.529E-17
177.8	2.483E-17
183	2.35E-17
188.4	2.307E-17
193.9	2.164E-17
199.6	2.086E-17
-1
0.00E+00  0.00E+00  0.00E+00
