##eqation:     e+Si_2H_6->SiH_3(+)+SiH_3+e+e
##
##unit:        eV, cm2
##date:        2020/03/20
##
##ref.auth:    E. Krishnakumar and S.K. Srivastava
##ref.journal: Contrib. Plasma Phys. 35, 395 1995
##ref.tiyle: Ionization Cross Section of Silane and Disilane by Electron Impact
##ref.table: Table 3.
510024
e(-)+Si_2H_6->SiH_3(+)+SiH_3+e(-)+e(-)
12.0
4
521   1  516  514
 -1  +1   +1   +1
255
57
  12.0   1.0e-30
  13.0   1.1800E-18
  14.0   7.8500E-18
  15.0   1.8100E-17
  16.0   3.0800E-17
  17.0   4.2000E-17
  18.0   5.6200E-17
  19.0   6.9700E-17
  20.0   7.4500E-17
  22.0   8.8400E-17
  24.0   9.6300E-17
  26.0   9.8700E-17
  28.0   9.9900E-17
  30.0   9.9800E-17
  32.0   9.8800E-17
  34.0   9.7100E-17
  36.0   9.4900E-17
  38.0   9.2500E-17
  40.0   8.9600E-17
  45.0   8.1300E-17
  50.0   7.4100E-17
  55.0   6.9200E-17
  60.0   6.6200E-17
  65.0   6.4000E-17
  70.0   6.2100E-17
  75.0   6.0500E-17
  80.0   5.9200E-17
  85.0   5.7600E-17
  90.0   5.6500E-17
  95.0   5.5000E-17
 100.0   5.4000E-17
 110.0   5.1500E-17
 120.0   4.9700E-17
 130.0   4.7400E-17
 140.0   4.5900E-17
 150.0   4.4400E-17
 160.0   4.2900E-17
 170.0   4.1700E-17
 180.0   4.0300E-17
 190.0   3.9100E-17
 200.0   3.8000E-17
 250.0   3.2600E-17
 300.0   2.8700E-17
 350.0   2.5800E-17
 400.0   2.3100E-17
 450.0   2.1100E-17
 500.0   1.9400E-17
 550.0   1.8000E-17
 600.0   1.6600E-17
 650.0   1.5500E-17
 700.0   1.4400E-17
 750.0   1.3500E-17
 800.0   1.2700E-17
 850.0   1.1900E-17
 900.0   1.1300E-17
 950.0   1.0700E-17
1000.0   1.0200E-17
-1
0.00E+00  0.00E+00  0.00E+00
