##eqation:     e+SiH_4->SiH_2(+)+2H+e+e
##
##unit:        eV, cm2
##date:        2001/06/12
##
##ref.auth:    E. Krishnakumar and S.K. Srivastava
##ref.journal: Contrib. Plasma Phys. 35, 395 1995
##
510009
e(-)+SiH_4->SiH_2(+)+2H+e(-)+e(-)
12.0
4
510   1  525  10
 -1  +1   +1  +2
255
57
   12.0   0.85e-18
   13.0   6.70e-18
   14.0   22.8e-18
   15.0   26.2e-18
   16.0   71.7e-18
   17.0   99.2e-18
   18.0  119.8e-18
   19.0  139.5e-18
   20.0  151.3e-18
   22.0  169.0e-18
   24.0  180.7e-18
   26.0  187.9e-18
   28.0  190.0e-18
   30.0  191.8e-18
   32.0  190.6e-18
   34.0  189.4e-18
   36.0  188.1e-18
   38.0  186.4e-18
   40.0  184.7e-18
   45.0  180.9e-18
   50.0  176.9e-18
   55.0  174.7e-18
   60.0  172.4e-18
   65.0  169.9e-18
   70.0  168.0e-18
   75.0  165.6e-18
   80.0  163.1e-18
   85.0  160.1e-18
   90.0  158.2e-18
   95.0  156.1e-18
  100.0  153.8e-18
  110.0  151.0e-18
  120.0  147.2e-18
  130.0  143.8e-18
  140.0  140.5e-18
  150.0  137.0e-18
  160.0  133.6e-18
  170.0  130.3e-18
  180.0  127.2e-18
  190.0  123.8e-18
  200.0  120.8e-18
  250.0  108.8e-18
  300.0   98.2e-18
  350.0   88.9e-18
  400.0   81.1e-18
  450.0   74.6e-18
  500.0   69.2e-18
  550.0   65.2e-18
  600.0   61.1e-18
  650.0   57.0e-18
  700.0   53.0e-18
  750.0   49.7e-18
  800.0   46.7e-18
  850.0   44.2e-18
  900.0   41.8e-18
  950.0   39.7e-18
 1000.0   38.0e-18
-1
0.00E+00  0.00E+00  0.00E+00
