##eqation:     e+Si_2H_6->SiH(+)+SiH_4+H+e+e
##
##unit:        eV, cm2
##date:        2020/03/20
##
##ref.auth:    E. Krishnakumar and S.K. Srivastava
##ref.journal: Contrib. Plasma Phys. 35, 395 1995
##ref.tiyle: Ionization Cross Section of Silane and Disilane by Electron Impact
##ref.table: Table 3.
510026
e(-)+Si_2H_6->SiH(+)+SiH_4+H+e(-)+e(-)
14.7
5
521   1  527  510  10
 -1  +1   +1   +1  +1
255
55
  14.7   1.0e-30
  15.0   1.0000E-19
  16.0   7.9000E-19
  17.0   1.5700E-18
  18.0   3.9300E-18
  19.0   7.8600E-18
  20.0   1.1800E-17
  22.0   2.5500E-17
  24.0   3.9300E-17
  26.0   5.5000E-17
  28.0   6.9500E-17
  30.0   8.2500E-17
  32.0   9.2300E-17
  34.0   9.8200E-17
  36.0   1.0060E-16
  38.0   1.0100E-16
  40.0   1.0290E-16
  45.0   9.1200E-17
  50.0   8.1700E-17
  55.0   7.4700E-17
  60.0   6.9500E-17
  65.0   6.2300E-17
  70.0   5.8900E-17
  75.0   5.5400E-17
  80.0   5.2300E-17
  85.0   4.9900E-17
  90.0   4.6800E-17
  95.0   4.4200E-17
 100.0   4.2200E-17
 110.0   3.8700E-17
 120.0   3.5800E-17
 130.0   3.3000E-17
 140.0   3.1000E-17
 150.0   2.9100E-17
 160.0   2.7500E-17
 170.0   2.5900E-17
 180.0   2.4800E-17
 190.0   2.3800E-17
 200.0   2.2400E-17
 250.0   1.8100E-17
 300.0   1.4900E-17
 350.0   1.2600E-17
 400.0   1.0800E-17
 450.0   9.4300E-18
 500.0   8.6400E-18
 550.0   7.7400E-18
 600.0   7.0500E-18
 650.0   6.3900E-18
 700.0   5.8400E-18
 750.0   5.3600E-18
 800.0   4.9500E-18
 850.0   4.5900E-18
 900.0   4.2500E-18
 950.0   3.9700E-18
1000.0   3.7300E-18
-1
0.00E+00  0.00E+00  0.00E+00
