##eqation:     e+Si_2H_6->Si_2H_2(+)+2H_2+e+e
##
##unit:        eV, cm2
##date:        2020/03/20
##
##ref.auth:    E. Krishnakumar and S.K. Srivastava
##ref.journal: Contrib. Plasma Phys. 35, 395 1995
##ref.tiyle: Ionization Cross Section of Silane and Disilane by Electron Impact
##ref.table: Table 3.
510022
e(-)+Si_2H_6->Si_2H_2(+)+2H_2+e(-)+e(-)
12.2
4
521   1  529   14
 -1  +1   +1   +2
255
57
  12.2   1.0e-30
  13.0   2.9500E-18
  14.0   7.8700E-18
  15.0   1.5700E-17
  16.0   3.7400E-17
  17.0   6.0000E-17
  18.0   8.1700E-17
  19.0   9.9900E-17
  20.0   1.1520E-16
  22.0   1.4670E-16
  24.0   1.6980E-16
  26.0   1.8550E-16
  28.0   1.9590E-16
  30.0   1.9780E-16
  32.0   1.9640E-16
  34.0   1.9090E-16
  36.0   1.8470E-16
  38.0   1.7970E-16
  40.0   1.7220E-16
  45.0   1.5940E-16
  50.0   1.5160E-16
  55.0   1.4470E-16
  60.0   1.3980E-16
  65.0   1.3660E-16
  70.0   1.3440E-16
  75.0   1.3140E-16
  80.0   1.2890E-16
  85.0   1.2580E-16
  90.0   1.2400E-16
  95.0   1.2120E-16
 100.0   1.1910E-16
 110.0   1.1520E-16
 120.0   1.0970E-16
 130.0   1.0530E-16
 140.0   1.0120E-16
 150.0   9.7200E-17
 160.0   9.4300E-17
 170.0   9.0800E-17
 180.0   8.8400E-17
 190.0   8.5600E-17
 200.0   8.3700E-17
 250.0   7.3600E-17
 300.0   6.5000E-17
 350.0   5.8600E-17
 400.0   5.3800E-17
 450.0   4.8900E-17
 500.0   4.5100E-17
 550.0   4.2700E-17
 600.0   4.0100E-17
 650.0   3.7500E-17
 700.0   3.5500E-17
 750.0   3.3900E-17
 800.0   3.2300E-17
 850.0   3.0600E-17
 900.0   2.9300E-17
 950.0   2.7700E-17
1000.0   2.6400E-17
-1
0.00E+00  0.00E+00  0.00E+00
