##eqation:     e+SiH_4->SiH_4+e
##type:        elastic collision
##unit:        eV, cm2
##date:        2008/5/16
##             “d‹CŠw‰ï‹Zp•ñ@‘æ‚W‚T‚R†@i‚Q‚O‚O‚P”N‚XŒŽj
##             •t˜^CD-ROM “à‚Ìƒf[ƒ^ 
##
510000
e(-)+SiH_4->SiH_4+e(-)
0.0
2
510   1
  0   0
1
  29
   0.01       66.0212e-16
   0.015      51.3657e-16
   0.02       42.9861e-16
   0.03       33.4546e-16
   0.04       27.9124e-16
   0.06       19.4693e-16
   0.08       13.1624e-16
   0.10       9.04000e-16
   0.15       3.96000e-16
   0.20       2.12000e-16
   0.30       1.32000e-16
   0.40       1.45540e-16
   0.60       2.46430e-16
   0.80       4.72370e-16
   1.00       8.40e-16
   1.50       15.60e-16
   2.0        20.79990e-16
   3.0        24.56e-16
   4.0        23.443e-16
   6.0        20.1463e-16
   8.0        18.1568e-16
  10.0        16.64e-16
  15.0        13.68e-16
  20.0        12.08e-16
  30.0        9.84e-16
  40.0        8.5661e-16
  60.0        6.9676e-16
  80.0        5.9508e-16
 100.0        5.28e-16
-1
0.00E+00  0.00E+00  0.00E+00
