##equation:    e(-)+SF_6->e(-)+SF_6
##type:        elastic 
##unit:        eV, cm2
##input date:  2005/3/29
##method:      numerical table
##
##ref.auth:    L. G. Christophorou and J.K. Olthoff
##ref.title:   Electron Interactions with SF6
##ref.journal: J. Phys. Chem. Ref. Data Vol.29, No.3(2000) pp. 267-330
##ref.table:   Table 13
##ref.range:   0.3eV - 700 eV
#
160000
e(-)+SF_6->e(-)+SF_6
0.0
2
1600  1
   0  0
1
58
0.30      45.6e-16
0.35      33.0e-16
0.40      26.2e-16
0.45      21.8e-16
0.50      18.7e-16
0.60      14.8e-16
0.70      12.5e-16
0.80      11.1e-16
0.90      10.2e-16
1.0       9.72e-16
1.2       9.73e-16
1.5       10.9e-16
2.0       14.8e-16
2.5       17.8e-16
3.0       19.3e-16
3.5       19.9e-16
4.0       20.1e-16
4.5       20.6e-16
5.0       21.3e-16
6.0       23.6e-16
7.0       24.2e-16
8.0       24.6e-16
9.0       24.5e-16
10.0      24.8e-16
11.0      26.1e-16
12.0      26.6e-16
13.0      26.5e-16
14.0      26.1e-16
15.0      25.6e-16
16        25.2e-16
17        24.9e-16
18        24.8e-16
19        24.8e-16
20        24.7e-16
22        24.7e-16
25        24.7e-16
30        24.4e-16
35        24.0e-16
40        23.5e-16
45        22.8e-16
50        22.2e-16
60        21.3e-16
70        20.5e-16
75        20.2e-16
80        19.8e-16
90        19.1e-16
100       18.4e-16
125       16.9e-16
150       15.5e-16
200       13.3e-16
250       11.8e-16
300       10.6e-16
350       9.71e-16
400       8.95e-16
450       8.31e-16
500       7.74e-16
600       6.76e-16
700       5.94e-16
