## eqation: e+C_2F_4--> CF_2+CF_2+e
## type : Dissociation
##unit:        eV, cm2
##date:        2008/01/11
##method:      numerial table
##
##ref.auth:    Vasenkov , Oehrlein and Kushner
#
##ref.title: 
##ref.journal: J. Vac. Sci. Technol.A 22(3),511,May/Jun 2004
##ref.figure: Fig.2
#
625000
e(-)+C_2F_4->CF_2+CF_2+e(-)
4.5
3
625 1 616
-1  0 +2 
3
106
4.5     1.0e-30
5.132	1.28E-18
5.314	1.815E-18
5.503	2.944E-18
5.698	4.465E-18
5.901	6.43E-18
6.11	8.788E-18
6.327	1.313E-17
6.552	1.63E-17
6.785	2.114E-17
7.026	2.546E-17
7.275	2.999E-17
7.534	4.069E-17
7.801	5.279E-17
8.078	6.9E-17
8.365	8.373E-17
8.663	9.432E-17
8.97	1.031E-16
9.289	1.261E-16
9.619	1.636E-16
9.961	1.884E-16
10.31	1.999E-16
10.68	2.075E-16
11.06	2.122E-16
11.45	2.219E-16
11.86	2.426E-16
12.28	2.614E-16
12.72	2.713E-16
13.17	2.633E-16
13.64	2.481E-16
14.12	2.537E-16
14.62	2.774E-16
15.14	3.033E-16
15.68	2.922E-16
16.24	2.879E-16
16.81	2.922E-16
17.41	2.944E-16
18.03	3.101E-16
18.67	3.291E-16
19.33	3.519E-16
20.02	3.708E-16
20.73	3.626E-16
21.47	3.493E-16
22.23	3.243E-16
23.02	3.124E-16
23.84	2.753E-16
24.68	2.575E-16
25.56	2.463E-16
26.47	2.408E-16
27.41	2.426E-16
28.38	2.408E-16
29.39	2.444E-16
30.44	2.373E-16
31.52	2.17E-16
32.64	2.06E-16
33.8	1.955E-16
35	1.926E-16
36.24	1.884E-16
37.53	1.829E-16
38.86	1.788E-16
40.24	1.749E-16
41.67	1.71E-16
43.15	1.648E-16
44.68	1.623E-16
46.27	1.553E-16
47.91	1.53E-16
49.61	1.496E-16
51.38	1.474E-16
53.2	1.441E-16
55.09	1.389E-16
57.05	1.358E-16
59.07	1.328E-16
61.17	1.299E-16
63.35	1.251E-16
65.6	1.233E-16
67.93	1.188E-16
70.34	1.162E-16
72.84	1.144E-16
75.42	1.094E-16
78.1	1.07E-16
80.88	1.047E-16
83.75	1.016E-16
86.73	9.862E-17
89.81	9.789E-17
93	9.432E-17
96.3	9.155E-17
99.72	8.821E-17
103.3	8.626E-17
106.9	8.436E-17
110.7	8.188E-17
114.7	8.128E-17
118.7	7.889E-17
123	7.658E-17
127.3	7.489E-17
131.8	7.269E-17
136.5	7.109E-17
141.4	6.952E-17
146.4	6.698E-17
151.6	6.55E-17
157	6.358E-17
162.6	6.264E-17
168.3	6.036E-17
174.3	5.946E-17
180.5	5.729E-17
186.9	5.603E-17
193.6	5.398E-17
-1
0.0 0.0 0.0
