# reaction: e+C_2F_4--> C_2F_4(+)+e+e
# type : Ionization
##unit:        eV, cm2
##date:        2008/01/11
##method:      numerial table
##
##ref.auth:    Vasenkov et al.
#
##ref.title: 
##ref.journal: J. Vac. Sci. Technol.A 22(3),May/Jun 2004
##ref.table: TABLE II
##ref.range: 
##
#   Estimated
#
625001
e(-)+C_2F_4->C_2F_4(+)+e(-)+e(-)
10.1
3
625 1 627
-1  +1 +1 
2
85
10.1    1.0e-30
10.89	1.177E-18
11.28	1.428E-18
11.68	1.927E-18
12.1	2.733E-18
12.53	4.05E-18
12.97	5.925E-18
13.43	7.326E-18
13.91	9.641E-18
14.41	1.214E-17
14.92	1.52E-17
15.45	1.777E-17
16	1.891E-17
16.57	2.197E-17
17.15	2.505E-17
17.76	2.683E-17
18.4	2.946E-17
19.05	3.077E-17
19.73	3.337E-17
20.43	3.508E-17
21.15	3.619E-17
21.91	3.781E-17
22.68	3.901E-17
23.49	4.075E-17
24.32	4.178E-17
25.19	4.257E-17
26.08	4.257E-17
27.01	4.392E-17
27.97	4.588E-17
28.97	4.617E-17
29.99	4.645E-17
31.06	4.733E-17
32.16	4.853E-17
33.31	4.945E-17
34.49	5.133E-17
35.72	5.263E-17
36.99	5.296E-17
38.3	5.329E-17
39.66	5.464E-17
41.07	5.602E-17
42.53	5.637E-17
44.04	5.672E-17
45.61	5.743E-17
47.23	5.816E-17
48.91	5.852E-17
50.65	5.963E-17
52.45	6E-17
54.31	6.037E-17
56.24	6.113E-17
58.24	6.113E-17
60.31	6.151E-17
62.45	6.151E-17
64.67	6.151E-17
66.97	6.151E-17
69.35	6.229E-17
71.82	6.268E-17
74.37	6.268E-17
77.01	6.268E-17
79.75	6.268E-17
82.58	6.268E-17
85.52	6.268E-17
88.56	6.19E-17
91.7	6.268E-17
94.96	6.268E-17
98.34	6.268E-17
101.8	6.151E-17
105.5	6.037E-17
109.2	5.779E-17
113.1	5.672E-17
117.1	5.498E-17
121.3	5.396E-17
125.6	5.23E-17
130	5.038E-17
134.7	4.914E-17
139.4	4.793E-17
144.4	4.675E-17
149.5	4.531E-17
154.8	4.419E-17
160.3	4.31E-17
166	4.178E-17
171.9	4.05E-17
178.1	3.999E-17
184.4	3.852E-17
190.9	3.757E-17
197.7	3.688E-17
-1
0.0 0.0 0.0
