# reaction: e+C_2F_4--> C_2F_3(+)+F+e+e
# type : Ionization
##unit:        eV, cm2
##date:        2008/01/11
##method:      numerial table
##
##ref.auth:    Vasenkov et al.
#
##ref.title: 
##ref.journal: J. Vac. Sci. Technol.A 22(3),May/Jun 2004
##ref.table: TABLE II
##ref.range: 
##
#   Estimated
#
625003
e(-)+C_2F_4->C_2F_3(+)+F+e(-)+e(-)
15.85
4
625 1 630 90
-1 +1 +1  +1
2
70
15.85    1.0e-30
18.01	1.411E-18
18.65	2.103E-18
19.32	3.001E-18
20	4.23E-18
20.71	5.43E-18
21.45	7.749E-18
22.21	9.228E-18
23	1.184E-17
23.82	1.437E-17
24.67	1.649E-17
25.54	1.903E-17
26.45	2.253E-17
27.39	2.52E-17
28.36	2.873E-17
29.37	3.215E-17
30.42	3.255E-17
31.5	3.688E-17
32.62	4.075E-17
33.78	4.283E-17
34.98	5.007E-17
36.22	5.498E-17
37.51	6E-17
38.84	6.426E-17
40.22	6.713E-17
41.65	6.969E-17
43.13	6.755E-17
44.66	6.969E-17
46.25	7.145E-17
47.89	7.464E-17
49.6	7.653E-17
51.36	7.846E-17
53.18	8.045E-17
55.07	8.146E-17
57.03	8.456E-17
59.06	8.563E-17
61.16	8.725E-17
63.33	8.889E-17
65.58	8.945E-17
67.91	9.114E-17
70.33	9.171E-17
72.83	9.228E-17
75.41	9.403E-17
78.09	9.403E-17
80.87	9.581E-17
83.74	9.521E-17
86.72	9.581E-17
89.8	9.701E-17
92.99	9.884E-17
96.3	1.001E-16
99.72	1.02E-16
103.3	1.007E-16
106.9	9.701E-17
110.7	9.462E-17
114.7	9.228E-17
118.7	8.945E-17
123	8.725E-17
127.3	8.404E-17
131.9	8.197E-17
136.5	7.945E-17
141.4	7.701E-17
146.4	7.558E-17
151.6	7.511E-17
157	7.19E-17
162.6	7.013E-17
168.4	6.797E-17
174.4	6.63E-17
180.6	6.426E-17
187	6.268E-17
193.6	6.113E-17
-1
0.0 0.0 0.0
