# reaction: e+C_2F_4--> CF(+)+CF_3+e+e
# type : Ionization
##unit:        eV, cm2
##date:        2008/01/11
##method:      numerial table
##
##ref.auth:    Vasenkov et al.
#
##ref.title: 
##ref.journal: J. Vac. Sci. Technol.A 22(3),May/Jun 2004
##ref.table: TABLE II
##ref.range: 
##
#   Estimated
#
625004
e(-)+C_2F_4->CF(+)+CF_3+e(-)+e(-)
13.86
4
625 1 621 613
-1  +1 +1 +1
2
70
13.86   1.0e-30
18.01	1.411E-18
18.65	2.103E-18
19.32	3.001E-18
20	4.23E-18
20.71	5.43E-18
21.45	7.749E-18
22.21	9.228E-18
23	1.184E-17
23.82	1.437E-17
24.67	1.649E-17
25.54	1.903E-17
26.45	2.253E-17
27.39	2.52E-17
28.36	2.891E-17
29.37	3.358E-17
30.42	3.574E-17
31.5	3.974E-17
32.62	4.419E-17
33.78	4.883E-17
34.98	5.567E-17
36.22	5.816E-17
37.51	6.075E-17
38.84	6.507E-17
40.22	6.883E-17
41.65	7.19E-17
43.13	7.464E-17
44.66	7.945E-17
46.25	8.3E-17
47.89	8.616E-17
49.6	9.001E-17
51.36	9.228E-17
53.18	9.462E-17
55.07	9.701E-17
57.03	1.013E-16
59.06	1.039E-16
61.16	1.059E-16
63.33	1.092E-16
65.58	1.106E-16
67.91	1.106E-16
70.33	1.141E-16
72.83	1.141E-16
75.41	1.192E-16
78.09	1.222E-16
80.87	1.245E-16
83.74	1.261E-16
86.72	1.269E-16
89.8	1.285E-16
92.99	1.293E-16
96.3	1.317E-16
99.72	1.325E-16
103.3	1.317E-16
106.9	1.277E-16
110.7	1.277E-16
114.7	1.222E-16
118.7	1.184E-16
123	1.155E-16
127.3	1.113E-16
131.9	1.079E-16
136.5	1.065E-16
141.4	1.026E-16
146.4	1.001E-16
151.6	9.946E-17
157	9.641E-17
162.6	9.286E-17
168.4	9.057E-17
174.4	8.725E-17
180.6	8.616E-17
187	8.3E-17
193.6	8.095E-17
-1
0.0 0.0 0.0
