## eqation: e+C_2F_5->CF_3(+)+CF_2+e+e
## type : Dissociation
##unit:        eV, cm2
##date:        2008/01/11
##method:      numerial table
##
##ref.auth:    Vasenkov et al.
#
##ref.title: 
##ref.journal: J. Vac. Sci. Technol.A 22(3),May/Jun 2004
##ref.table: TABLE II
##ref.range: 
##
#   Estimated
#
631003
e(-)+C_2F_5->CF_3(+)+CF_2+e(-)+e(-)
13.0
4
631 1  615 616
-1  +1 +1  +1
2
164
13.7	9.43E-18
14.9	1.59E-17
16	2.29E-17
17.2	2.81E-17
18.4	3.34E-17
19.6	4.34E-17
13.7	9.43E-18
14.9	1.59E-17
16	2.29E-17
17.2	2.81E-17
18.4	3.34E-17
19.6	4.34E-17
20.8	7.08E-17
22	7.9E-17
23.1	9.01E-17
24.3	1.01E-16
25.5	1.07E-16
26.7	1.15E-16
27.9	1.3E-16
29.1	1.47E-16
30.3	1.75E-16
31.4	1.9E-16
32.6	2.03E-16
33.8	2.24E-16
35	2.41E-16
36.2	2.54E-16
37.4	2.66E-16
38.5	2.74E-16
39.7	2.8E-16
40.9	2.87E-16
42.1	2.91E-16
43.3	2.95E-16
44.5	2.99E-16
45.7	3.01E-16
46.8	3.05E-16
48	3.07E-16
49.2	3.08E-16
50.4	3.09E-16
51.6	3.11E-16
52.8	3.16E-16
53.9	3.19E-16
55.1	3.21E-16
56.3	3.23E-16
57.5	3.29E-16
58.7	3.33E-16
59.9	3.36E-16
61.1	3.38E-16
62.2	3.39E-16
63.4	3.4E-16
64.6	3.4E-16
65.8	3.42E-16
67	3.41E-16
68.2	3.43E-16
69.3	3.42E-16
70.5	3.44E-16
71.7	3.45E-16
72.9	3.47E-16
74.1	3.48E-16
75.3	3.5E-16
76.5	3.52E-16
77.6	3.53E-16
78.8	3.55E-16
80	3.54E-16
81.2	3.53E-16
82.4	3.52E-16
83.6	3.49E-16
84.7	3.45E-16
85.9	3.42E-16
87.1	3.39E-16
88.3	3.3E-16
89.5	3.29E-16
90.7	3.26E-16
91.9	3.23E-16
93	3.22E-16
94.2	3.21E-16
95.4	3.19E-16
96.6	3.18E-16
97.8	3.17E-16
99	3.15E-16
100	3.15E-16
101	3.14E-16
103	3.11E-16
104	3.09E-16
105	3.09E-16
106	3.08E-16
107	3.07E-16
108	3.07E-16
110	3.05E-16
111	3.04E-16
112	3.04E-16
113	3.02E-16
114	3.02E-16
116	3.01E-16
117	3E-16
118	2.99E-16
119	2.98E-16
120	2.98E-16
121	2.95E-16
123	2.91E-16
124	2.88E-16
125	2.84E-16
126	2.81E-16
127	2.77E-16
129	2.75E-16
130	2.72E-16
131	2.68E-16
132	2.65E-16
133	2.61E-16
135	2.59E-16
136	2.55E-16
137	2.52E-16
138	2.48E-16
139	2.45E-16
140	2.43E-16
142	2.43E-16
143	2.38E-16
144	2.37E-16
145	2.35E-16
146	2.34E-16
148	2.32E-16
149	2.32E-16
150	2.3E-16
151	2.29E-16
152	2.28E-16
153	2.26E-16
155	2.25E-16
156	2.23E-16
157	2.22E-16
158	2.21E-16
159	2.2E-16
161	2.2E-16
162	2.17E-16
163	2.16E-16
164	2.15E-16
165	2.14E-16
166	2.14E-16
168	2.12E-16
169	2.11E-16
170	2.1E-16
171	2.08E-16
172	2.08E-16
174	2.06E-16
175	2.04E-16
176	2.04E-16
177	2.02E-16
178	2.01E-16
180	2.01E-16
181	2E-16
182	2.01E-16
183	1.98E-16
184	1.98E-16
185	1.97E-16
187	1.95E-16
188	1.95E-16
189	1.95E-16
190	1.94E-16
191	1.94E-16
193	1.94E-16
194	1.92E-16
195	1.92E-16
196	1.91E-16
197	1.9E-16
198	1.91E-16
200	1.9E-16
-1
