## eqation: e+C_2F_5->C_2F_5(+)+e+e
## type : Dissociation
##unit:        eV, cm2
##date:        2008/01/11
##method:      numerial table
##
##ref.auth:    Vasenkov et al.
#
##ref.title: 
##ref.journal: J. Vac. Sci. Technol.A 22(3),May/Jun 2004
##ref.table: TABLE II
##ref.range: 
##
#   Estimated
#
631004
e(-)+C_2F_5->C_2F_5(+)+e(-)+e(-)
12.0
3
631 1  633
-1  +1 +1
2
316
12.7	1.85E-18
13.9	7.77E-18
15.1	1.43E-17
16.3	2.14E-17
17.4	2.67E-17
18.6	3.68E-17
19.8	3.91E-17
21	4.03E-17
22.2	4.68E-17
23.4	5.33E-17
24.6	5.33E-17
25.8	6.16E-17
27	6.4E-17
28.2	6.81E-17
29.3	7.05E-17
30.5	7.29E-17
31.7	7.64E-17
32.9	7.82E-17
34.1	8E-17
35.3	8.88E-17
36.5	9E-17
37.7	9.18E-17
38.9	9.12E-17
40	9.18E-17
41.2	9.83E-17
42.4	9.89E-17
43.6	1.02E-16
44.8	1.08E-16
46	1.08E-16
47.2	1.11E-16
48.4	1.13E-16
49.6	1.14E-16
50.8	1.15E-16
51.9	1.15E-16
53.1	1.17E-16
54.3	1.18E-16
55.5	1.19E-16
56.7	1.21E-16
57.9	1.21E-16
59.1	1.23E-16
60.3	1.24E-16
61.5	1.26E-16
62.6	1.25E-16
63.8	1.27E-16
65	1.28E-16
66.2	1.28E-16
67.4	1.3E-16
68.6	1.31E-16
69.8	1.31E-16
71	1.29E-16
72.2	1.29E-16
73.3	1.28E-16
74.5	1.27E-16
75.7	1.26E-16
76.9	1.26E-16
78.1	1.24E-16
79.3	1.24E-16
80.5	1.23E-16
81.7	1.25E-16
82.9	1.24E-16
84.1	1.24E-16
85.2	1.24E-16
86.4	1.24E-16
87.6	1.24E-16
88.8	1.24E-16
90	1.24E-16
91.2	1.24E-16
92.4	1.21E-16
93.6	1.19E-16
94.8	1.17E-16
95.9	1.16E-16
97.1	1.14E-16
98.3	1.13E-16
99.5	1.08E-16
101	1.07E-16
102	1.05E-16
103	1.05E-16
104	1.04E-16
105	1.03E-16
107	1.03E-16
108	1.03E-16
109	1.02E-16
110	1.02E-16
111	1.02E-16
113	1.02E-16
114	1.02E-16
115	1E-16
116	9.95E-17
117	9.83E-17
119	9.71E-17
120	9.59E-17
121	9.53E-17
122	9.3E-17
123	9.3E-17
124	9.3E-17
126	9.3E-17
127	9.42E-17
128	9.36E-17
129	9.42E-17
130	9.36E-17
132	9.42E-17
133	9.36E-17
134	9.42E-17
135	9.36E-17
136	9.42E-17
138	9.36E-17
139	9.42E-17
140	9.36E-17
141	9.42E-17
142	9.06E-17
144	9.06E-17
145	9.06E-17
146	9.06E-17
147	9.06E-17
148	9.06E-17
149	9.06E-17
151	9.06E-17
152	9.06E-17
153	9.06E-17
154	9.06E-17
155	9.06E-17
157	9.06E-17
158	9.06E-17
159	9.06E-17
160	9.06E-17
161	9.06E-17
163	8.82E-17
164	8.65E-17
165	8.59E-17
166	8.59E-17
167	8.59E-17
169	8.59E-17
170	8.59E-17
171	8.59E-17
172	8.59E-17
173	8.47E-17
174	8.41E-17
176	8.47E-17
177	8.41E-17
178	8.47E-17
179	8.41E-17
180	8.47E-17
182	8.35E-17
183	8.11E-17
184	8E-17
185	8E-17
186	8E-17
188	8E-17
189	8E-17
190	8E-17
191	8E-17
192	7.94E-17
193	7.82E-17
195	7.82E-17
196	7.82E-17
197	7.82E-17
198	7.82E-17
12.7	1.85E-18
13.9	7.77E-18
15.1	1.43E-17
16.3	2.14E-17
17.4	2.67E-17
18.6	3.68E-17
19.8	3.91E-17
21	4.03E-17
22.2	4.68E-17
23.4	5.33E-17
24.6	5.33E-17
25.8	6.16E-17
27	6.4E-17
28.2	6.81E-17
29.3	7.05E-17
30.5	7.29E-17
31.7	7.64E-17
32.9	7.82E-17
34.1	8E-17
35.3	8.88E-17
36.5	9E-17
37.7	9.18E-17
38.9	9.12E-17
40	9.18E-17
41.2	9.83E-17
42.4	9.89E-17
43.6	1.02E-16
44.8	1.08E-16
46	1.08E-16
47.2	1.11E-16
48.4	1.13E-16
49.6	1.14E-16
50.8	1.15E-16
51.9	1.15E-16
53.1	1.17E-16
54.3	1.18E-16
55.5	1.19E-16
56.7	1.21E-16
57.9	1.21E-16
59.1	1.23E-16
60.3	1.24E-16
61.5	1.26E-16
62.6	1.25E-16
63.8	1.27E-16
65	1.28E-16
66.2	1.28E-16
67.4	1.3E-16
68.6	1.31E-16
69.8	1.31E-16
71	1.29E-16
72.2	1.29E-16
73.3	1.28E-16
74.5	1.27E-16
75.7	1.26E-16
76.9	1.26E-16
78.1	1.24E-16
79.3	1.24E-16
80.5	1.23E-16
81.7	1.25E-16
82.9	1.24E-16
84.1	1.24E-16
85.2	1.24E-16
86.4	1.24E-16
87.6	1.24E-16
88.8	1.24E-16
90	1.24E-16
91.2	1.24E-16
92.4	1.21E-16
93.6	1.19E-16
94.8	1.17E-16
95.9	1.16E-16
97.1	1.14E-16
98.3	1.13E-16
99.5	1.08E-16
101	1.07E-16
102	1.05E-16
103	1.05E-16
104	1.04E-16
105	1.03E-16
107	1.03E-16
108	1.03E-16
109	1.02E-16
110	1.02E-16
111	1.02E-16
113	1.02E-16
114	1.02E-16
115	1E-16
116	9.95E-17
117	9.83E-17
119	9.71E-17
120	9.59E-17
121	9.53E-17
122	9.3E-17
123	9.3E-17
124	9.3E-17
126	9.3E-17
127	9.42E-17
128	9.36E-17
129	9.42E-17
130	9.36E-17
132	9.42E-17
133	9.36E-17
134	9.42E-17
135	9.36E-17
136	9.42E-17
138	9.36E-17
139	9.42E-17
140	9.36E-17
141	9.42E-17
142	9.06E-17
144	9.06E-17
145	9.06E-17
146	9.06E-17
147	9.06E-17
148	9.06E-17
149	9.06E-17
151	9.06E-17
152	9.06E-17
153	9.06E-17
154	9.06E-17
155	9.06E-17
157	9.06E-17
158	9.06E-17
159	9.06E-17
160	9.06E-17
161	9.06E-17
163	8.82E-17
164	8.65E-17
165	8.59E-17
166	8.59E-17
167	8.59E-17
169	8.59E-17
170	8.59E-17
171	8.59E-17
172	8.59E-17
173	8.47E-17
174	8.41E-17
176	8.47E-17
177	8.41E-17
178	8.47E-17
179	8.41E-17
180	8.47E-17
182	8.35E-17
183	8.11E-17
184	8E-17
185	8E-17
186	8E-17
188	8E-17
189	8E-17
190	8E-17
191	8E-17
192	7.94E-17
193	7.82E-17
195	7.82E-17
196	7.82E-17
197	7.82E-17
198	7.82E-17
199	7.82E-17
201	7.82E-17
-1
