##equation:    e+C_4F_8->C_2F_4(+)+C_2F_4+e+e
##type:        ion-ion neutralization
##unit:        eV, cm2
##date:        2008/01/15
##method:      numerial table
##
##ref.auth:    Vasenkov et al.
#
##ref.title: 
##ref.journal: J. Vac. Sci. Technol.A 22(3),May/Jun 2004
##ref.table: TABLE II
##ref.range: 
##
#   Estimated
#
646006
e(-)+C_4F_8->C_2F_4(+)+C_2F_4+e(-)+e(-)
17.0
4
646 1  627 625
 -1 +1  +1  +1
3
194
  1.7000E+01 2.7415E-18
  1.7500E+01 1.6436E-17
  1.8000E+01 3.0093E-17
  1.8500E+01 4.3690E-17
  1.9000E+01 5.7206E-17
  1.9500E+01 7.0619E-17
  2.0000E+01 8.3909E-17
  2.0500E+01 9.7055E-17
  2.1000E+01 1.1004E-16
  2.1500E+01 1.2284E-16
  2.2000E+01 1.3545E-16
  2.2500E+01 1.4784E-16
  2.3000E+01 1.6001E-16
  2.3500E+01 1.7193E-16
  2.4000E+01 1.8360E-16
  2.4500E+01 1.9501E-16
  2.5000E+01 2.0614E-16
  2.5500E+01 2.1699E-16
  2.6000E+01 2.2756E-16
  2.6500E+01 2.3782E-16
  2.7500E+01 2.5745E-16
  2.8500E+01 2.7587E-16
  2.9500E+01 2.9306E-16
  3.0500E+01 3.0904E-16
  3.1500E+01 3.2384E-16
  3.2500E+01 3.3748E-16
  3.3500E+01 3.5002E-16
  3.4500E+01 3.6151E-16
  3.5500E+01 3.7199E-16
  3.6500E+01 3.8153E-16
  3.7500E+01 3.9019E-16
  3.8500E+01 3.9803E-16
  3.9500E+01 4.0510E-16
  4.0500E+01 4.1148E-16
  4.1500E+01 4.1721E-16
  4.2500E+01 4.2235E-16
  4.3500E+01 4.2694E-16
  4.4500E+01 4.3104E-16
  4.5500E+01 4.3470E-16
  4.6500E+01 4.3794E-16
  4.7500E+01 4.4082E-16
  4.8500E+01 4.4336E-16
  4.9500E+01 4.4560E-16
  5.0500E+01 4.4758E-16
  5.1500E+01 4.4930E-16
  5.2500E+01 4.5081E-16
  5.3500E+01 4.5212E-16
  5.4500E+01 4.5325E-16
  5.5500E+01 4.5422E-16
  5.6500E+01 4.5505E-16
  5.7500E+01 4.5575E-16
  5.8500E+01 4.5634E-16
  5.9500E+01 4.5683E-16
  6.0500E+01 4.5722E-16
  6.1500E+01 4.5753E-16
  6.2500E+01 4.5777E-16
  6.3500E+01 4.5795E-16
  6.4500E+01 4.5806E-16
  6.5500E+01 4.5813E-16
  6.6500E+01 4.5814E-16
  6.7500E+01 4.5812E-16
  6.8500E+01 4.5806E-16
  6.9500E+01 4.5797E-16
  7.0500E+01 4.5784E-16
  7.1500E+01 4.5769E-16
  7.2500E+01 4.5752E-16
  7.3500E+01 4.5733E-16
  7.4500E+01 4.5711E-16
  7.5500E+01 4.5688E-16
  7.6500E+01 4.5664E-16
  7.7500E+01 4.5638E-16
  7.8500E+01 4.5612E-16
  7.9500E+01 4.5584E-16
  8.0500E+01 4.5555E-16
  8.1500E+01 4.5526E-16
  8.2500E+01 4.5495E-16
  8.3500E+01 4.5464E-16
  8.4500E+01 4.5433E-16
  8.5500E+01 4.5401E-16
  8.6500E+01 4.5368E-16
  8.7500E+01 4.5336E-16
  8.8500E+01 4.5302E-16
  8.9500E+01 4.5269E-16
  9.0500E+01 4.5235E-16
  9.1500E+01 4.5201E-16
  9.2500E+01 4.5167E-16
  9.3500E+01 4.5133E-16
  9.4500E+01 4.5098E-16
  9.5500E+01 4.5063E-16
  9.6500E+01 4.5029E-16
  9.7500E+01 4.4994E-16
  9.8500E+01 4.4959E-16
  9.9500E+01 4.4924E-16
  1.0050E+02 4.4888E-16
  1.0150E+02 4.4853E-16
  1.0250E+02 4.4818E-16
  1.0350E+02 4.4783E-16
  1.0450E+02 4.4747E-16
  1.0550E+02 4.4712E-16
  1.0650E+02 4.4677E-16
  1.0750E+02 4.4641E-16
  1.0850E+02 4.4606E-16
  1.0950E+02 4.4570E-16
  1.1050E+02 4.4535E-16
  1.1150E+02 4.4500E-16
  1.1250E+02 4.4464E-16
  1.1350E+02 4.4429E-16
  1.1450E+02 4.4393E-16
  1.1550E+02 4.4358E-16
  1.1650E+02 4.4323E-16
  1.1750E+02 4.4287E-16
  1.1850E+02 4.4252E-16
  1.1950E+02 4.4217E-16
  1.2050E+02 4.4182E-16
  1.2150E+02 4.4146E-16
  1.2250E+02 4.4111E-16
  1.2350E+02 4.4076E-16
  1.2450E+02 4.4041E-16
  1.2550E+02 4.4005E-16
  1.2650E+02 4.3970E-16
  1.2750E+02 4.3935E-16
  1.2850E+02 4.3900E-16
  1.2950E+02 4.3865E-16
  1.3050E+02 4.3830E-16
  1.3150E+02 4.3795E-16
  1.3250E+02 4.3760E-16
  1.3350E+02 4.3725E-16
  1.3450E+02 4.3690E-16
  1.3550E+02 4.3655E-16
  1.3650E+02 4.3620E-16
  1.3750E+02 4.3585E-16
  1.3850E+02 4.3550E-16
  1.3950E+02 4.3516E-16
  1.4050E+02 4.3481E-16
  1.4150E+02 4.3446E-16
  1.4250E+02 4.3411E-16
  1.4350E+02 4.3377E-16
  1.4450E+02 4.3342E-16
  1.4550E+02 4.3307E-16
  1.4650E+02 4.3273E-16
  1.4750E+02 4.3238E-16
  1.4850E+02 4.3203E-16
  1.4950E+02 4.3169E-16
  1.5050E+02 4.3134E-16
  1.5150E+02 4.3100E-16
  1.5250E+02 4.3065E-16
  1.5350E+02 4.3031E-16
  1.5450E+02 4.2997E-16
  1.5550E+02 4.2962E-16
  1.5650E+02 4.2928E-16
  1.5750E+02 4.2894E-16
  1.5850E+02 4.2859E-16
  1.5950E+02 4.2825E-16
  1.6050E+02 4.2791E-16
  1.6150E+02 4.2756E-16
  1.6250E+02 4.2722E-16
  1.6350E+02 4.2688E-16
  1.6450E+02 4.2654E-16
  1.6550E+02 4.2620E-16
  1.6650E+02 4.2586E-16
  1.6750E+02 4.2552E-16
  1.6850E+02 4.2518E-16
  1.6950E+02 4.2484E-16
  1.7050E+02 4.2450E-16
  1.7150E+02 4.2416E-16
  1.7250E+02 4.2382E-16
  1.7350E+02 4.2348E-16
  1.7450E+02 4.2314E-16
  1.7550E+02 4.2280E-16
  1.7650E+02 4.2246E-16
  1.7750E+02 4.2213E-16
  1.7850E+02 4.2179E-16
  1.7950E+02 4.2145E-16
  1.8050E+02 4.2112E-16
  1.8150E+02 4.2078E-16
  1.8250E+02 4.2044E-16
  1.8350E+02 4.2011E-16
  1.8450E+02 4.1977E-16
  1.8550E+02 4.1943E-16
  1.8650E+02 4.1910E-16
  1.8750E+02 4.1876E-16
  1.8850E+02 4.1843E-16
  1.8950E+02 4.1809E-16
  1.9050E+02 4.1776E-16
  1.9150E+02 4.1743E-16
  1.9250E+02 4.1709E-16
  1.9350E+02 4.1676E-16
  1.9450E+02 4.1642E-16
  1.9550E+02 4.1609E-16
  1.9650E+02 4.1576E-16
  1.9750E+02 4.1543E-16
  1.9850E+02 4.1509E-16
  1.9950E+02 4.1476E-16
  2.0050E+02 4.1443E-16
-1
0.00E+00  0.00E+00  0.00E+00
