##equation:    e+C_4F_8->CF_2(+)+C_3F_6+e+e
##type:        ion-ion neutralization
##unit:        eV, cm2
##date:        2008/01/15
##method:      numerial table
##
##ref.auth:    Vasenkov et al.
#
##ref.title: 
##ref.journal: J. Vac. Sci. Technol.A 22(3),May/Jun 2004
##ref.table: TABLE II
##ref.range: 
##
#   Estimated
#
646009
e(-)+C_4F_8->CF_2(+)+C_3F_6+e(-)+e(-)
19.9
4
646 1  618 640
 -1 +1 +1  +1
3
191
  1.9900E+01 2.9587E-19
  2.0400E+01 1.7727E-18
  2.0900E+01 3.2451E-18
  2.1400E+01 4.7127E-18
  2.1900E+01 6.1750E-18
  2.2400E+01 7.6319E-18
  2.2900E+01 9.0828E-18
  2.3400E+01 1.0527E-17
  2.3900E+01 1.1966E-17
  2.4400E+01 1.3397E-17
  2.4900E+01 1.4820E-17
  2.5400E+01 1.6236E-17
  2.5900E+01 1.7645E-17
  2.6400E+01 1.9044E-17
  2.6900E+01 2.0436E-17
  2.7400E+01 2.1818E-17
  2.7900E+01 2.3191E-17
  2.8400E+01 2.4554E-17
  2.8900E+01 2.5908E-17
  2.9400E+01 2.7251E-17
  3.0400E+01 2.9907E-17
  3.1400E+01 3.2519E-17
  3.2400E+01 3.5085E-17
  3.3400E+01 3.7604E-17
  3.4400E+01 4.0073E-17
  3.5400E+01 4.2492E-17
  3.6400E+01 4.4859E-17
  3.7400E+01 4.7172E-17
  3.8400E+01 4.9431E-17
  3.9400E+01 5.1634E-17
  4.0400E+01 5.3781E-17
  4.1400E+01 5.5871E-17
  4.2400E+01 5.7904E-17
  4.3400E+01 5.9879E-17
  4.4400E+01 6.1795E-17
  4.5400E+01 6.3654E-17
  4.6400E+01 6.5455E-17
  4.7400E+01 6.7197E-17
  4.8400E+01 6.8882E-17
  4.9400E+01 7.0509E-17
  5.0400E+01 7.2080E-17
  5.1400E+01 7.3594E-17
  5.2400E+01 7.5052E-17
  5.3400E+01 7.6454E-17
  5.4400E+01 7.7803E-17
  5.5400E+01 7.9098E-17
  5.6400E+01 8.0340E-17
  5.7400E+01 8.1531E-17
  5.8400E+01 8.2671E-17
  5.9400E+01 8.3762E-17
  6.0400E+01 8.4803E-17
  6.1400E+01 8.5798E-17
  6.2400E+01 8.6746E-17
  6.3400E+01 8.7649E-17
  6.4400E+01 8.8508E-17
  6.5400E+01 8.9324E-17
  6.6400E+01 9.0099E-17
  6.7400E+01 9.0833E-17
  6.8400E+01 9.1528E-17
  6.9400E+01 9.2185E-17
  7.0400E+01 9.2805E-17
  7.1400E+01 9.3389E-17
  7.2400E+01 9.3939E-17
  7.3400E+01 9.4455E-17
  7.4400E+01 9.4939E-17
  7.5400E+01 9.5392E-17
  7.6400E+01 9.5815E-17
  7.7400E+01 9.6209E-17
  7.8400E+01 9.6575E-17
  7.9400E+01 9.6914E-17
  8.0400E+01 9.7227E-17
  8.1400E+01 9.7516E-17
  8.2400E+01 9.7780E-17
  8.3400E+01 9.8021E-17
  8.4400E+01 9.8240E-17
  8.5400E+01 9.8438E-17
  8.6400E+01 9.8616E-17
  8.7400E+01 9.8774E-17
  8.8400E+01 9.8913E-17
  8.9400E+01 9.9034E-17
  9.0400E+01 9.9138E-17
  9.1400E+01 9.9226E-17
  9.2400E+01 9.9297E-17
  9.3400E+01 9.9354E-17
  9.4400E+01 9.9396E-17
  9.5400E+01 9.9424E-17
  9.6400E+01 9.9439E-17
  9.7400E+01 9.9442E-17
  9.8400E+01 9.9432E-17
  9.9400E+01 9.9411E-17
  1.0040E+02 9.9379E-17
  1.0140E+02 9.9336E-17
  1.0240E+02 9.9283E-17
  1.0340E+02 9.9221E-17
  1.0440E+02 9.9149E-17
  1.0540E+02 9.9069E-17
  1.0640E+02 9.8981E-17
  1.0740E+02 9.8885E-17
  1.0840E+02 9.8781E-17
  1.0940E+02 9.8670E-17
  1.1040E+02 9.8552E-17
  1.1140E+02 9.8428E-17
  1.1240E+02 9.8298E-17
  1.1340E+02 9.8162E-17
  1.1440E+02 9.8020E-17
  1.1540E+02 9.7873E-17
  1.1640E+02 9.7721E-17
  1.1740E+02 9.7564E-17
  1.1840E+02 9.7403E-17
  1.1940E+02 9.7237E-17
  1.2040E+02 9.7068E-17
  1.2140E+02 9.6895E-17
  1.2240E+02 9.6718E-17
  1.2340E+02 9.6537E-17
  1.2440E+02 9.6354E-17
  1.2540E+02 9.6167E-17
  1.2640E+02 9.5977E-17
  1.2740E+02 9.5785E-17
  1.2840E+02 9.5590E-17
  1.2940E+02 9.5393E-17
  1.3040E+02 9.5193E-17
  1.3140E+02 9.4992E-17
  1.3240E+02 9.4788E-17
  1.3340E+02 9.4582E-17
  1.3440E+02 9.4375E-17
  1.3540E+02 9.4166E-17
  1.3640E+02 9.3955E-17
  1.3740E+02 9.3743E-17
  1.3840E+02 9.3530E-17
  1.3940E+02 9.3315E-17
  1.4040E+02 9.3099E-17
  1.4140E+02 9.2882E-17
  1.4240E+02 9.2664E-17
  1.4340E+02 9.2446E-17
  1.4440E+02 9.2226E-17
  1.4540E+02 9.2005E-17
  1.4640E+02 9.1784E-17
  1.4740E+02 9.1562E-17
  1.4840E+02 9.1340E-17
  1.4940E+02 9.1117E-17
  1.5040E+02 9.0893E-17
  1.5140E+02 9.0669E-17
  1.5240E+02 9.0445E-17
  1.5340E+02 9.0220E-17
  1.5440E+02 8.9995E-17
  1.5540E+02 8.9770E-17
  1.5640E+02 8.9544E-17
  1.5740E+02 8.9319E-17
  1.5840E+02 8.9093E-17
  1.5940E+02 8.8867E-17
  1.6040E+02 8.8641E-17
  1.6140E+02 8.8415E-17
  1.6240E+02 8.8189E-17
  1.6340E+02 8.7963E-17
  1.6440E+02 8.7737E-17
  1.6540E+02 8.7512E-17
  1.6640E+02 8.7286E-17
  1.6740E+02 8.7060E-17
  1.6840E+02 8.6835E-17
  1.6940E+02 8.6610E-17
  1.7040E+02 8.6385E-17
  1.7140E+02 8.6160E-17
  1.7240E+02 8.5935E-17
  1.7340E+02 8.5711E-17
  1.7440E+02 8.5487E-17
  1.7540E+02 8.5263E-17
  1.7640E+02 8.5039E-17
  1.7740E+02 8.4816E-17
  1.7840E+02 8.4593E-17
  1.7940E+02 8.4370E-17
  1.8040E+02 8.4148E-17
  1.8140E+02 8.3926E-17
  1.8240E+02 8.3705E-17
  1.8340E+02 8.3484E-17
  1.8440E+02 8.3263E-17
  1.8540E+02 8.3042E-17
  1.8640E+02 8.2822E-17
  1.8740E+02 8.2603E-17
  1.8840E+02 8.2384E-17
  1.8940E+02 8.2165E-17
  1.9040E+02 8.1947E-17
  1.9140E+02 8.1729E-17
  1.9240E+02 8.1511E-17
  1.9340E+02 8.1294E-17
  1.9440E+02 8.1078E-17
  1.9540E+02 8.0862E-17
  1.9640E+02 8.0646E-17
  1.9740E+02 8.0431E-17
  1.9840E+02 8.0216E-17
  1.9940E+02 8.0002E-17
  2.0040E+02 7.9788E-17
-1
0.00E+00  0.00E+00  0.00E+00
