##equation:    e+C_4F_8->CF_3(+)+C_3F_5+e+e
##type:        ion-ion neutralization
##unit:        eV, cm2
##date:        2008/01/15
##method:      numerial table
##
##ref.auth:    Vasenkov et al.
#
##ref.title: 
##ref.journal: J. Vac. Sci. Technol.A 22(3),May/Jun 2004
##ref.table: TABLE II
##ref.range: 
##
#   Estimated
#
646008
e(-)+C_4F_8->CF_3(+)+C_3F_5+e(-)+e(-)
19.1
4
646 1 615 643
 -1 +1 +1  +1
3
192
  1.9100E+01 7.3428E-19
  1.9600E+01 4.4013E-18
  2.0100E+01 8.0588E-18
  2.0600E+01 1.1704E-17
  2.1100E+01 1.5333E-17
  2.1600E+01 1.8944E-17
  2.2100E+01 2.2534E-17
  2.2600E+01 2.6099E-17
  2.3100E+01 2.9638E-17
  2.3600E+01 3.3146E-17
  2.4100E+01 3.6623E-17
  2.4600E+01 4.0065E-17
  2.5100E+01 4.3469E-17
  2.5600E+01 4.6835E-17
  2.6100E+01 5.0158E-17
  2.6600E+01 5.3438E-17
  2.7100E+01 5.6672E-17
  2.7600E+01 5.9859E-17
  2.8100E+01 6.2996E-17
  2.8600E+01 6.6082E-17
  2.9600E+01 7.2097E-17
  3.0600E+01 7.7893E-17
  3.1600E+01 8.3461E-17
  3.2600E+01 8.8797E-17
  3.3600E+01 9.3895E-17
  3.4600E+01 9.8754E-17
  3.5600E+01 1.0337E-16
  3.6600E+01 1.0775E-16
  3.7600E+01 1.1189E-16
  3.8600E+01 1.1581E-16
  3.9600E+01 1.1949E-16
  4.0600E+01 1.2295E-16
  4.1600E+01 1.2619E-16
  4.2600E+01 1.2923E-16
  4.3600E+01 1.3206E-16
  4.4600E+01 1.3470E-16
  4.5600E+01 1.3716E-16
  4.6600E+01 1.3945E-16
  4.7600E+01 1.4156E-16
  4.8600E+01 1.4352E-16
  4.9600E+01 1.4532E-16
  5.0600E+01 1.4699E-16
  5.1600E+01 1.4852E-16
  5.2600E+01 1.4992E-16
  5.3600E+01 1.5121E-16
  5.4600E+01 1.5238E-16
  5.5600E+01 1.5345E-16
  5.6600E+01 1.5443E-16
  5.7600E+01 1.5531E-16
  5.8600E+01 1.5611E-16
  5.9600E+01 1.5683E-16
  6.0600E+01 1.5747E-16
  6.1600E+01 1.5805E-16
  6.2600E+01 1.5857E-16
  6.3600E+01 1.5902E-16
  6.4600E+01 1.5942E-16
  6.5600E+01 1.5977E-16
  6.6600E+01 1.6008E-16
  6.7600E+01 1.6034E-16
  6.8600E+01 1.6056E-16
  6.9600E+01 1.6074E-16
  7.0600E+01 1.6089E-16
  7.1600E+01 1.6101E-16
  7.2600E+01 1.6109E-16
  7.3600E+01 1.6115E-16
  7.4600E+01 1.6119E-16
  7.5600E+01 1.6120E-16
  7.6600E+01 1.6119E-16
  7.7600E+01 1.6117E-16
  7.8600E+01 1.6112E-16
  7.9600E+01 1.6106E-16
  8.0600E+01 1.6098E-16
  8.1600E+01 1.6089E-16
  8.2600E+01 1.6078E-16
  8.3600E+01 1.6067E-16
  8.4600E+01 1.6054E-16
  8.5600E+01 1.6040E-16
  8.6600E+01 1.6025E-16
  8.7600E+01 1.6010E-16
  8.8600E+01 1.5993E-16
  8.9600E+01 1.5976E-16
  9.0600E+01 1.5959E-16
  9.1600E+01 1.5941E-16
  9.2600E+01 1.5922E-16
  9.3600E+01 1.5902E-16
  9.4600E+01 1.5883E-16
  9.5600E+01 1.5862E-16
  9.6600E+01 1.5842E-16
  9.7600E+01 1.5821E-16
  9.8600E+01 1.5800E-16
  9.9600E+01 1.5778E-16
  1.0060E+02 1.5756E-16
  1.0160E+02 1.5734E-16
  1.0260E+02 1.5712E-16
  1.0360E+02 1.5690E-16
  1.0460E+02 1.5667E-16
  1.0560E+02 1.5644E-16
  1.0660E+02 1.5621E-16
  1.0760E+02 1.5598E-16
  1.0860E+02 1.5575E-16
  1.0960E+02 1.5552E-16
  1.1060E+02 1.5529E-16
  1.1160E+02 1.5505E-16
  1.1260E+02 1.5482E-16
  1.1360E+02 1.5458E-16
  1.1460E+02 1.5434E-16
  1.1560E+02 1.5411E-16
  1.1660E+02 1.5387E-16
  1.1760E+02 1.5363E-16
  1.1860E+02 1.5339E-16
  1.1960E+02 1.5316E-16
  1.2060E+02 1.5292E-16
  1.2160E+02 1.5268E-16
  1.2260E+02 1.5244E-16
  1.2360E+02 1.5220E-16
  1.2460E+02 1.5196E-16
  1.2560E+02 1.5172E-16
  1.2660E+02 1.5149E-16
  1.2760E+02 1.5125E-16
  1.2860E+02 1.5101E-16
  1.2960E+02 1.5077E-16
  1.3060E+02 1.5053E-16
  1.3160E+02 1.5029E-16
  1.3260E+02 1.5006E-16
  1.3360E+02 1.4982E-16
  1.3460E+02 1.4958E-16
  1.3560E+02 1.4934E-16
  1.3660E+02 1.4911E-16
  1.3760E+02 1.4887E-16
  1.3860E+02 1.4863E-16
  1.3960E+02 1.4840E-16
  1.4060E+02 1.4816E-16
  1.4160E+02 1.4793E-16
  1.4260E+02 1.4769E-16
  1.4360E+02 1.4745E-16
  1.4460E+02 1.4722E-16
  1.4560E+02 1.4699E-16
  1.4660E+02 1.4675E-16
  1.4760E+02 1.4652E-16
  1.4860E+02 1.4628E-16
  1.4960E+02 1.4605E-16
  1.5060E+02 1.4582E-16
  1.5160E+02 1.4558E-16
  1.5260E+02 1.4535E-16
  1.5360E+02 1.4512E-16
  1.5460E+02 1.4489E-16
  1.5560E+02 1.4466E-16
  1.5660E+02 1.4443E-16
  1.5760E+02 1.4420E-16
  1.5860E+02 1.4397E-16
  1.5960E+02 1.4374E-16
  1.6060E+02 1.4351E-16
  1.6160E+02 1.4328E-16
  1.6260E+02 1.4305E-16
  1.6360E+02 1.4282E-16
  1.6460E+02 1.4259E-16
  1.6560E+02 1.4236E-16
  1.6660E+02 1.4214E-16
  1.6760E+02 1.4191E-16
  1.6860E+02 1.4168E-16
  1.6960E+02 1.4146E-16
  1.7060E+02 1.4123E-16
  1.7160E+02 1.4100E-16
  1.7260E+02 1.4078E-16
  1.7360E+02 1.4055E-16
  1.7460E+02 1.4033E-16
  1.7560E+02 1.4010E-16
  1.7660E+02 1.3988E-16
  1.7760E+02 1.3966E-16
  1.7860E+02 1.3943E-16
  1.7960E+02 1.3921E-16
  1.8060E+02 1.3899E-16
  1.8160E+02 1.3877E-16
  1.8260E+02 1.3854E-16
  1.8360E+02 1.3832E-16
  1.8460E+02 1.3810E-16
  1.8560E+02 1.3788E-16
  1.8660E+02 1.3766E-16
  1.8760E+02 1.3744E-16
  1.8860E+02 1.3722E-16
  1.8960E+02 1.3700E-16
  1.9060E+02 1.3678E-16
  1.9160E+02 1.3656E-16
  1.9260E+02 1.3635E-16
  1.9360E+02 1.3613E-16
  1.9460E+02 1.3591E-16
  1.9560E+02 1.3569E-16
  1.9660E+02 1.3548E-16
  1.9760E+02 1.3526E-16
  1.9860E+02 1.3504E-16
  1.9960E+02 1.3483E-16
  2.0060E+02 1.3461E-16
-1
0.00E+00  0.00E+00  0.00E+00
