##equation:    e+C_4F_8->C_3F_5(+)+CF_3+e+e
##type:        ion-ion neutralization
##unit:        eV, cm2
##date:        2008/01/15
##method:      numerial table
##
##ref.auth:    Vasenkov et al.
#
##ref.title: 
##ref.journal: J. Vac. Sci. Technol.A 22(3),May/Jun 2004
##ref.table: TABLE II
##ref.range: 
##
#   Estimated
#
646005
e(-)+C_4F_8->C_3F_5(+)+CF_3+e(-)+e(-)
17.6
4
646 1 645 613
 -1 +1 +1  +1
3
193
  1.7600E+01 2.5245E-18
  1.8100E+01 1.5143E-17
  1.8600E+01 2.7739E-17
  1.9100E+01 4.0293E-17
  1.9600E+01 5.2786E-17
  2.0100E+01 6.5199E-17
  2.0600E+01 7.7513E-17
  2.1100E+01 8.9711E-17
  2.1600E+01 1.0178E-16
  2.2100E+01 1.1369E-16
  2.2600E+01 1.2544E-16
  2.3100E+01 1.3700E-16
  2.3600E+01 1.4838E-16
  2.4100E+01 1.5955E-16
  2.4600E+01 1.7049E-16
  2.5100E+01 1.8122E-16
  2.5600E+01 1.9170E-16
  2.6100E+01 2.0194E-16
  2.6600E+01 2.1192E-16
  2.7100E+01 2.2165E-16
  2.8100E+01 2.4031E-16
  2.9100E+01 2.5790E-16
  3.0100E+01 2.7440E-16
  3.1100E+01 2.8982E-16
  3.2100E+01 3.0417E-16
  3.3100E+01 3.1749E-16
  3.4100E+01 3.2980E-16
  3.5100E+01 3.4114E-16
  3.6100E+01 3.5158E-16
  3.7100E+01 3.6114E-16
  3.8100E+01 3.6989E-16
  3.9100E+01 3.7788E-16
  4.0100E+01 3.8516E-16
  4.1100E+01 3.9179E-16
  4.2100E+01 3.9780E-16
  4.3100E+01 4.0326E-16
  4.4100E+01 4.0820E-16
  4.5100E+01 4.1267E-16
  4.6100E+01 4.1672E-16
  4.7100E+01 4.2037E-16
  4.8100E+01 4.2367E-16
  4.9100E+01 4.2664E-16
  5.0100E+01 4.2933E-16
  5.1100E+01 4.3175E-16
  5.2100E+01 4.3392E-16
  5.3100E+01 4.3589E-16
  5.4100E+01 4.3766E-16
  5.5100E+01 4.3925E-16
  5.6100E+01 4.4069E-16
  5.7100E+01 4.4198E-16
  5.8100E+01 4.4315E-16
  5.9100E+01 4.4420E-16
  6.0100E+01 4.4515E-16
  6.1100E+01 4.4601E-16
  6.2100E+01 4.4678E-16
  6.3100E+01 4.4748E-16
  6.4100E+01 4.4811E-16
  6.5100E+01 4.4869E-16
  6.6100E+01 4.4921E-16
  6.7100E+01 4.4968E-16
  6.8100E+01 4.5011E-16
  6.9100E+01 4.5050E-16
  7.0100E+01 4.5085E-16
  7.1100E+01 4.5118E-16
  7.2100E+01 4.5148E-16
  7.3100E+01 4.5175E-16
  7.4100E+01 4.5200E-16
  7.5100E+01 4.5223E-16
  7.6100E+01 4.5244E-16
  7.7100E+01 4.5264E-16
  7.8100E+01 4.5282E-16
  7.9100E+01 4.5299E-16
  8.0100E+01 4.5315E-16
  8.1100E+01 4.5330E-16
  8.2100E+01 4.5344E-16
  8.3100E+01 4.5357E-16
  8.4100E+01 4.5370E-16
  8.5100E+01 4.5382E-16
  8.6100E+01 4.5393E-16
  8.7100E+01 4.5404E-16
  8.8100E+01 4.5414E-16
  8.9100E+01 4.5424E-16
  9.0100E+01 4.5433E-16
  9.1100E+01 4.5443E-16
  9.2100E+01 4.5451E-16
  9.3100E+01 4.5460E-16
  9.4100E+01 4.5468E-16
  9.5100E+01 4.5476E-16
  9.6100E+01 4.5484E-16
  9.7100E+01 4.5492E-16
  9.8100E+01 4.5500E-16
  9.9100E+01 4.5507E-16
  1.0010E+02 4.5515E-16
  1.0110E+02 4.5522E-16
  1.0210E+02 4.5529E-16
  1.0310E+02 4.5536E-16
  1.0410E+02 4.5543E-16
  1.0510E+02 4.5550E-16
  1.0610E+02 4.5557E-16
  1.0710E+02 4.5564E-16
  1.0810E+02 4.5571E-16
  1.0910E+02 4.5578E-16
  1.1010E+02 4.5584E-16
  1.1110E+02 4.5591E-16
  1.1210E+02 4.5598E-16
  1.1310E+02 4.5604E-16
  1.1410E+02 4.5611E-16
  1.1510E+02 4.5618E-16
  1.1610E+02 4.5624E-16
  1.1710E+02 4.5631E-16
  1.1810E+02 4.5637E-16
  1.1910E+02 4.5644E-16
  1.2010E+02 4.5650E-16
  1.2110E+02 4.5657E-16
  1.2210E+02 4.5663E-16
  1.2310E+02 4.5670E-16
  1.2410E+02 4.5676E-16
  1.2510E+02 4.5682E-16
  1.2610E+02 4.5689E-16
  1.2710E+02 4.5695E-16
  1.2810E+02 4.5702E-16
  1.2910E+02 4.5708E-16
  1.3010E+02 4.5715E-16
  1.3110E+02 4.5721E-16
  1.3210E+02 4.5728E-16
  1.3310E+02 4.5734E-16
  1.3410E+02 4.5740E-16
  1.3510E+02 4.5747E-16
  1.3610E+02 4.5753E-16
  1.3710E+02 4.5760E-16
  1.3810E+02 4.5766E-16
  1.3910E+02 4.5773E-16
  1.4010E+02 4.5779E-16
  1.4110E+02 4.5785E-16
  1.4210E+02 4.5792E-16
  1.4310E+02 4.5798E-16
  1.4410E+02 4.5805E-16
  1.4510E+02 4.5811E-16
  1.4610E+02 4.5817E-16
  1.4710E+02 4.5824E-16
  1.4810E+02 4.5830E-16
  1.4910E+02 4.5837E-16
  1.5010E+02 4.5843E-16
  1.5110E+02 4.5850E-16
  1.5210E+02 4.5856E-16
  1.5310E+02 4.5862E-16
  1.5410E+02 4.5869E-16
  1.5510E+02 4.5875E-16
  1.5610E+02 4.5882E-16
  1.5710E+02 4.5888E-16
  1.5810E+02 4.5895E-16
  1.5910E+02 4.5901E-16
  1.6010E+02 4.5907E-16
  1.6110E+02 4.5914E-16
  1.6210E+02 4.5920E-16
  1.6310E+02 4.5927E-16
  1.6410E+02 4.5933E-16
  1.6510E+02 4.5940E-16
  1.6610E+02 4.5946E-16
  1.6710E+02 4.5952E-16
  1.6810E+02 4.5959E-16
  1.6910E+02 4.5965E-16
  1.7010E+02 4.5972E-16
  1.7110E+02 4.5978E-16
  1.7210E+02 4.5985E-16
  1.7310E+02 4.5991E-16
  1.7410E+02 4.5997E-16
  1.7510E+02 4.6004E-16
  1.7610E+02 4.6010E-16
  1.7710E+02 4.6017E-16
  1.7810E+02 4.6023E-16
  1.7910E+02 4.6030E-16
  1.8010E+02 4.6036E-16
  1.8110E+02 4.6043E-16
  1.8210E+02 4.6049E-16
  1.8310E+02 4.6055E-16
  1.8410E+02 4.6062E-16
  1.8510E+02 4.6068E-16
  1.8610E+02 4.6075E-16
  1.8710E+02 4.6081E-16
  1.8810E+02 4.6088E-16
  1.8910E+02 4.6094E-16
  1.9010E+02 4.6101E-16
  1.9110E+02 4.6107E-16
  1.9210E+02 4.6114E-16
  1.9310E+02 4.6120E-16
  1.9410E+02 4.6126E-16
  1.9510E+02 4.6133E-16
  1.9610E+02 4.6139E-16
  1.9710E+02 4.6146E-16
  1.9810E+02 4.6152E-16
  1.9910E+02 4.6159E-16
  2.0010E+02 4.6165E-16
-1
0.00E+00  0.00E+00  0.00E+00
