# reaction: e+C_4F_8->C_2F_4+C_2F_4+e
## type : Dissociation
##unit:        eV, cm2
##date:        2008/01/15
##method:      numerial table
##
##ref.auth:    Vasenkov et al.
#
##ref.title: 
##ref.journal: J. Vac. Sci. Technol.A 22(3),May/Jun 2004
##ref.table: TABLE II
##ref.range: 
##
#   Estimated
#
646002
e(-)+C_4F_8->C_2F_4+C_2F_4+e(-)
7.0
3
646 1 625
-1  0 +2 
3
500
  7.0        1.0e-30
  7.4000E+00 1.0481E-17
  7.5000E+00 2.0747E-17
  7.6000E+00 3.0671E-17
  7.7000E+00 4.0240E-17
  7.8000E+00 4.9457E-17
  7.9000E+00 5.8332E-17
  8.0000E+00 6.6875E-17
  9.0000E+00 1.3670E-16
  1.0000E+01 1.8511E-16
  1.1000E+01 2.1921E-16
  1.2000E+01 2.4348E-16
  1.3000E+01 2.6084E-16
  1.4000E+01 2.7321E-16
  1.5000E+01 2.8192E-16
  1.6000E+01 2.8792E-16
  1.7000E+01 2.9187E-16
  1.8000E+01 2.9425E-16
  1.9000E+01 2.9543E-16
  2.0000E+01 2.9569E-16
  2.1000E+01 2.9523E-16
  2.2000E+01 2.9422E-16
  2.3000E+01 2.9276E-16
  2.4000E+01 2.9097E-16
  2.5000E+01 2.8891E-16
  2.6000E+01 2.8666E-16
  2.7000E+01 2.8425E-16
  2.8000E+01 2.8172E-16
  2.9000E+01 2.7911E-16
  3.0000E+01 2.7644E-16
  3.1000E+01 2.7374E-16
  3.2000E+01 2.7101E-16
  3.3000E+01 2.6827E-16
  3.4000E+01 2.6554E-16
  3.5000E+01 2.6281E-16
  3.6000E+01 2.6010E-16
  3.7000E+01 2.5742E-16
  3.8000E+01 2.5476E-16
  3.9000E+01 2.5214E-16
  4.0000E+01 2.4954E-16
  4.1000E+01 2.4699E-16
  4.2000E+01 2.4447E-16
  4.3000E+01 2.4199E-16
  4.4000E+01 2.3955E-16
  4.5000E+01 2.3715E-16
  4.6000E+01 2.3479E-16
  4.7000E+01 2.3248E-16
  4.8000E+01 2.3020E-16
  4.9000E+01 2.2796E-16
  5.0000E+01 2.2576E-16
  5.1000E+01 2.2361E-16
  5.2000E+01 2.2149E-16
  5.3000E+01 2.1941E-16
  5.4000E+01 2.1736E-16
  5.5000E+01 2.1536E-16
  5.6000E+01 2.1339E-16
  5.7000E+01 2.1145E-16
  5.8000E+01 2.0955E-16
  5.9000E+01 2.0769E-16
  6.0000E+01 2.0586E-16
  6.1000E+01 2.0406E-16
  6.2000E+01 2.0229E-16
  6.3000E+01 2.0056E-16
  6.4000E+01 1.9885E-16
  6.5000E+01 1.9718E-16
  6.6000E+01 1.9554E-16
  6.7000E+01 1.9392E-16
  6.8000E+01 1.9233E-16
  6.9000E+01 1.9077E-16
  7.0000E+01 1.8924E-16
  7.1000E+01 1.8773E-16
  7.2000E+01 1.8624E-16
  7.3000E+01 1.8479E-16
  7.4000E+01 1.8335E-16
  7.5000E+01 1.8194E-16
  7.6000E+01 1.8056E-16
  7.7000E+01 1.7919E-16
  7.8000E+01 1.7785E-16
  7.9000E+01 1.7653E-16
  8.0000E+01 1.7523E-16
  8.1000E+01 1.7395E-16
  8.2000E+01 1.7269E-16
  8.3000E+01 1.7145E-16
  8.4000E+01 1.7023E-16
  8.5000E+01 1.6903E-16
  8.6000E+01 1.6785E-16
  8.7000E+01 1.6668E-16
  8.8000E+01 1.6553E-16
  8.9000E+01 1.6440E-16
  9.0000E+01 1.6329E-16
  9.1000E+01 1.6219E-16
  9.2000E+01 1.6111E-16
  9.3000E+01 1.6004E-16
  9.4000E+01 1.5899E-16
  9.5000E+01 1.5796E-16
  9.6000E+01 1.5694E-16
  9.7000E+01 1.5593E-16
  9.8000E+01 1.5494E-16
  9.9000E+01 1.5396E-16
  1.0000E+02 1.5299E-16
  1.0100E+02 1.5204E-16
  1.0200E+02 1.5110E-16
  1.0300E+02 1.5018E-16
  1.0400E+02 1.4926E-16
  1.0500E+02 1.4836E-16
  1.0600E+02 1.4747E-16
  1.0700E+02 1.4659E-16
  1.0800E+02 1.4573E-16
  1.0900E+02 1.4487E-16
  1.1000E+02 1.4403E-16
  1.1100E+02 1.4319E-16
  1.1200E+02 1.4237E-16
  1.1300E+02 1.4156E-16
  1.1400E+02 1.4076E-16
  1.1500E+02 1.3996E-16
  1.1600E+02 1.3918E-16
  1.1700E+02 1.3841E-16
  1.1800E+02 1.3764E-16
  1.1900E+02 1.3689E-16
  1.2000E+02 1.3614E-16
  1.2100E+02 1.3541E-16
  1.2200E+02 1.3468E-16
  1.2300E+02 1.3396E-16
  1.2400E+02 1.3325E-16
  1.2500E+02 1.3255E-16
  1.2600E+02 1.3185E-16
  1.2700E+02 1.3117E-16
  1.2800E+02 1.3049E-16
  1.2900E+02 1.2982E-16
  1.3000E+02 1.2916E-16
  1.3100E+02 1.2850E-16
  1.3200E+02 1.2785E-16
  1.3300E+02 1.2721E-16
  1.3400E+02 1.2658E-16
  1.3500E+02 1.2595E-16
  1.3600E+02 1.2533E-16
  1.3700E+02 1.2472E-16
  1.3800E+02 1.2411E-16
  1.3900E+02 1.2351E-16
  1.4000E+02 1.2292E-16
  1.4100E+02 1.2233E-16
  1.4200E+02 1.2175E-16
  1.4300E+02 1.2117E-16
  1.4400E+02 1.2060E-16
  1.4500E+02 1.2004E-16
  1.4600E+02 1.1948E-16
  1.4700E+02 1.1893E-16
  1.4800E+02 1.1838E-16
  1.4900E+02 1.1784E-16
  1.5000E+02 1.1731E-16
  1.5100E+02 1.1678E-16
  1.5200E+02 1.1625E-16
  1.5300E+02 1.1573E-16
  1.5400E+02 1.1522E-16
  1.5500E+02 1.1471E-16
  1.5600E+02 1.1420E-16
  1.5700E+02 1.1370E-16
  1.5800E+02 1.1321E-16
  1.5900E+02 1.1272E-16
  1.6000E+02 1.1223E-16
  1.6100E+02 1.1175E-16
  1.6200E+02 1.1128E-16
  1.6300E+02 1.1080E-16
  1.6400E+02 1.1034E-16
  1.6500E+02 1.0987E-16
  1.6600E+02 1.0942E-16
  1.6700E+02 1.0896E-16
  1.6800E+02 1.0851E-16
  1.6900E+02 1.0806E-16
  1.7000E+02 1.0762E-16
  1.7100E+02 1.0718E-16
  1.7200E+02 1.0675E-16
  1.7300E+02 1.0632E-16
  1.7400E+02 1.0589E-16
  1.7500E+02 1.0547E-16
  1.7600E+02 1.0505E-16
  1.7700E+02 1.0464E-16
  1.7800E+02 1.0422E-16
  1.7900E+02 1.0382E-16
  1.8000E+02 1.0341E-16
  1.8100E+02 1.0301E-16
  1.8200E+02 1.0261E-16
  1.8300E+02 1.0222E-16
  1.8400E+02 1.0183E-16
  1.8500E+02 1.0144E-16
  1.8600E+02 1.0105E-16
  1.8700E+02 1.0067E-16
  1.8800E+02 1.0029E-16
  1.8900E+02 9.9920E-17
  1.9000E+02 9.9548E-17
  1.9100E+02 9.9179E-17
  1.9200E+02 9.8813E-17
  1.9300E+02 9.8450E-17
  1.9400E+02 9.8090E-17
  1.9500E+02 9.7733E-17
  1.9600E+02 9.7379E-17
  1.9700E+02 9.7028E-17
  1.9800E+02 9.6679E-17
  1.9900E+02 9.6333E-17
  2.0000E+02 9.5990E-17
  2.0100E+02 9.5650E-17
  2.0200E+02 9.5312E-17
  2.0300E+02 9.4977E-17
  2.0400E+02 9.4644E-17
  2.0500E+02 9.4314E-17
  2.0600E+02 9.3987E-17
  2.0700E+02 9.3662E-17
  2.0800E+02 9.3340E-17
  2.0900E+02 9.3020E-17
  2.1000E+02 9.2702E-17
  2.1100E+02 9.2387E-17
  2.1200E+02 9.2074E-17
  2.1300E+02 9.1764E-17
  2.1400E+02 9.1455E-17
  2.1500E+02 9.1149E-17
  2.1600E+02 9.0846E-17
  2.1700E+02 9.0544E-17
  2.1800E+02 9.0245E-17
  2.1900E+02 8.9948E-17
  2.2000E+02 8.9653E-17
  2.2100E+02 8.9360E-17
  2.2200E+02 8.9070E-17
  2.2300E+02 8.8781E-17
  2.2400E+02 8.8494E-17
  2.2500E+02 8.8210E-17
  2.2600E+02 8.7927E-17
  2.2700E+02 8.7647E-17
  2.2800E+02 8.7368E-17
  2.2900E+02 8.7092E-17
  2.3000E+02 8.6817E-17
  2.3100E+02 8.6544E-17
  2.3200E+02 8.6274E-17
  2.3300E+02 8.6005E-17
  2.3400E+02 8.5737E-17
  2.3500E+02 8.5472E-17
  2.3600E+02 8.5209E-17
  2.3700E+02 8.4947E-17
  2.3800E+02 8.4687E-17
  2.3900E+02 8.4429E-17
  2.4000E+02 8.4172E-17
  2.4100E+02 8.3917E-17
  2.4200E+02 8.3664E-17
  2.4300E+02 8.3413E-17
  2.4400E+02 8.3163E-17
  2.4500E+02 8.2915E-17
  2.4600E+02 8.2669E-17
  2.4700E+02 8.2424E-17
  2.4800E+02 8.2180E-17
  2.4900E+02 8.1939E-17
  2.5000E+02 8.1699E-17
  2.5100E+02 8.1460E-17
  2.5200E+02 8.1223E-17
  2.5300E+02 8.0987E-17
  2.5400E+02 8.0753E-17
  2.5500E+02 8.0521E-17
  2.5600E+02 8.0290E-17
  2.5700E+02 8.0060E-17
  2.5800E+02 7.9832E-17
  2.5900E+02 7.9605E-17
  2.6000E+02 7.9380E-17
  2.6100E+02 7.9156E-17
  2.6200E+02 7.8934E-17
  2.6300E+02 7.8712E-17
  2.6400E+02 7.8493E-17
  2.6500E+02 7.8274E-17
  2.6600E+02 7.8057E-17
  2.6700E+02 7.7841E-17
  2.6800E+02 7.7627E-17
  2.6900E+02 7.7414E-17
  2.7000E+02 7.7202E-17
  2.7100E+02 7.6991E-17
  2.7200E+02 7.6782E-17
  2.7300E+02 7.6574E-17
  2.7400E+02 7.6367E-17
  2.7500E+02 7.6161E-17
  2.7600E+02 7.5957E-17
  2.7700E+02 7.5753E-17
  2.7800E+02 7.5551E-17
  2.7900E+02 7.5351E-17
  2.8000E+02 7.5151E-17
  2.8100E+02 7.4952E-17
  2.8200E+02 7.4755E-17
  2.8300E+02 7.4559E-17
  2.8400E+02 7.4364E-17
  2.8500E+02 7.4170E-17
  2.8600E+02 7.3977E-17
  2.8700E+02 7.3785E-17
  2.8800E+02 7.3594E-17
  2.8900E+02 7.3405E-17
  2.9000E+02 7.3216E-17
  2.9100E+02 7.3029E-17
  2.9200E+02 7.2843E-17
  2.9300E+02 7.2657E-17
  2.9400E+02 7.2473E-17
  2.9500E+02 7.2290E-17
  2.9600E+02 7.2107E-17
  2.9700E+02 7.1926E-17
  2.9800E+02 7.1746E-17
  2.9900E+02 7.1566E-17
  3.0000E+02 7.1388E-17
  3.0100E+02 7.1211E-17
  3.0200E+02 7.1035E-17
  3.0300E+02 7.0859E-17
  3.0400E+02 7.0685E-17
  3.0500E+02 7.0511E-17
  3.0600E+02 7.0339E-17
  3.0700E+02 7.0167E-17
  3.0800E+02 6.9996E-17
  3.0900E+02 6.9826E-17
  3.1000E+02 6.9658E-17
  3.1100E+02 6.9490E-17
  3.1200E+02 6.9322E-17
  3.1300E+02 6.9156E-17
  3.1400E+02 6.8991E-17
  3.1500E+02 6.8826E-17
  3.1600E+02 6.8663E-17
  3.1700E+02 6.8500E-17
  3.1800E+02 6.8338E-17
  3.1900E+02 6.8177E-17
  3.2000E+02 6.8017E-17
  3.2100E+02 6.7857E-17
  3.2200E+02 6.7699E-17
  3.2300E+02 6.7541E-17
  3.2400E+02 6.7384E-17
  3.2500E+02 6.7228E-17
  3.2600E+02 6.7072E-17
  3.2700E+02 6.6918E-17
  3.2800E+02 6.6764E-17
  3.2900E+02 6.6611E-17
  3.3000E+02 6.6458E-17
  3.3100E+02 6.6307E-17
  3.3200E+02 6.6156E-17
  3.3300E+02 6.6006E-17
  3.3400E+02 6.5857E-17
  3.3500E+02 6.5708E-17
  3.3600E+02 6.5560E-17
  3.3700E+02 6.5413E-17
  3.3800E+02 6.5267E-17
  3.3900E+02 6.5121E-17
  3.4000E+02 6.4976E-17
  3.4100E+02 6.4832E-17
  3.4200E+02 6.4689E-17
  3.4300E+02 6.4546E-17
  3.4400E+02 6.4404E-17
  3.4500E+02 6.4262E-17
  3.4600E+02 6.4122E-17
  3.4700E+02 6.3981E-17
  3.4800E+02 6.3842E-17
  3.4900E+02 6.3703E-17
  3.5000E+02 6.3565E-17
  3.5100E+02 6.3428E-17
  3.5200E+02 6.3291E-17
  3.5300E+02 6.3155E-17
  3.5400E+02 6.3019E-17
  3.5500E+02 6.2884E-17
  3.5600E+02 6.2750E-17
  3.5700E+02 6.2617E-17
  3.5800E+02 6.2484E-17
  3.5900E+02 6.2351E-17
  3.6000E+02 6.2220E-17
  3.6100E+02 6.2088E-17
  3.6200E+02 6.1958E-17
  3.6300E+02 6.1828E-17
  3.6400E+02 6.1699E-17
  3.6500E+02 6.1570E-17
  3.6600E+02 6.1442E-17
  3.6700E+02 6.1314E-17
  3.6800E+02 6.1187E-17
  3.6900E+02 6.1061E-17
  3.7000E+02 6.0935E-17
  3.7100E+02 6.0810E-17
  3.7200E+02 6.0685E-17
  3.7300E+02 6.0561E-17
  3.7400E+02 6.0437E-17
  3.7500E+02 6.0314E-17
  3.7600E+02 6.0192E-17
  3.7700E+02 6.0070E-17
  3.7800E+02 5.9948E-17
  3.7900E+02 5.9827E-17
  3.8000E+02 5.9707E-17
  3.8100E+02 5.9587E-17
  3.8200E+02 5.9468E-17
  3.8300E+02 5.9349E-17
  3.8400E+02 5.9231E-17
  3.8500E+02 5.9113E-17
  3.8600E+02 5.8996E-17
  3.8700E+02 5.8879E-17
  3.8800E+02 5.8763E-17
  3.8900E+02 5.8647E-17
  3.9000E+02 5.8532E-17
  3.9100E+02 5.8418E-17
  3.9200E+02 5.8303E-17
  3.9300E+02 5.8190E-17
  3.9400E+02 5.8076E-17
  3.9500E+02 5.7964E-17
  3.9600E+02 5.7851E-17
  3.9700E+02 5.7740E-17
  3.9800E+02 5.7628E-17
  3.9900E+02 5.7517E-17
  4.0000E+02 5.7407E-17
  4.0100E+02 5.7297E-17
  4.0200E+02 5.7188E-17
  4.0300E+02 5.7079E-17
  4.0400E+02 5.6970E-17
  4.0500E+02 5.6862E-17
  4.0600E+02 5.6754E-17
  4.0700E+02 5.6647E-17
  4.0800E+02 5.6540E-17
  4.0900E+02 5.6434E-17
  4.1000E+02 5.6328E-17
  4.1100E+02 5.6223E-17
  4.1200E+02 5.6117E-17
  4.1300E+02 5.6013E-17
  4.1400E+02 5.5909E-17
  4.1500E+02 5.5805E-17
  4.1600E+02 5.5702E-17
  4.1700E+02 5.5599E-17
  4.1800E+02 5.5496E-17
  4.1900E+02 5.5394E-17
  4.2000E+02 5.5292E-17
  4.2100E+02 5.5191E-17
  4.2200E+02 5.5090E-17
  4.2300E+02 5.4990E-17
  4.2400E+02 5.4890E-17
  4.2500E+02 5.4790E-17
  4.2600E+02 5.4691E-17
  4.2700E+02 5.4592E-17
  4.2800E+02 5.4494E-17
  4.2900E+02 5.4395E-17
  4.3000E+02 5.4298E-17
  4.3100E+02 5.4200E-17
  4.3200E+02 5.4103E-17
  4.3300E+02 5.4007E-17
  4.3400E+02 5.3911E-17
  4.3500E+02 5.3815E-17
  4.3600E+02 5.3719E-17
  4.3700E+02 5.3624E-17
  4.3800E+02 5.3530E-17
  4.3900E+02 5.3435E-17
  4.4000E+02 5.3341E-17
  4.4100E+02 5.3248E-17
  4.4200E+02 5.3154E-17
  4.4300E+02 5.3062E-17
  4.4400E+02 5.2969E-17
  4.4500E+02 5.2877E-17
  4.4600E+02 5.2785E-17
  4.4700E+02 5.2694E-17
  4.4800E+02 5.2602E-17
  4.4900E+02 5.2512E-17
  4.5000E+02 5.2421E-17
  4.5100E+02 5.2331E-17
  4.5200E+02 5.2241E-17
  4.5300E+02 5.2152E-17
  4.5400E+02 5.2063E-17
  4.5500E+02 5.1974E-17
  4.5600E+02 5.1885E-17
  4.5700E+02 5.1797E-17
  4.5800E+02 5.1709E-17
  4.5900E+02 5.1622E-17
  4.6000E+02 5.1535E-17
  4.6100E+02 5.1448E-17
  4.6200E+02 5.1362E-17
  4.6300E+02 5.1275E-17
  4.6400E+02 5.1189E-17
  4.6500E+02 5.1104E-17
  4.6600E+02 5.1019E-17
  4.6700E+02 5.0934E-17
  4.6800E+02 5.0849E-17
  4.6900E+02 5.0765E-17
  4.7000E+02 5.0681E-17
  4.7100E+02 5.0597E-17
  4.7200E+02 5.0514E-17
  4.7300E+02 5.0431E-17
  4.7400E+02 5.0348E-17
  4.7500E+02 5.0265E-17
  4.7600E+02 5.0183E-17
  4.7700E+02 5.0101E-17
  4.7800E+02 5.0019E-17
  4.7900E+02 4.9938E-17
  4.8000E+02 4.9857E-17
  4.8100E+02 4.9776E-17
  4.8200E+02 4.9696E-17
  4.8300E+02 4.9616E-17
  4.8400E+02 4.9536E-17
  4.8500E+02 4.9456E-17
  4.8600E+02 4.9377E-17
  4.8700E+02 4.9298E-17
  4.8800E+02 4.9219E-17
  4.8900E+02 4.9140E-17
  4.9000E+02 4.9062E-17
  4.9100E+02 4.8984E-17
  4.9200E+02 4.8906E-17
  4.9300E+02 4.8829E-17
  4.9400E+02 4.8752E-17
  4.9500E+02 4.8675E-17
  4.9600E+02 4.8598E-17
  4.9700E+02 4.8522E-17
  4.9800E+02 4.8446E-17
  4.9900E+02 4.8370E-17
  5.0000E+02 4.8294E-17
-1
