##equation:    e+C_4F_8->F(+)+C_4F_7+e+e
##type:        ion-ion neutralization
##unit:        eV, cm2
##date:        2008/01/15
##method:      numerial table
##
##ref.auth:    Vasenkov et al.
#
##ref.title: 
##ref.journal: J. Vac. Sci. Technol.A 22(3),May/Jun 2004
##ref.table: TABLE II
##ref.range: 
##
#   Estimated
#
646007
e(-)+C_4F_8->F(+)+C_4F_7+e(-)+e(-)
15.51
4
646 1  92 660
 -1 +1 +1  +1
3
72
  1.5510E+01 1.1960E-18
  1.6070E+01 1.5410E-18
  1.6650E+01 1.7800E-18
  1.7250E+01 2.0140E-18
  1.7870E+01 2.2940E-18
  1.8520E+01 2.5770E-18
  1.9190E+01 2.8170E-18
  1.9880E+01 3.1870E-18
  2.0600E+01 3.3900E-18
  2.1350E+01 3.8880E-18
  2.2120E+01 4.2500E-18
  2.2920E+01 4.6140E-18
  2.3750E+01 5.1490E-18
  2.4610E+01 5.6670E-18
  2.5500E+01 5.7850E-18
  2.6420E+01 6.6350E-18
  2.7370E+01 7.1540E-18
  2.8360E+01 7.9290E-18
  2.9390E+01 8.6080E-18
  3.0450E+01 9.2190E-18
  3.1550E+01 1.0570E-17
  3.2690E+01 1.2130E-17
  3.3870E+01 1.4590E-17
  3.5100E+01 1.7560E-17
  3.6370E+01 2.0840E-17
  3.7680E+01 2.6490E-17
  3.9050E+01 2.9760E-17
  4.0460E+01 3.2530E-17
  4.1920E+01 3.6300E-17
  4.3440E+01 3.9680E-17
  4.5010E+01 4.2500E-17
  4.6630E+01 4.4590E-17
  4.8320E+01 4.6460E-17
  5.0070E+01 4.7750E-17
  5.1880E+01 4.8740E-17
  5.3750E+01 5.0440E-17
  5.5690E+01 5.1490E-17
  5.7710E+01 5.1140E-17
  5.9790E+01 5.1840E-17
  6.1960E+01 5.3280E-17
  6.4200E+01 5.4390E-17
  6.6520E+01 5.5140E-17
  6.8920E+01 5.4760E-17
  7.1410E+01 5.5520E-17
  7.4000E+01 5.6290E-17
  7.6670E+01 5.7060E-17
  7.9440E+01 5.7850E-17
  8.2310E+01 5.7850E-17
  8.5290E+01 5.7850E-17
  8.8370E+01 5.7450E-17
  9.1570E+01 5.7060E-17
  9.4880E+01 5.7450E-17
  9.8310E+01 5.6290E-17
  1.0190E+02 5.4020E-17
  1.0550E+02 5.2200E-17
  1.0940E+02 5.0440E-17
  1.1330E+02 5.0100E-17
  1.1740E+02 5.1140E-17
  1.2170E+02 5.0790E-17
  1.2610E+02 4.8080E-17
  1.3060E+02 4.7750E-17
  1.3530E+02 4.5510E-17
  1.4020E+02 4.4280E-17
  1.4530E+02 4.3680E-17
  1.5060E+02 4.4280E-17
  1.5600E+02 4.3380E-17
  1.6160E+02 4.1070E-17
  1.6750E+02 3.9960E-17
  1.7350E+02 4.0790E-17
  1.7980E+02 4.1350E-17
  1.8630E+02 4.1070E-17
  1.9300E+02 4.1350E-17
-1
0.00E+00  0.00E+00  0.00E+00
