##equation:    e+C_4F_8->CF(+)+C_3F_7+e+e
##type:        ion-ion neutralization
##unit:        eV, cm2
##date:        2008/01/15
##method:      numerial table
##
##ref.auth:    Vasenkov et al.
#
##ref.title: 
##ref.journal: J. Vac. Sci. Technol.A 22(3),May/Jun 2004
##ref.table: TABLE II
##ref.range: 
##
#   Estimated
#
646010
e(-)+C_4F_8->CF(+)+C_3F_7+e(-)+e(-)
20.5
4
646 1 621 639
 -1 +1 +1  +1
3
190
  2.0500E+01 7.9603E-19
  2.1000E+01 4.7721E-18
  2.1500E+01 8.7407E-18
  2.2000E+01 1.2701E-17
  2.2500E+01 1.6652E-17
  2.3000E+01 2.0593E-17
  2.3500E+01 2.4522E-17
  2.4000E+01 2.8440E-17
  2.4500E+01 3.2345E-17
  2.5000E+01 3.6236E-17
  2.5500E+01 4.0113E-17
  2.6000E+01 4.3974E-17
  2.6500E+01 4.7820E-17
  2.7000E+01 5.1648E-17
  2.7500E+01 5.5458E-17
  2.8000E+01 5.9249E-17
  2.8500E+01 6.3021E-17
  2.9000E+01 6.6773E-17
  2.9500E+01 7.0504E-17
  3.0000E+01 7.4213E-17
  3.1000E+01 8.1564E-17
  3.2000E+01 8.8819E-17
  3.3000E+01 9.5974E-17
  3.4000E+01 1.0302E-16
  3.5000E+01 1.0996E-16
  3.6000E+01 1.1679E-16
  3.7000E+01 1.2349E-16
  3.8000E+01 1.3007E-16
  3.9000E+01 1.3653E-16
  4.0000E+01 1.4286E-16
  4.1000E+01 1.4905E-16
  4.2000E+01 1.5512E-16
  4.3000E+01 1.6104E-16
  4.4000E+01 1.6683E-16
  4.5000E+01 1.7248E-16
  4.6000E+01 1.7799E-16
  4.7000E+01 1.8335E-16
  4.8000E+01 1.8858E-16
  4.9000E+01 1.9366E-16
  5.0000E+01 1.9860E-16
  5.1000E+01 2.0340E-16
  5.2000E+01 2.0806E-16
  5.3000E+01 2.1258E-16
  5.4000E+01 2.1696E-16
  5.5000E+01 2.2120E-16
  5.6000E+01 2.2530E-16
  5.7000E+01 2.2927E-16
  5.8000E+01 2.3310E-16
  5.9000E+01 2.3681E-16
  6.0000E+01 2.4038E-16
  6.1000E+01 2.4382E-16
  6.2000E+01 2.4714E-16
  6.3000E+01 2.5034E-16
  6.4000E+01 2.5341E-16
  6.5000E+01 2.5637E-16
  6.6000E+01 2.5921E-16
  6.7000E+01 2.6194E-16
  6.8000E+01 2.6455E-16
  6.9000E+01 2.6706E-16
  7.0000E+01 2.6946E-16
  7.1000E+01 2.7177E-16
  7.2000E+01 2.7397E-16
  7.3000E+01 2.7607E-16
  7.4000E+01 2.7808E-16
  7.5000E+01 2.8000E-16
  7.6000E+01 2.8182E-16
  7.7000E+01 2.8356E-16
  7.8000E+01 2.8522E-16
  7.9000E+01 2.8680E-16
  8.0000E+01 2.8830E-16
  8.1000E+01 2.8972E-16
  8.2000E+01 2.9106E-16
  8.3000E+01 2.9234E-16
  8.4000E+01 2.9355E-16
  8.5000E+01 2.9469E-16
  8.6000E+01 2.9576E-16
  8.7000E+01 2.9678E-16
  8.8000E+01 2.9773E-16
  8.9000E+01 2.9863E-16
  9.0000E+01 2.9947E-16
  9.1000E+01 3.0026E-16
  9.2000E+01 3.0099E-16
  9.3000E+01 3.0168E-16
  9.4000E+01 3.0231E-16
  9.5000E+01 3.0291E-16
  9.6000E+01 3.0345E-16
  9.7000E+01 3.0396E-16
  9.8000E+01 3.0442E-16
  9.9000E+01 3.0484E-16
  1.0000E+02 3.0523E-16
  1.0100E+02 3.0558E-16
  1.0200E+02 3.0589E-16
  1.0300E+02 3.0617E-16
  1.0400E+02 3.0642E-16
  1.0500E+02 3.0664E-16
  1.0600E+02 3.0683E-16
  1.0700E+02 3.0698E-16
  1.0800E+02 3.0712E-16
  1.0900E+02 3.0722E-16
  1.1000E+02 3.0730E-16
  1.1100E+02 3.0736E-16
  1.1200E+02 3.0739E-16
  1.1300E+02 3.0740E-16
  1.1400E+02 3.0739E-16
  1.1500E+02 3.0736E-16
  1.1600E+02 3.0731E-16
  1.1700E+02 3.0724E-16
  1.1800E+02 3.0716E-16
  1.1900E+02 3.0705E-16
  1.2000E+02 3.0693E-16
  1.2100E+02 3.0680E-16
  1.2200E+02 3.0665E-16
  1.2300E+02 3.0648E-16
  1.2400E+02 3.0631E-16
  1.2500E+02 3.0611E-16
  1.2600E+02 3.0591E-16
  1.2700E+02 3.0569E-16
  1.2800E+02 3.0547E-16
  1.2900E+02 3.0523E-16
  1.3000E+02 3.0498E-16
  1.3100E+02 3.0472E-16
  1.3200E+02 3.0446E-16
  1.3300E+02 3.0418E-16
  1.3400E+02 3.0390E-16
  1.3500E+02 3.0360E-16
  1.3600E+02 3.0330E-16
  1.3700E+02 3.0299E-16
  1.3800E+02 3.0268E-16
  1.3900E+02 3.0235E-16
  1.4000E+02 3.0203E-16
  1.4100E+02 3.0169E-16
  1.4200E+02 3.0135E-16
  1.4300E+02 3.0100E-16
  1.4400E+02 3.0065E-16
  1.4500E+02 3.0029E-16
  1.4600E+02 2.9993E-16
  1.4700E+02 2.9957E-16
  1.4800E+02 2.9920E-16
  1.4900E+02 2.9882E-16
  1.5000E+02 2.9844E-16
  1.5100E+02 2.9806E-16
  1.5200E+02 2.9767E-16
  1.5300E+02 2.9729E-16
  1.5400E+02 2.9689E-16
  1.5500E+02 2.9650E-16
  1.5600E+02 2.9610E-16
  1.5700E+02 2.9570E-16
  1.5800E+02 2.9530E-16
  1.5900E+02 2.9489E-16
  1.6000E+02 2.9448E-16
  1.6100E+02 2.9407E-16
  1.6200E+02 2.9366E-16
  1.6300E+02 2.9325E-16
  1.6400E+02 2.9283E-16
  1.6500E+02 2.9242E-16
  1.6600E+02 2.9200E-16
  1.6700E+02 2.9158E-16
  1.6800E+02 2.9116E-16
  1.6900E+02 2.9073E-16
  1.7000E+02 2.9031E-16
  1.7100E+02 2.8988E-16
  1.7200E+02 2.8946E-16
  1.7300E+02 2.8903E-16
  1.7400E+02 2.8860E-16
  1.7500E+02 2.8817E-16
  1.7600E+02 2.8774E-16
  1.7700E+02 2.8731E-16
  1.7800E+02 2.8688E-16
  1.7900E+02 2.8645E-16
  1.8000E+02 2.8602E-16
  1.8100E+02 2.8559E-16
  1.8200E+02 2.8516E-16
  1.8300E+02 2.8472E-16
  1.8400E+02 2.8429E-16
  1.8500E+02 2.8386E-16
  1.8600E+02 2.8342E-16
  1.8700E+02 2.8299E-16
  1.8800E+02 2.8255E-16
  1.8900E+02 2.8212E-16
  1.9000E+02 2.8169E-16
  1.9100E+02 2.8125E-16
  1.9200E+02 2.8082E-16
  1.9300E+02 2.8038E-16
  1.9400E+02 2.7995E-16
  1.9500E+02 2.7951E-16
  1.9600E+02 2.7908E-16
  1.9700E+02 2.7865E-16
  1.9800E+02 2.7821E-16
  1.9900E+02 2.7778E-16
  2.0000E+02 2.7735E-16
-1
0.00E+00  0.00E+00  0.00E+00
