##equation:     e(-)+C_4F_8->C_4F_8(-*)
##type:        attachment
##unit:        eV, cm2
##date:        2007/11/30
##method:      numerical table
##
##ref.auth:    G. I. Font, W. L. Morgan, and G. Mennenga
##ref.title:   Cross-section set and chemistry model for the simulation of
#              c-C4F8 plasma discharges
##ref.journal: J. Appl. Phys.  91(1996)pp. 3530
##ref.journal: J. Appl. Phys.  91(2002)pp. 3530  Mar/23/2018
##ref.table:   Fig. 2.
##ref.range:   0.1eV - 1.3 eV
##ref.range:   0.5141eV - 1.428 eV  Mar/23/2018
#
646003
e(-)+C_4F_8->C_4F_8(-*)
0.5141
3
646  1  649
 -1 -1   +1
3
72
0.5141	1.795E-17
0.5217	1.753E-17
0.5294	1.673E-17
0.5371	1.654E-17
0.545	1.615E-17
0.5531	1.597E-17
0.5612	1.542E-17
0.5694	1.524E-17
0.5778	1.506E-17
0.5863	1.471E-17
0.5949	1.404E-17
0.6037	1.355E-17
0.6126	1.355E-17
0.6216	1.264E-17
0.6307	1.249E-17
0.64	1.192E-17
0.6494	1.151E-17
0.6589	1.111E-17
0.6686	1.036E-17
0.6785	1.012E-17
0.6884	9.884E-18
0.6986	9.543E-18
0.7088	9.107E-18
0.7193	9.001E-18
0.7298	8.391E-18
0.7406	8.007E-18
0.7515	7.552E-18
0.7625	7.041E-18
0.7737	6.878E-18
0.7851	6.719E-18
0.7967	6.119E-18
0.8084	6.191E-18
0.8203	6.048E-18
0.8323	5.704E-18
0.8446	5.134E-18
0.857	5.074E-18
0.8696	4.899E-18
0.8824	4.73E-18
0.8953	4.359E-18
0.9085	4.308E-18
0.9219	4.208E-18
0.9354	3.969E-18
0.9492	3.744E-18
0.9631	3.331E-18
0.9773	3.254E-18
0.9917	2.963E-18
1.006	2.828E-18
1.021	2.667E-18
1.036	2.515E-18
1.051	2.4E-18
1.067	2.238E-18
1.082	2.062E-18
1.098	1.9E-18
1.115	1.813E-18
1.131	1.813E-18
1.148	1.557E-18
1.164	1.504E-18
1.182	1.418E-18
1.199	1.322E-18
1.217	1.176E-18
1.234	1.084E-18
1.253	9.984E-19
1.271	9.64E-19
1.29	8.184E-19
1.309	7.81E-19
1.328	7.629E-19
1.347	6.787E-19
1.367	5.968E-19
1.387	5.435E-19
1.408	5.066E-19
1.428	5.008E-19
1.429   1.0E-30
-1
0.00E+00  0.00E+00  0.00E+00
