#   このファイルは、原子・分子の励起レベルあるいは準安定
#   励起種番号に対して、対応する基底レベルの粒子種番号を
#   特定するために作成。
#   １番目の番号が励起種番号で、２番目の番号がそれに対応する
#   基底レベルの粒子種番号。
#   たとえば 15 は H_2(*) であり、14 は H_2 である。
#   また 546 は Xe_2(*O) であるが、対応する Xe_2 というのは
#   無いので、このような場合には対応する番号を -1 としている。
#
    15    14     
    17    16
    22    20
  1050    10
  3074  3073
  3075  3073
  3076  3073
  3077  3073
  3071  3070
  3072  3070
  3081  3080
  3082  3080
  3084  3083
  3085  3083
    93    90
    96    94
   103   100
   116    89
   117    89
   118    89
   136   130
   173   170
   177   174
   185   180
   186   180
   292   290
   293   290
   363   360
   512   510
   513   511
   517   514
   518   516
  1003   521
   543   540
   544   540
   545   540
   546    -1
   547    -1
   548    -1
   649   647
   650   610
   651   622
   652   646
   671   670
   733   732
   734   732
  1802  1800
