# num       mass      charge    lj_sigma  lj_epsilon    name                                        
#          [a.m.u]               [\AA]     [K]                                                      
#                                                                                                   
  1     5.446e-4       -1.0          -1       -1        e(-)                                        
#  2          0.0        0.0          -1       -1        M                                          
#  3          0.0       +1.0          -1       -1        M(+)                                       
 10          1.0        0.0       2.708    37.00        H                                           
 11          1.0       +1.0       2.708       -1        H(+)                                        
 12          2.0        0.0       2.710    37.00        D                                           
 13          2.0       +1.0       2.710       -1        D(+)                                        
 14          2.0        0.0       2.827    59.70        H_2                                         
 15          2.0        0.0       2.827    59.70        H_2(*)                                      
 16          2.0       +1.0       2.827       -1        H_2(+)                                      
 17          2.0       +1.0       2.827       -1        H_2(+*)                                     
 18          1.0       -1.0       2.708       -1        H(-)                                        
 19          3.0       +1.0       2.827       -1        H_3(+)                                      
1050         1.0        0.0       2.708    37.00        H(2s)                                           
#
 20          4.0        0.0       2.551    10.22        He                                          
 21          4.0       +1.0       2.551       -1        He(+)                                       
 22          4.0        0.0       2.551    10.22        He(*)                                       
 23          4.0       +2.0       2.551    10.22        He(2+)                                      
 30          6.9        0.0       3.04        -1        Li                                          
 31          6.9        1.0       3.04        -1        Li(+)                                       
 40          9.01       0.0       2.26        -1        Be                                          
 41          9.01       1.0       2.26        -1        Be(+)                                       
 50         10.81       0.0       1.8         -1        B                                           
 51         10.81      +1.0       1.8         -1        B(+)                                        
 60         12.01       0.0       3.385    30.60        C                                           
 61         12.01      +1.0       3.385       -1        C(+)                                        
 62         12.01      -1.0       3.385       -1        C(-)                                        
 63         24.02       1.0       4.273       -1        C_2(+)                                      
 64         24.02       0.0       4.273       -1        C_2                                         
 65         36.03       0.0       4.709       -1        C_3                                         
 66         36.03      +1.0       4.709       -1        C_3(+)                                         
#
3070        14.01       0.0       3.298    71.40        N   
3071        14.01       0.0       3.298    71.40        N(2D)   
3072        14.01       0.0       3.298    71.40        N(2P)   
3073        28.02       0.0       3.798    71.40        N_2 
3074        28.02       0.0       3.798    71.40        N_2(A) 
3075        28.02       0.0       3.798    71.40        N_2(B) 
3076        28.02       0.0       3.798    71.40        N_2(a') 
3077        28.02       0.0       3.798    71.40        N_2(C) 
3801        28.02      +1.0       3.798   -1.0          N_2(+) 
3804        56.04      +1.0       4.550   -1.0          N_4(+)  
3811        42.0       +1.0       4.04    -1.0          N_3(+)  
3813        14.01      +1.0       3.298   -1.0          N(+) 
#
3080        16.0        0.0       3.050   106.70        O 
3081        16.0        0.0       3.050   106.70        O(1D) 
3082        16.0        0.0       3.050   106.70        O(1S) 
3083        32.0        0.0       3.458   107.40        O_2 
3084        32.0        0.0       3.458   107.40        O_2(a) 
3085        32.0        0.0       3.458   107.40        O_2(b) 
3086        48.0        0.0       3.458     -1.0        O_3 
3802        32.0       +1.0       3.458   -1.0          O_2(+)
3805        64.0       +1.0       4.490   -1.0          O_4(+)
3812        16.0       +1.0       3.050   -1.0          O(+)  
3814        16.0       -1.0       3.050   -1.0          O(-) 
3815        32.0       -1.0       3.458   -1.0          O_2(-) 
3816        48.0       -1.0       3.458   -1.0          O_3(-)  
3817        64.0       -1.0       4.490   -1.0          O_4(-)
#
3701        30.01       0.0       3.600   -1.0          NO    
3702        44.02       0.0       4.160   -1.0          N_2O  
3703        46.01       0.0       4.110   -1.0          NO_2 
3704        62.01       0.0       4.500   -1.0          NO_3   
3705        108.0       0.0       5.340   -1.0          N_2O_5   
3706        92.0        0.0       5.070   -1.0          N_2O_4   
#
3803        30.01      +1.0       3.600   -1.0          NO(+)
3806        60.0       +1.0       4.690   -1.0          NO(+).NO
3807        58.0       +1.0       4.690   -1.0          NO(+).N_2
3808        60.0       +1.0       4.620   -1.0          O_2(+).N_2
3809        46.01      +1.0       4.110   -1.0          NO_2(+)   
3810        44.02      +1.0       4.160   -1.0          N_2O(+)
#
3818        46.01      -1.0       4.110   -1.0          NO_2(-)  
3819        62.01      -1.0       4.500   -1.0          NO_3(-)   
3820        30.01      -1.0       3.570   -1.0          NO(-)
3821        44.02      -1.0       4.00    -1.0          N_2O(-)
3822        62.0       +1.0       4.690   -1.0          NO(+).O_2
#
 87         33.0        0.0       3.91        -1        HO_2
 88         17.0        0.0       3.10        -1        OH                                          
 89         18.0        0.0       3.15        -1        H_2O                                        
 90         19.0        0.0       2.970   112.60        F                                           
 91         19.0       -1.0       2.970       -1        F(-)                                        
 92         19.0       +1.0       2.970       -1        F(+)                                        
 93         19.0        0.0       2.970   112.60        F(*)                                        
 94         38.0        0.0       3.357   112.60        F_2                                         
 95         38.0       -1.00      3.357       -1        F_2(-)                                      
 96         38.0        0.00      3.357       -1        F_2(*)                                      
 97         38.0       +1.00      3.357       -1        F_2(+)                                      
 98         35.0        0.0       3.357       -1        FO                                          
100         20.2        0.0       2.820    32.80        Ne                                          
101         20.2       +1.0       2.820       -1        Ne(+)                                       
102         20.2       -1.0       2.820       -1        Ne(-)                                       
103         20.2        0.0       2.820       -1        Ne(*)                                       
110         22.99       0.0       3.72        -1        Na                                          
111         22.99      +1.0       3.72        -1        Na(+)                                       
#                                                                                                   
# H_2O´Ř·¸    OH:88 H_2O:89 ČÖąćČô¤ó¤Ç¤¤¤ë¤Î¤ÇĂí°Ő                                                  
#                                                                                                   
115         17.0       -1.0       3.10        -1        OH(-)                                       
116         18.0        0.0       3.15        -1        H_2O(V=1)                                   
117         18.0        0.0       3.15        -1        H_2O(V=2)                                   
118         18.0        0.0       3.15        -1        H_2O(V=3)                                   
119         18.0        1.0       3.15        -1        H_2O(+)                                     
1901        19.0       +1.0       3.63        -1        H_3O(+)
1902        37.0       +1.0       4.81        -1        H_3O(+).H_2O
1903        50.0       +1.0       4.62        -1        O_2(+).H_2O
#                                                                                                   
120         24.31       0.0       3.20        -1        Mg                                          
121         24.31      +1.0       3.20        -1        Mg(+)                                       
129         40.31       0.0       3.86        -1        MgO           
130         26.98       0.0       2.655  2750.00        Al                                          
131         26.98      +1.0       2.655       -1        Al(+)                                       
132         26.98      +2.0       2.655       -1        Al(2+)                                      
133         26.98      +3.0       2.655       -1        Al(3+)                                      
134         26.98      +4.0       2.655       -1        Al(4+)                                      
136         26.98       0.0       2.655  2750.00        Al(*)                                       
140         28.09       0.0       2.34     100.0        Si                                          
141         28.09       1.0       2.34        -1        Si(+)                                       
142         28.09      +2.0       2.34        -1        Si(2+)
#143         44.09       0.0       4.42      35.0        SiO -> move to 533 (2016/5/31)
150         30.97       0.0       2.18        -1        P                                           
151         30.97       1.0       2.18        -1        P(+)                                        
160         32.07       0.0       2.04        -1        S                                           
161         32.07       1.0       2.04        -1        S(+)                                        
170         35.45       0.0       3.613   130.80        Cl                                          
171         35.45      -1.0       3.613       -1        Cl(-)                                       
172         35.45      +1.0       3.613       -1        Cl(+)                                       
173         35.45       0.0       3.613   130.80        Cl(*)                                       
174         70.90       0.0       4.217   316.00        Cl_2                                        
175         70.90      -1.0       4.217       -1        Cl_2(-)                                     
176         70.90      +1.0       4.217       -1        Cl_2(+)                                     
177         70.90       0.0       4.217   316.00        Cl_2(*)                                     
178         51.45       0.0       3.0      -1.0         ClO                                         
180         39.95       0.0       3.68     93.30        Ar                                          
181         39.95      +1.0       3.33        -1        Ar(+)                                       
182         39.95      +2.0       3.33        -1        Ar(2+)                                      
183         39.95      +3.0       3.33        -1        Ar(3+)                                      
184         39.95      +4.0       3.33        -1        Ar(4+)                                      
185         39.95       0.0       3.68     93.30        Ar(*4s)                                     
186         39.95       0.0       3.68     93.30        Ar(*)                                       
187         79.90       0.0       3.68     93.30        Ar_2                                       
188         79.90      +1.0       3.68     93.30        Ar_2(+)
190         39.10       0.0       4.52        -1        K                                           
191         39.10       1.0       4.52        -1        K(+)                                        
200         40.08       0.0       3.94        -1        Ca                                          
201         40.08       1.0       3.94        -1        Ca(+)                                       
210         44.96       0.0       3.30        -1        Sc                                          
220         47.88       0.0       2.94        -1        Ti                                          
221         47.88       1.0       2.94        -1        Ti(+)                                       
222         47.88       2.0       2.94        -1        Ti(2+)                                       
230         50.94       0.0       2.62        -1        V                                           
231         50.94       1.0       2.62        -1        V(+)                                        
240         52.00       0.0       2.50        -1        Cr                                          
241         52.00       1.0       2.50        -1        Cr(+)                                       
250         54.94       0.0       2.24        -1        Mn                                          
251         54.94       1.0       2.24        -1        Mn(+)                                       
260         55.85       0.0       2.48        -1        Fe                                          
261         55.85      +1.0       2.48        -1        Fe(+)                                       
270         58.93       0.0       2.50        -1        Co                                          
271         58.93       1.0       2.50        -1        Co(+)                                       
280         58.69       0.0       2.50        -1        Ni                                          
281         58.69      +1.0       2.5         -1        Ni(+)                                       
290         63.55       0.0       2.56   3000.00        Cu                                          
291         63.55      +1.0       2.56        -1        Cu(+)                                       
292         63.55       0.0       2.56        -1        Cu*(2D)                                     
293         63.55       0.0       2.56        -1        Cu*(2P)                                     
300         65.39       0.0       2.66        -1        Zn                                          
301         65.39      +1.0       2.66        -1        Zn(+)                                       
310         69.723      0.0       2.48        -1        Ga                                          
320         72.61       0.0       2.46        -1        Ge                                          
321         72.61       1.0       2.46        -1        Ge(+)                                       
330         74.92159    0.0       2.50        -1        As                                          
340         78.96       0.0       2.32        -1        Se                                          
360         83.80       0.0       3.655   178.90        Kr                                          
361         83.80       1.0       3.655   178.90        Kr(+)                                       
363         83.80       0.0       3.655   178.90        Kr(*)                                       
390         88.90585    0.0       3.64        -1        Y                                           
400         91.224      0.0       3.24        -1        Zr                                          
410         92.90638    0.0       2.86        -1        Nb                                          
420         95.94       0.0       2.72        -1        Mo                                          
421         95.94       1.0       2.72        -1        Mo(+)                                       
460        106.42       0.0       2.74        -1        Pd                                          
470        107.8682     0.0       2.88        -1        Ag                                          
480        112.4        0.0       2.98        -1        Cd                                          
481        112.4       +1.0       2.98        -1        Cd(+)                                       
490        114.818      0.0       3.24        -1        In                                          
491        114.818     +1.0       3.24        -1        In(+)
492        114.818     +2.0       3.24        -1        In(2+)
493        114.818     +3.0       3.24        -1        In(3+)
500        118.71       0.0       2.82        -1        Sn                                          
501        118.71       1.0       2.82        -1        Sn(+)                                       
#
510         32.09       0.0       4.48    207.60        SiH_4    
511         32.09       1.0       4.48    -1            SiH_4(+)     
512         32.09       0.0       4.48    207.60        SiH_4(*)     
513         32.09       1.0       4.48    -1            SiH_4(+*)    
514         31.09       0.0       4.41    170.30        SiH_3                  
515         31.09      -1.0       4.41    -1            SiH_3(-)               
516         31.09       1.0       4.41    -1            SiH_3(+)               
517         31.09       0.0       4.41    170.30        SiH_3(*)              
518         31.09       1.0       4.41    -1            SiH_3(+*)             
519         30.09       0.0       4.34    133.10        SiH_2                  
520         29.09       0.0       4.28    95.80         SiH        
521         62.18       0.0       5.47    230.00        Si_2H_6                
522         61.18       0.0       5.42    306.90        Si_2H_5                
523         59.18       0.0       5.26    318.20        Si_2H_3                
524         92.27       0.0       6.26    331.20        Si_3H_8                
525         30.09       1.0       4.34    -1            SiH_2(+)               
526         60.18       1.0       5.29    -1            Si_2H_4(+)             
527         29.09       1.0       4.28    -1            SiH(+)                 
528         58.18       0.0       5.15    185.0         Si_2H_2                
529         58.18       1.0       5.15    -1            Si_2H_2(+)             
530         46.11       0.0       4.600   -1            SiH_2O                 
531         47.11       0.0       4.700   -1            SiH_3O                 
532         45.11       0.0       4.54    -1            HSiO
533         44.09       0.0       4.42      35.0        SiO
534         60.11       0.0       4.6     -1            SiO_2
#
1001       122.36       0.0       6.94    254.0         Si_4H_1_0
1003        62.18       0.0       5.47    230.0         Si_2H_6(*)
1004        62.18      +1.0       5.47        -1        Si_2H_6(+)
1005        61.18      +1.0       5.42        -1        Si_2H_5(+)
1007        59.18      +1.0       5.26        -1        Si_2H_3(+)
1008        90.27      +1.0       6.11        -1        Si_3H_6(+)
1009       120.36      +1.0       6.85        -1        Si_4H_8(+)
1010       150.45      +1.0       7.46        -1        Si_5H_1_0(+)
1011        57.18      +1.0       5.16        -1        Si_2H(+)
1012        91.27       0.0       6.22    254.0         Si_3H_7
1014        30.09      -1.0       4.34        -1        SiH_2(-)
1015       121.36       0.0       6.9     254.0         Si_4H_9
1016       151.45       0.0       7.5     254.0         Si_5H_1_1
1017       152.45       0.0       7.53    254.0         Si_5H_1_2
1018        88.32      +1.0       5.08        -1        Si_3H_4(+)
1019        60.18       0.0       5.29    205.0         Si_2H_4
1020        63.18      +1.0       5.79        -1        Si_2H_7(+)
1021       118.36      +1.0       6.71        -1        Si_4H_6(+)
1022       119.36      +1.0       6.78        -1        Si_4H_7(+)
1023       114.36      +1.0       6.54        -1        Si_4H_2(+)
1024       144.45      +1.0       6.82        -1        Si_5H_4(+)
1025       182.54       0.0       8.07    254.0         Si_6H_1_4
1026        90.27       0.0       6.11    254.0         Si_3H_6
1027       120.36       0.0       6.85    254.0         Si_4H_8
1028       150.45       0.0       7.46    254.0         Si_5H_1_0
#
540         131.3       0.0       4.047   231.00        Xe                                          
541         131.3      +1.0       4.047       -1        Xe(+)                                       
542         131.3      -1.0       4.047       -1        Xe(-)                                       
543         131.3       0.0       4.047   231.00        Xe(*ex)                                     
544         131.3       0.0       4.047   231.00        Xe(*res)                                    
545         131.3       0.0       4.047   231.00        Xe(*met)                                    
546         262.6       0.0       4.800   231.00        Xe_2(*O)                                    
547         262.6       0.0       4.800   231.00        Xe_2(*Single)                               
548         262.6       0.0       4.800   231.00        Xe_2(*Triplet)                              
549         262.6      +1.0       4.800       -1        Xe_2(+)                                     
610         88.01       0.0       4.700   134.00        CF_4                   
611         88.01      -1.0       4.700   -1            CF_4(-)                
612         88.01       1.0       4.700   -1            CF_4(+)               
613         69.01       0.0       4.500   121.00        CF_3                 
614         69.01      -1.0       4.500   -1            CF_3(-)              
615         69.01       1.0       4.500   -1            CF_3(+)              
616         50.01       0.0       4.300   108.00        CF_2                 
617         50.01      -1.0       4.300   -1            CF_2(-)              
618         50.01       1.0       4.300   -1            CF_2(+)              
619         31.01       0.0       4.100   94.20         CF                   
620         31.01      -1.0       4.100   -1            CF(-)                
621         31.01       1.0       4.100   -1            CF(+)                
622        138.02       0.0       5.600   225.00        C_2F_6               
623        138.02      -1.0       5.600   -1            C_2F_6(-)            
624        138.02       1.0       5.600   -1            C_2F_6(+)            
625        100.02       0.0       5.200   227.00        C_2F_4               
626        100.02      -1.0       5.200   -1            C_2F_4(-)            
627        100.02       1.0       5.200   -1            C_2F_4(+)            
628         81.02       0.0       5.000   227.00        C_2F_3               
629         81.02      -1.0       5.000   -1            C_2F_3(-)            
630         81.02       1.0       5.000   -1            C_2F_3(+)              
631        119.02       0.0       5.400   227.00        C_2F_5                 
632        119.02      -1.0       5.400   -1            C_2F_5(-)              
633        119.02       1.0       5.400   -1            C_2F_5(+)              
639        169.03       0.0       6.100   -1            C_3F_7                 
640        150.03       0.0       5.900   272.00        C_3F_6                 
641        150.03      -1.0       5.900   -1            C_3F_6(-)              
642        150.03       1.0       5.900   -1            C_3F_6(+)              
643        131.03       0.0       5.700   272.00        C_3F_5                 
644        131.03      -1.0       5.700   -1            C_3F_5(-)              
645        131.03       1.0       5.700   -1            C_3F_5(+)              
646        200.04       0.0       6.500   307.00        C_4F_8                 
647        200.04      -1.0       6.500   -1            C_4F_8(-)              
648        200.04       1.0       6.500   -1            C_4F_8(+)              
649        200.04      -1.0       6.500   -1            C_4F_8(-*)            
650         88.01       0.0       4.700   134.00        CF_4(*)               
651        138.02       0.0       5.600   225.00        C_2F_6(*)             
652        200.04       0.0       6.500   307.00        C_4F_8(*)             
659        169.03       1.0       6.100   -1            C_3F_7(+)             
660        181.04       0.0       6.400   -1            C_4F_7                
661        181.04       1.0       6.400   -1            C_4F_7(+)             
670         17.01       0.0       3.600   -1            NH_3                  
671         17.01       0.0       3.600   -1            NH_3(v=1)             
672         17.01       1.0       3.600   -1            NH_3(+)               
673         16.01       0.0       3.400   -1            NH_2                  
674         16.01       1.0       3.400   -1            NH_2(+)               
675         15.01       0.0       3.300   -1            NH                    
676         15.01       1.0       3.300   -1            NH(+)                 
677         18.01       1.0       3.800   -1            NH_4(+)               
678         45.10       1.0       4.700   -1            SiH_3N(+)             
679         46.10       1.0       4.800   -1            SiH_4N(+)             
680         29.02       1.0       3.900   -1            HN_2(+)
681         29.02       0.0       3.900   -1            NNH
682         30.02       0.0       4.24    -1            N_2H_2
683         76.08       0.0       5.5     -1            Si[NH_2]_3
684         61.05       0.0       5.1     -1            SiH[NH_2]_2
685         46.05       0.0       4.7     -1            SiH_2NH_2
686         47.05       0.0       4.87    -1            SiH_3NH_2
687         77.05       0.0       5.54    -1            SiH[NH_2]_3
688         62.05       0.0       5.22    -1            SiH_2[NH_2]_2
689         92.08       0.0       5.83    -1            Si[NH_2]_4
700         16.04       0.0       3.758   148.6         CH_4                  
701         16.04       1.0       3.758   -1            CH_4(+)               
702         15.03       0.0       3.620   121.6         CH_3                  
703         15.03       1.0       3.620   -1            CH_3(+)               
704         14.03       0.0       3.491   95.2          CH_2                  
705         14.03       1.0       3.491   -1            CH_2(+)               
706         12.02       0.0       3.370   68.6          CH                    
707         12.02       1.0       3.370   -1            CH(+)                 
708         30.07       0.0       4.443   215.7         C_2H_6                
709         30.07       1.0       4.443   -1            C_2H_6(+)             
710         29.06       0.0       4.443   215.7         C_2H_5                
711         29.06       1.0       4.443   -1            C_2H_5(+)             
712         28.05       0.0       4.163   224.7         C_2H_4                
713         28.05       1.0       4.163   -1            C_2H_4(+)             
714         27.04       0.0       4.163   224.7         C_2H_3                
715         27.04       1.0       4.163   -1            C_2H_3(+)             
716         26.04       0.0       4.033   231.8         C_2H_2                
717         26.04       1.0       4.033   -1            C_2H_2(+)             
718         25.03       0.0       4.033   231.8         C_2H                  
719         25.03       1.0       4.033   -1            C_2H(+)               
720         26.04       2.0       4.033   -1            C_2H_2(2+)            
721         25.03       2.0       4.033   -1            C_2H(2+)              
722         29.06       2.0       4.443   -1            C_2H_5(2+)           
723         17.05       1.0       3.900   -1            CH_5(+)               
#
2101        44.08       0.0       5.118   337.1         C_3H_8
2102        44.08       1.0       5.118   -1            C_3H_8(+)
2103        43.07       0.0       5.067   -1            C_3H_7
2104        43.07       1.0       5.067   -1            C_3H_7(+)
2105        42.06       0.0       5.016   -1            C_3H_6
2106        42.06       1.0       5.016   -1            C_3H_6(+)
2107        41.05       0.0       4.965   -1            C_3H_5
2108        41.05       1.0       4.965   -1            C_3H_5(+)
2109        40.04       0.0       4.914   -1            C_3H_4
2110        40.04       1.0       4.914   -1            C_3H_4(+)
2111        39.03       0.0       4.863   -1            C_3H_3
2112        39.03       1.0       4.863   -1            C_3H_3(+)
2113        38.02       0.0       4.812   -1            C_3H_2
2114        38.02       1.0       4.812   -1            C_3H_2(+)
2115        37.01       0.0       4.761   -1            C_3H
2116        37.01       1.0       4.761   -1            C_3H(+)
2117        29.01       0.0       4.131   -1            CHO
#
730         28.01       0.0       4.000   -1.0          CO                   
731         28.01       1.0       4.000   -1.0          CO(+)                
# CO2 ¤ĎÄľşżĘ¬»ŇˇŁĂ»Ľ´Â¦¤ÎÄľ·Â¤¬ 3.3, ÄąĽ´Â¦¤ÎÄľ·Â¤¬ 4.6 ¤é¤·¤¤ˇŁ                                   
# Ă±¤ËĘż¶Ń¤Č¤Ă¤Ć 3.95 ¤Č¤·¤żˇŁż¶Ć°ÎĺµŻĄěĄŮĄë¤ĎĘŁżô¤˘¤ë¤¬°ě¤Ä¤Ë¤Ţ¤Č¤á¤ëˇŁ                            
732         44.01       0.0       4.580   -1.0          CO_2                
733         44.01       0.0       4.580   -1.0          CO_2(v)             
734         44.01       0.0       4.580   -1.0          CO_2(*)             
735         44.01      +1.0       4.580   -1.0          CO_2(+)             
740        183.84       0.0       2.74     -1.0         W                                           
780        195.08       0.0       2.78     -1.0         Pt                                          
781        195.1       +1.0       2.78     -1.0         Pt(+)                                       
790        196.96654    0.0       2.88     -1.0         Au                                          
800        200.6        0.0       2.82     -1.0         Hg                                          
801        200.6       +1.0       2.82     -1.0         Hg(+)                                       
820        207.2        0.0       3.52     -1.0         Pb                                          
821        207.2       +1.0       3.52     -1.0         Pb(+)                                       
920        238.0289     0.0       2.76     -1.0         U                                           
940        239          0.0       3.28     -1.0         Pu                                          
950        53.96       +1.0       4.0      -1.0         ArN(+)                                      
960        40.95       +1.0       4.03     -1.0         ArH(+)                                      
#
1100        70.00       0.0       4.500   -1.0          F_2O_2                 
1101        35.00       1.0       3.900   -1.0          FO(+)                  
1102        51.00       0.0       4.100   -1.0          FO_2                   
1103        66.02       0.0       4.460   -1.0          N_2F_2                 
1104       104.02       0.0       5.170   -1.0          N_2F_4                 
1108        33.01       0.0       3.650   -1.0          NF                     
1109        33.01       1.0       3.650   -1.0          NF(+)                  
1110        52.01       0.0       4.100   -1.0          NF_2                   
1111        52.01       1.0       4.100   -1.0          NF_2(+)                
1112        71.01       0.0       4.500   -1.0          NF_3                   
1113        71.01       1.0       4.500   -1.0          NF_3(+)                
1114        49.01       0.0       4.100   -1.0          NFO                    
1115        65.01       0.0       4.470   -1.0          NFO_2                  
#                                                                                                   
1600       146.07       0.0       5.360   -1.0          SF_6                  
1601       146.07      -1.0       5.360   -1.0          SF_6(-)               
1602       127.07       0.0       5.180   -1.0          SF_5                  
1603       127.07       1.0       5.180   -1.0          SF_5(+)               
1604       127.07      -1.0       5.180   -1.0          SF_5(-)               
1605       108.07       0.0       5.000   -1.0          SF_4                  
1606       108.07       1.0       5.000   -1.0          SF_4(+)               
1607       108.07      -1.0       5.000   -1.0          SF_4(-)               
1608       108.07       2.0       5.000   -1.0          SF_4(2+)              
1609        89.07       0.0       4.800   -1.0          SF_3                  
1610        89.07       1.0       4.800   -1.0          SF_3(+)               
1611        89.07      -1.0       4.800   -1.0          SF_3(-)               
1612        89.07       2.0       4.800   -1.0          SF_3(2+)              
1613        70.07       0.0       4.400   -1.0          SF_2                  
1614        70.07       1.0       4.400   -1.0          SF_2(+)               
1615        70.07      -1.0       4.400   -1.0          SF_2(-)               
1616        70.07       2.0       4.400   -1.0          SF_2(2+)              
1617        51.07       0.0       4.000   -1.0          SF                    
1618        51.07       1.0       4.000   -1.0          SF(+)                 
1619        51.07      -1.0       4.000   -1.0          SF(-)                 
1620       124.07       0.0       5.270   -1.0          SOF_4                 
1621       105.07       0.0       5.170   -1.0          SOF_3                 
1622        86.07       0.0       4.800   -1.0          SOF_2                 
1623        67.07       0.0       4.400   -1.0          SOF                   
1624        64.07       0.0       4.300   -1.0          SO_2                  
1625       102.07       0.0       5.100   -1.0          SO_2F_2               
1705        70.02       0.0       4.580   -1.0          CHF_3                 
1706        51.02       0.0       4.360   -1.0          CHF_2                 
1707        51.02       1.0       4.360   -1.0          CHF_2(+)              
1708        32.02       0.0       4.130   -1.0          CHF                   
1709        32.02       1.0       4.130   -1.0          CHF(+)                
1710        20.01       0.0       3.190   -1.0          HF                    
1711        35.45       0.0       3.0      -1.0         HCl                                         
1800        80.90       0.0       4.0      -1.0         HBr                                         
1802        80.90       0.0       4.0      -1.0         HBr(v)                                      
1803        80.90      +1.0       4.0      -1.0         HBr(+)                                      
1804        79.904      0.0       2.38     -1.0         Br                                          
1805        79.904     -1.0       2.38     -1.0         Br(-)                                       
1806        79.904     +1.0       2.38     -1.0         Br(+)                                       
1807       159.80       0.0       4.2      -1.0         Br_2                                        
1808       115.354      0.0       3.0      -1.0         BrCl                                        
1809        95.90       0.0       4.3      -1.0         BrO                                         
1810       159.80      +1.0       4.2      -1.0         Br_2(+)                                         
#
2000       117.16       0.0       5.400   -1.0          BCl_3                  
2001       117.16       1.0       5.400   -1.0          BCl_3(+)               
2002        81.71       0.0       4.900   -1.0          BCl_2                  
2003        81.71       1.0       4.900   -1.0          BCl_2(+)               
2004        46.26       0.0       4.500   -1.0          BCl                    
2005        46.26       1.0       4.500   -1.0          BCl(+)                 
#
#SiCl4(2011/01/18 Added)
1201       169.9        0.0       7.0     -1.0          SiCl_4  
1202       169.9       +1.0       7.0     -1.0          SiCl_4(+)
1203       169.9       +2.0       7.0     -1.0          SiCl_4(2+)
1204       134.4       +1.0       6.8     -1.0          SiCl_3(+)
1205       134.4       +2.0       6.8     -1.0          SiCl_3(2+)
1206        99.0       +1.0       6.6     -1.0          SiCl_2(+)
1207        99.0       +2.0       6.6     -1.0          SiCl_2(2+)
1208        63.5       +1.0       6.4     -1.0          SiCl(+)
1209        63.5       +2.0       6.4     -1.0          SiCl(2+)
1211       134.4        0.0       6.8     -1.0          SiCl_3
1212        99.0        0.0       6.6     -1.0          SiCl_2
1213        63.5        0.0       6.4     -1.0          SiCl
#
5000       459.0        0.0      14.0     -1.0          Alq_3
5001       162.38       0.0       7.94    -1.0          HMDSO
5002       46.025       0.0      4.43     -1.0          HCOOH
