#e+Cl->Cl(*3d)+e
#Ecitation cross section 
#P.S. Ganas, 
#J. Appl. Phys. 63, 277 (1988)
##input date:  2002/07/24
#
170006
e(-)+Cl->Cl(*3d)+e(-)
10.90
3
170   1   173
 -1   0    +1
100
 24
    10.900 1.0000e-30
    11.867 2.7585e-17
    12.434 3.2499e-17
    13.335 3.9194e-17
    14.302 4.6175e-17
    16.072  5.314e-17
    17.645 5.8358e-17
    20.776 6.4088e-17
    26.237 6.8752e-17
    33.134 6.8752e-17
    48.132 6.4088e-17
    63.687 5.5688e-17
     76.76  5.191e-17
    99.225 4.4062e-17
    116.83 4.0123e-17
    158.24 3.3269e-17
    190.72 3.0294e-17
    240.86 2.5714e-17
    297.15 2.2344e-17
    384.11 1.8527e-17
    508.25 1.5006e-17
    641.85 1.3039e-17
    755.75 1.1599e-17
    932.38 9.3947e-18
-1
0.00E+00  0.00E+00  0.00E+00
