#e+Cl->Cl(*4d)+e
#Ecitation cross section 
#P.S. Ganas, 
#J. Appl. Phys. 63, 277 (1988)
##input date:  2002/07/24
#
170008
e(-)+Cl->Cl(*4d)+e(-)
12.00
3
170   1   173
 -1   0    +1
100
 25
    12.000 1.0000e-30
    12.347 9.8451e-18
    12.927 1.2738e-17
    13.537 1.5726e-17
    14.179 1.8527e-17
    15.559 2.3415e-17
    18.318 2.8239e-17
    20.112 3.0294e-17
    22.608 3.1012e-17
    27.908 3.2499e-17
    37.844 3.1012e-17
    51.318 2.9593e-17
    67.994 2.6323e-17
    90.091 2.3415e-17
    111.28 2.0346e-17
    147.46  1.727e-17
    204.82 1.3988e-17
    253.01 1.1873e-17
    327.52 1.0078e-17
    414.17 8.5547e-18
    523.78 7.0933e-18
    617.32 6.3096e-18
    727.56 5.6125e-18
    799.19 5.2317e-18
    941.98  4.546e-18
-1
0.00E+00  0.00E+00  0.00E+00
