#e+Cl(*)->Cl(*)+e
#Other cross section
#Same cross section as for e+Cl->Cl+e
#N.L. Bassett and D.L. Economou,
#J. Appl. Phys. 75, 1931 (1994)
##input date:  2002/07/24
#
170002
e(-)+Cl(*)->Cl(*)+e(-)
0.0
2
173   1
  0   0
255
 85
   1.00e-2  2.00e-16
   2.00e-2  2.00e-16
   3.00e-2  2.00e-16
   4.00e-2  2.00e-16
   5.00e-2  2.00e-16
   6.00e-2  2.00e-16
   7.00e-2  2.00e-16
   8.00e-2  2.00e-16
   9.00e-2  2.00e-16
   1.00e-1  2.00e-16
   2.00e-1  2.00e-16
   3.00e-1  2.00e-16
   4.00e-1  2.00e-16
   5.00e-1  2.00e-16
   6.00e-1  2.00e-16
   7.00e-1  2.00e-16
   8.00e-1  2.00e-16
   9.00e-1  2.00e-16
   1.00e00  2.00e-16
   2.00e00  2.00e-16
   3.00e00  2.00e-16
   4.00e00  2.00e-16
   5.00e00  2.00e-16
   6.00e00  2.00e-16
   7.00e00  2.00e-16
   8.00e00  2.00e-16
   9.00e00  2.00e-16
   10.0     2.00e-16
   12.0     2.00e-16
   13.0     2.00e-16
   14.0     2.00e-16
   15.0     2.00e-16
   16.0     2.00e-16
   17.0     2.00e-16
   18.0  2.00e-16
   19.0  2.00e-16
   20.0  2.00e-16
   22.0  2.00e-16
   24.0  2.00e-16
   26.0  2.00e-16
   28.0  2.00e-16
   30.0  2.00e-16
   32.0  2.00e-16
   34.0  2.00e-16
   36.0  2.00e-16
   38.0  2.00e-16
   40.0  2.00e-16
   45.0  2.00e-16
   50.0  2.00e-16
   55.0  2.00e-16
   60.0  2.00e-16
   65.0  2.00e-16
   70.0  2.00e-16
   75.0  2.00e-16
   80.0  2.00e-16
   85.0  2.00e-16
   90.0  2.00e-16
   95.0  2.00e-16
  100.0  2.00e-16
  110.0  2.00e-16
  120.0  2.00e-16
  130.0  2.00e-16
  140.0  2.00e-16
  150.0  2.00e-16
  160.0  2.00e-16
  170.0  2.00e-16
  180.0  2.00e-16
  190.0  2.00e-16
  200.0  2.00e-16
  250.0  2.00e-16
  300.0   2.00e-16
  350.0   2.00e-16
  400.0   2.00e-16
  450.0   2.00e-16
  500.0   2.00e-16
  550.0   2.00e-16
  600.0   2.00e-16
  650.0   2.00e-16
  700.0   2.00e-16
  750.0   2.00e-16
  800.0   2.00e-16
  850.0   2.00e-16
  900.0   2.00e-16
  950.0   2.00e-16
 1000.0   2.00e-16
-1
0.00E+00  0.00E+00  0.00E+00
