#equation: e+Cl->Cl(+)+e+e
#type: Ionization cross section 
#Ref. Auth: L. G. Christophorou and J. K. Olthoff
#Ref. Journal: J. Phys. Chem. Ref. Data 28,131(1999)
##input date:  2003/03/18
#
170001
e(-)+Cl->Cl(+)+e(-)+e(-)
11.00
3
170   1   172
 -1  +1    +1
2
 49
    11.0   1.0000e-30
    12.0   0.01e-16
    13.0   0.02e-16
    14.0   0.24e-16
    15.0   0.52e-16
    16.0   0.74e-16
    17.0   1.01e-16
    18.0   1.27e-16
    19.0   1.50e-16
    20.0   1.65e-16
    22.0   1.99e-16
    24.0   2.34e-16
    26.0   2.59e-16
    28.0   2.80e-16
    30.0   2.96e-16
    32.0   3.16e-16
    34.0   3.20e-16
    36.0   3.27e-16
    38.0   3.35e-16
    40.0   3.35e-16
    45.0   3.43e-16
    50.0   3.44e-16
    55.0   3.47e-16
    60.0   3.49e-16
    65.0   3.49e-16
    70.0   3.47e-16
    75.0   3.44e-16
    80.0   3.43e-16
    90.0   3.37e-16
    95.0   3.34e-16
   100.0   3.31e-16
   105.0   3.23e-16
   110.0   3.20e-16
   115.0   3.21e-16
   120.0   3.15e-16
   125.0   3.13e-16
   130.0   3.07e-16
   135.0   3.05e-16
   140.0   3.01e-16
   145.0   2.97e-16
   150.0   2.96e-16
   155.0   2.91e-16
   160.0   2.85e-16
   170.0   2.81e-16
   180.0   2.72e-16
   190.0   2.68e-16
   200.0   2.63e-16
   400.0   1.40e-16
   1000.0  0.75e-16
-1
0.00E+00  0.00E+00  0.00E+00
