#e+Cl->Cl(*5p)+e
#Ecitation cross section 
#P.S. Ganas, 
#J. Appl. Phys. 63, 277 (1988)
##input date:  2002/07/24
#
170007
e(-)+Cl->Cl(*5p)+e(-)
11.80
3
170   1   173
 -1   0    +1
100
 27
    11.800 1.0000e-30
    12.499 2.1321e-17
     12.49 2.6323e-17
    13.703 3.1746e-17
    14.693 3.4057e-17
    17.301 3.4057e-17
    20.864 2.8908e-17
     25.75 2.5714e-17
    29.634 2.2344e-17
    35.731 1.9875e-17
    43.099 1.5726e-17
    54.471 1.2443e-17
    65.683 1.0812e-17
    79.215 8.9648e-18
    100.11 7.2613e-18
    123.58 6.0209e-18
    149.03 5.1106e-18
    179.74 4.2376e-18
    216.78 3.4324e-18
     287.1 2.6529e-18
    362.85 2.0991e-18
    427.44  1.824e-18
    527.72 1.4774e-18
    651.57  1.169e-18
    732.56 1.0157e-18
    843.06  8.826e-19
    947.78 7.8508e-19
-1
0.00E+00  0.00E+00  0.00E+00
