#e+Cl->Cl(*5d)+e
#Ecitation cross section 
#P.S. Ganas, 
#J. Appl. Phys. 63, 277 (1988)
##input date:  2002/07/24
#
170009
e(-)+Cl->Cl(*5d)+e(-)
12.40
3
170   1   173
 -1   0    +1
100
 30
    12.400 1.0000e-30
     12.54  4.301e-18
    13.141 6.7099e-18
    13.772 8.6798e-18
    14.774 1.0466e-17
    16.224 1.2326e-17
    17.818 1.4516e-17
    20.031 1.5206e-17
    23.052 1.6305e-17
    27.158 1.6682e-17
    31.995 1.6673e-17
    40.437 1.6274e-17
    53.557 1.4805e-17
    70.933 1.3157e-17
    85.547 1.2256e-17
    96.172 1.1156e-17
    115.99 1.0152e-17
    127.38 9.4605e-18
    157.26 8.0245e-18
    180.98 7.4766e-18
    213.21 6.8043e-18
     239.7 6.1935e-18
    275.85 5.5065e-18
    340.57 4.8946e-18
    391.94 4.4549e-18
    461.75 3.9605e-18
    583.58 3.2813e-18
    737.56  2.783e-18
    829.17 2.5332e-18
    954.25 2.3056e-18
-1
0.00E+00  0.00E+00  0.00E+00
