#e+Cl->Cl(*4p)+e
#Ecitation cross section 
#P.S. Ganas, 
#J. Appl. Phys. 63, 277 (1988)
##input date:  2002/07/24
#
170005
e(-)+Cl->Cl(*4p)+e(-)
10.40
3
170   1   173
 -1   0    +1
100
 24
    10.400 1.0000e-30
    10.644 7.3522e-17
    10.897 1.0212e-16
     11.69 1.2037e-16
    12.837 1.3861e-16
    15.482 1.3548e-16
    21.488 1.1242e-16
    29.134 8.4925e-17
    40.437 6.2671e-17
    52.317  4.961e-17
    61.635  4.212e-17
    76.095 3.4938e-17
    93.947 2.8308e-17
    127.38 2.1384e-17
     172.7 1.6154e-17
     239.7 1.2204e-17
    295.93 9.6591e-18
     356.9 7.8256e-18
    440.62 6.8029e-18
    507.09 5.6415e-18
    597.41 4.6788e-18
    687.52 4.0664e-18
    737.56 3.7909e-18
    910.59 3.0716e-18
-1
0.00E+00  0.00E+00  0.00E+00
