#e+Cl->Cl(*4s)+e
#Excitation cross section, metastable, life time=10[us] 
#S Tinck, W Boullart adn A Bogaerts
#J. Phys. D: Appl. Phys. 41, 065207(14pp) (2008)
##input date:  2014/06/21
#
170004
e(-)+Cl->Cl(*4s)+e(-)
8.471
3
170   1   173
 -1   0    +1
100
 39
8.471	2.198E-16
9.112	2.483E-16
9.754	2.483E-16
10.4	2.694E-16
12.96	2.806E-16
13.6	2.694E-16
14.89	2.483E-16
15.53	2.483E-16
16.81	2.384E-16
17.45	2.384E-16
18.74	2.289E-16
22.59	2.026E-16
24.51	1.945E-16
25.8	1.945E-16
33.5	1.721E-16
36.71	1.653E-16
39.91	1.587E-16
49.54	1.404E-16
52.75	1.348E-16
59.17	1.294E-16
75.21	9.732E-17
84.83	8.613E-17
91.25	8.269E-17
97.67	7.939E-17
100.9	7.622E-17
104.1	7.622E-17
110.5	7.318E-17
116.9	6.745E-17
123.3	6.476E-17
142.6	5.731E-17
145.8	5.731E-17
155.4	5.503E-17
161.8	5.283E-17
165	5.283E-17
171.5	4.87E-17
174.7	5.072E-17
177.9	4.87E-17
184.3	4.675E-17
187.5	4.675E-17
-1
0.00E+00  0.00E+00  0.00E+00
