#equation: e+Cl_2->Cl_2+e
#type: Elastic cross section 
#Ref. Auth: L. G. Christophorou and J. K. Olthoff
#Ref. Journal: J. Phys. Chem. Ref. Data 28,131(1999)
##input date:  2003/03/18
#
174000
e(-)+Cl_2->Cl_2+e(-)
0.0
2
174   1
  0   0
 1
44
  0.2    1.5e-16
  0.22   1.64e-16
  0.25   1.82e-16
  0.30   2.11e-16
  0.35   2.38e-16
  0.40   2.66e-16
  0.50   3.30e-16
  0.60   4.10e-16
  0.70   4.98e-16
  0.80   5.99e-16
  0.90   6.89e-16
  1.00   7.77e-16
  1.20   9.34e-16
  1.50   1.14e-15
  2.00   1.46e-15
  2.5    1.69e-15
  3.00   1.86e-15
  3.50   1.99e-15
  4.00   2.11e-15
  4.50   2.21e-15
  5.00   2.32e-15
  6.00   2.52e-15
  7.00   2.71e-15
  8.00   2.88e-15
  9.00   3.02e-15
  10.0   3.13e-15
  12.0   3.27e-15
  14.0   3.31e-15
  16.0   3.29e-15
  18.0   3.21e-15
  20.0   3.09e-15
  22.0   2.95e-15
  23.0   2.88e-15
  25.0   2.73e-15
  30.0   2.40e-15
  40.0   1.94e-15
  50.0   1.61e-15
  60.0   1.36e-15
  70.0   1.16e-15
  80.0   1.01e-15
  90.0   8.87e-16
 100.0   7.99e-16
 150.0   6.31e-16
 200.0   6.16e-16
-1
0.00E+00  0.00E+00  0.00E+00
