## equation:	e(-)+Pt　→　e+Pt
## type :		elastic
## unit :		eV, cm2
## date :		2007/5/21
#  copy of 290000  !! this is a pseudo data !!
780000
e(-)+Pt->e(-)+Pt
0.01
2
780  1   
 0   0  
1
51
   0.01		7.00E-15
   0.02		7.80E-15
   0.03		9.90E-15
   0.04		1.22E-14
   0.05		1.45E-14
   0.06		1.48E-14
   0.07		1.80E-14
   0.08		2.00E-14
   0.09		2.10E-14
   0.10		2.25E-14
   0.15		3.00E-14
   0.20		3.80E-14
   0.27		4.00E-14
   0.30		3.95E-14
   0.40		3.25E-14
   0.50		2.75E-14
   0.60		2.45E-14
   0.70		2.20E-14
   0.80		2.00E-14
   0.90		1.85E-14
   1.00		1.70E-14
   1.50		1.30E-14
   2.00		1.00E-14
   3.00		6.70E-15
   4.00		5.50E-15
   5.00		3.65E-15
   6.00		2.80E-15
   7.00		2.45E-15
   8.00		1.65E-15
   9.00		1.42E-15
   10.0		1.35E-15
   15.0		1.40E-15
   20.0		1.70E-15
   30.0		1.10E-15
   40.0		6.00E-16
   50.0		4.00E-16
   60.0		3.00E-16
   70.0		2.50E-16
   80.0		2.15E-16
   90.0		2.10E-16
   100.0	2.00E-16
   150.0	1.65E-16
   200.0	1.60E-16
   300.0	1.18E-16
   400.0	9.00E-17
   500.0	7.00E-17
   600.0	5.00E-17
   700.0	4.00E-17
   800.0	3.00E-17
   900.0	2.60E-17
   1000.0	1.15E-17			
-1
0.00E+00  0.00E+00  0.00E+00
	
