#
#  M.Surendra Plasma Sources Sci. Technol. 4(1995) 56-73
#  Fig. 1
#   (same as PIC V2.0 data)
#
# e+He->e+He(*)
#
20001
e(-)+He->e(-)+He(*)
19.8
3
20  1  22
-1  0  1
100
  29
 1.98E+01      1.00E-30
 2.00E+01      4.16E-19
 2.10E+01      2.50E-18
 2.20E+01      4.58E-18
 2.30E+01      6.66E-18
 2.40E+01      8.74E-18
 2.45E+01      9.78E-18
 2.47E+01      1.02E-17
 2.50E+01      1.08E-17
 2.60E+01      1.29E-17
 2.70E+01      1.50E-17
 2.80E+01      1.49E-17
 3.00E+01      1.48E-17
 4.00E+01      1.42E-17
 5.00E+01      1.36E-17
 6.00E+01      1.31E-17
 7.00E+01      1.26E-17
 8.00E+01      1.21E-17
 9.00E+01      1.17E-17
 1.00E+02      1.13E-17
 2.00E+02      8.50E-18
 3.00E+02      6.80E-18
 4.00E+02      5.67E-18
 5.00E+02      4.86E-18
 6.00E+02      4.25E-18
 7.00E+02      3.78E-18
 8.00E+02      3.40E-18
 9.00E+02      3.09E-18
 1.00E+03      2.83E-18
-1
0.0  0.0  0.0
