#
#  M.Surendra Plasma Sources Sci. Technol. 4(1995) 56-73
#  Fig. 1
#   (same as PIC V2.0 data)
#
# e+He->e+He
#
20000
e(-)+He->e(-)+He
0.0
2
20  1
0 0
1
  49
1.00E-02      6.74E-16
5.00E-02      6.71E-16
1.00E-01      6.68E-16
3.00E-01      6.54E-16
4.00E-01      6.47E-16
6.00E-01      6.33E-16
8.00E-01      6.20E-16
1.00E+00      6.08E-16
2.00E+00      5.52E-16
3.00E+00      5.06E-16
4.00E+00      4.66E-16
5.00E+00      4.32E-16
6.00E+00      4.03E-16
7.00E+00      3.77E-16
8.00E+00      3.54E-16
9.00E+00      3.33E-16
1.00E+01      3.15E-16
1.20E+01      2.84E-16
1.50E+01      2.46E-16
1.90E+01      2.09E-16
1.98E+01      2.03E-16
2.00E+01      2.02E-16
2.10E+01      1.95E-16
2.20E+01      1.88E-16
2.30E+01      1.82E-16
2.40E+01      1.76E-16
2.45E+01      1.73E-16
2.47E+01      1.72E-16
2.50E+01      1.70E-16
2.60E+01      1.65E-16
2.70E+01      1.60E-16
2.80E+01      1.55E-16
3.00E+01      1.47E-16
4.00E+01      1.15E-16
5.00E+01      9.41E-17
6.00E+01      7.94E-17
7.00E+01      6.86E-17
8.00E+01      6.02E-17
9.00E+01      5.36E-17
1.00E+02      4.83E-17
2.00E+02      2.37E-17
3.00E+02      1.54E-17
4.00E+02      1.14E-17
5.00E+02      8.93E-18
6.00E+02      7.34E-18
7.00E+02      6.21E-18
8.00E+02      5.37E-18
9.00E+02      4.73E-18
1.00E+03      4.21E-18
-1
0.0  0.0  0.0
