#
#  M.Surendra Plasma Sources Sci. Technol. 4(1995) 56-73
#  Fig. 1
#   (same as PIC V2.0 data)
#
# He(+)+He->He(+)+He
#
20003
He(+)+He->He+He(+)
0.0
2
20  21
 0   0
6
  49
 1.00E-02      3.00E-15
 5.00E-02      3.00E-15
 1.00E-01      3.00E-15
 3.00E-01      3.00E-15
 4.00E-01      3.00E-15
 6.00E-01      3.00E-15
 8.00E-01      3.00E-15
 1.00E+00      3.00E-15
 2.00E+00      3.00E-15
 3.00E+00      3.00E-15
 4.00E+00      3.00E-15
 5.00E+00      3.00E-15
 6.00E+00      3.00E-15
 7.00E+00      3.00E-15
 8.00E+00      3.00E-15
 9.00E+00      3.00E-15
 1.00E+01      3.00E-15
 1.20E+01      3.00E-15
 1.50E+01      3.00E-15
 1.90E+01      3.00E-15
 1.98E+01      3.00E-15
 2.00E+01      3.00E-15
 2.10E+01      3.00E-15
 2.20E+01      3.00E-15
 2.30E+01      3.00E-15
 2.40E+01      3.00E-15
 2.45E+01      3.00E-15
 2.47E+01      3.00E-15
 2.50E+01      3.00E-15
 2.60E+01      3.00E-15
 2.70E+01      3.00E-15
 2.80E+01      3.00E-15
 3.00E+01      3.00E-15
 4.00E+01      3.00E-15
 5.00E+01      3.00E-15
 6.00E+01      3.00E-15
 7.00E+01      3.00E-15
 8.00E+01      3.00E-15
 9.00E+01      3.00E-15
 1.00E+02      3.00E-15
 2.00E+02      3.00E-15
 3.00E+02      3.00E-15
 4.00E+02      3.00E-15
 5.00E+02      3.00E-15
 6.00E+02      3.00E-15
 7.00E+02      3.00E-15
 8.00E+02      3.00E-15
 9.00E+02      3.00E-15
 1.00E+03      3.00E-15
-1
0.0  0.0  0.0
