##equation:     e(-)+CH_3->CH+H_2+e(-)
##type:         dissociation
##Ref:          R. K. Janev and D. Reiter
##              ``Collision processes of CHy and CHy+ hydrocarbons with
##              plasma electrons and protons''
##              Phys.Plasmas, Vol. 9, No. 9, 2002
700035
e(-)+CH_3->CH+H_2+e(-)
10.0
4
702  1  706  14
-1   0  +1  +1
4
   51
   1.0000E+01   1.0000E-30
   1.1482E+01   3.0356E-19
   1.3183E+01   1.7506E-18
   1.5136E+01   4.4453E-18
   1.7378E+01   7.8239E-18
   1.9953E+01   1.1305E-17
   2.2909E+01   1.4503E-17
   2.6303E+01   1.7212E-17
   3.0200E+01   1.9347E-17
   3.4674E+01   2.0898E-17
   3.9811E+01   2.1900E-17
   4.5709E+01   2.2411E-17
   5.2481E+01   2.2501E-17
   6.0256E+01   2.2240E-17
   6.9183E+01   2.1697E-17
   7.9433E+01   2.0937E-17
   9.1201E+01   2.0014E-17
   1.0471E+02   1.8978E-17
   1.2023E+02   1.7871E-17
   1.3804E+02   1.6725E-17
   1.5849E+02   1.5569E-17
   1.8197E+02   1.4425E-17
   2.0893E+02   1.3308E-17
   2.3988E+02   1.2233E-17
   2.7542E+02   1.1206E-17
   3.1623E+02   1.0236E-17
   3.6308E+02   9.3241E-18
   4.1687E+02   8.4731E-18
   4.7863E+02   7.6831E-18
   5.4954E+02   6.9529E-18
   6.3096E+02   6.2808E-18
   7.2444E+02   5.6644E-18
   8.3176E+02   5.1010E-18
   9.5499E+02   4.5873E-18
   1.0965E+03   4.1201E-18
   1.2589E+03   3.6963E-18
   1.4454E+03   3.3126E-18
   1.6596E+03   2.9658E-18
   1.9055E+03   2.6529E-18
   2.1878E+03   2.3710E-18
   2.5119E+03   2.1174E-18
   2.8840E+03   1.8896E-18
   3.3113E+03   1.6851E-18
   3.8019E+03   1.5018E-18
   4.3652E+03   1.3377E-18
   5.0119E+03   1.1908E-18
   5.7544E+03   1.0594E-18
   6.6069E+03   9.4214E-19
   7.5858E+03   8.3742E-19
   8.7096E+03   7.4400E-19
   1.0000E+04   6.6073E-19
-1
0.0 0.0 0.0
