##equation:     e(-)+CH_4->CH_2+H_2+e(-)
##type:         dissociation
##Ref:          R. K. Janev and D. Reiter
##              ``Collision processes of CHy and CHy+ hydrocarbons with
##              plasma electrons and protons''
##              Phys.Plasmas, Vol. 9, No. 9, 2002
700031
e(-)+CH_4->CH_2+H_2+e(-)
9.4
4
700  1  704  14
-1   0  +1  +1
4
   51
   9.4000E+00   1.0000E-30
   1.0806E+01   6.7922E-19
   1.2422E+01   3.1620E-18
   1.4280E+01   7.1069E-18
   1.6416E+01   1.1590E-17
   1.8872E+01   1.5936E-17
   2.1695E+01   1.9767E-17
   2.4940E+01   2.2908E-17
   2.8670E+01   2.5309E-17
   3.2958E+01   2.6987E-17
   3.7888E+01   2.8003E-17
   4.3555E+01   2.8435E-17
   5.0070E+01   2.8372E-17
   5.7559E+01   2.7902E-17
   6.6169E+01   2.7108E-17
   7.6066E+01   2.6067E-17
   8.7443E+01   2.4844E-17
   1.0052E+02   2.3497E-17
   1.1556E+02   2.2076E-17
   1.3284E+02   2.0619E-17
   1.5271E+02   1.9159E-17
   1.7556E+02   1.7721E-17
   2.0181E+02   1.6324E-17
   2.3200E+02   1.4983E-17
   2.6670E+02   1.3707E-17
   3.0659E+02   1.2504E-17
   3.5245E+02   1.1376E-17
   4.0517E+02   1.0325E-17
   4.6578E+02   9.3511E-18
   5.3544E+02   8.4526E-18
   6.1553E+02   7.6269E-18
   7.0760E+02   6.8708E-18
   8.1344E+02   6.1805E-18
   9.3511E+02   5.5520E-18
   1.0750E+03   4.9812E-18
   1.2358E+03   4.4640E-18
   1.4206E+03   3.9963E-18
   1.6331E+03   3.5741E-18
   1.8774E+03   3.1936E-18
   2.1582E+03   2.8512E-18
   2.4810E+03   2.5436E-18
   2.8521E+03   2.2674E-18
   3.2787E+03   2.0199E-18
   3.7691E+03   1.7983E-18
   4.3329E+03   1.6000E-18
   4.9810E+03   1.4227E-18
   5.7260E+03   1.2645E-18
   6.5825E+03   1.1232E-18
   7.5670E+03   9.9731E-19
   8.6989E+03   8.8509E-19
   1.0000E+04   7.8517E-19
-1
0.0 0.0 0.0
