##equation:     e(-)+CH_4->CH_3+H+e(-)
##type:         dissociation
##Ref:          R. K. Janev and D. Reiter
##              ``Collision processes of CHy and CHy+ hydrocarbons with
##              plasma electrons and protons''
##              Phys.Plasmas, Vol. 9, No. 9, 2002
700030
e(-)+CH_4->CH_3+H+e(-)
8.8
4
700  1  702  10
-1   0  +1  +1
4
   51
   8.8000E+00   1.0000E-30
   1.0130E+01   2.2362E-18
   1.1660E+01   1.2465E-17
   1.3422E+01   2.9947E-17
   1.5450E+01   5.1390E-17
   1.7784E+01   7.3660E-17
   2.0471E+01   9.4478E-17
   2.3564E+01   1.1244E-16
   2.7125E+01   1.2685E-16
   3.1223E+01   1.3750E-16
   3.5941E+01   1.4452E-16
   4.1371E+01   1.4825E-16
   4.7622E+01   1.4911E-16
   5.4817E+01   1.4757E-16
   6.3100E+01   1.4408E-16
   7.2634E+01   1.3909E-16
   8.3608E+01   1.3297E-16
   9.6241E+01   1.2606E-16
   1.1078E+02   1.1865E-16
   1.2752E+02   1.1097E-16
   1.4679E+02   1.0322E-16
   1.6897E+02   9.5536E-17
   1.9450E+02   8.8043E-17
   2.2388E+02   8.0827E-17
   2.5771E+02   7.3947E-17
   2.9665E+02   6.7445E-17
   3.4147E+02   6.1346E-17
   3.9306E+02   5.5659E-17
   4.5245E+02   5.0386E-17
   5.2081E+02   4.5520E-17
   5.9951E+02   4.1047E-17
   6.9009E+02   3.6953E-17
   7.9435E+02   3.3215E-17
   9.1437E+02   2.9814E-17
   1.0525E+03   2.6727E-17
   1.2116E+03   2.3931E-17
   1.3946E+03   2.1404E-17
   1.6053E+03   1.9125E-17
   1.8479E+03   1.7073E-17
   2.1271E+03   1.5227E-17
   2.4485E+03   1.3571E-17
   2.8184E+03   1.2085E-17
   3.2443E+03   1.0755E-17
   3.7345E+03   9.5644E-18
   4.2987E+03   8.5007E-18
   4.9482E+03   7.5508E-18
   5.6959E+03   6.7035E-18
   6.5565E+03   5.9482E-18
   7.5471E+03   5.2754E-18
   8.6874E+03   4.6766E-18
   1.0000E+04   4.1439E-18
-1
0.0 0.0 0.0
