##equation:     e+CH_4->e+CH_4
##type:         momentum transfer
# "Gaseous Electronics : Tables, Atoms, and Molecules"
#  Gorur Govinda Raju, CRC Press, 2011
#http://www.crcnetbase.com/isbn/978-1-4398-4894-4
700021
e(-)+CH_4->e(-)+CH_4
0.0
2
700 1
 0  0
1
 28
 0.05   4.94e-16
 0.10   2.59e-16
 0.22   1.00e-16
 0.41   0.95e-16
 0.60   1.42e-16
 0.79   1.97e-16
 1.00   2.62e-16
 1.50   3.61e-16
 2.00   5.61e-16
 3.00   9.25e-16
 4.00  14.41e-16
 5.00  18.04e-16
 6.00  22.97e-16
 7.50  26.49e-16
 8.00  26.30e-16
 9.00  25.55e-16
 10.0  23.02e-16
 12.0  20.74e-16
 15.0  18.27e-16
 20.0  14.41e-16
 30.0   9.49e-16
 50.0   6.57e-16
100.0   3.20e-16
200.0   2.56e-16
300.0   1.65e-16
500.0   1.33e-16
700.0  0.967e-16
1000.0 0.600e-16
-1
0.0 0.0 0.0
