##equation:     e(-)+CH_2->CH+H+e(-)
##type:         dissociation
##Ref:          R. K. Janev and D. Reiter
##              ``Collision processes of CHy and CHy+ hydrocarbons with
##              plasma electrons and protons''
##              Phys.Plasmas, Vol. 9, No. 9, 2002
700037
e(-)+CH_2->CH+H+e(-)
8.5
4
704  1  706  10
-1   0  +1  +1
4
   51
   8.5000E+00   1.0000E-30
   9.7911E+00   2.7517E-18
   1.1278E+01   1.2686E-17
   1.2991E+01   2.8896E-17
   1.4965E+01   4.8467E-17
   1.7238E+01   6.8615E-17
   1.9856E+01   8.7302E-17
   2.2872E+01   1.0328E-16
   2.6346E+01   1.1595E-16
   3.0348E+01   1.2517E-16
   3.4957E+01   1.3108E-16
   4.0267E+01   1.3402E-16
   4.6383E+01   1.3440E-16
   5.3428E+01   1.3264E-16
   6.1543E+01   1.2919E-16
   7.0891E+01   1.2443E-16
   8.1659E+01   1.1871E-16
   9.4062E+01   1.1233E-16
   1.0835E+02   1.0555E-16
   1.2481E+02   9.8560E-17
   1.4376E+02   9.1538E-17
   1.6560E+02   8.4611E-17
   1.9075E+02   7.7878E-17
   2.1973E+02   7.1412E-17
   2.5310E+02   6.5263E-17
   2.9155E+02   5.9464E-17
   3.3583E+02   5.4034E-17
   3.8684E+02   4.8981E-17
   4.4560E+02   4.4302E-17
   5.1328E+02   3.9990E-17
   5.9125E+02   3.6033E-17
   6.8105E+02   3.2414E-17
   7.8450E+02   2.9114E-17
   9.0365E+02   2.6114E-17
   1.0409E+03   2.3393E-17
   1.1990E+03   2.0932E-17
   1.3811E+03   1.8709E-17
   1.5909E+03   1.6706E-17
   1.8326E+03   1.4903E-17
   2.1109E+03   1.3284E-17
   2.4316E+03   1.1831E-17
   2.8009E+03   1.0529E-17
   3.2263E+03   9.3643E-18
   3.7164E+03   8.3227E-18
   4.2809E+03   7.3924E-18
   4.9311E+03   6.5623E-18
   5.6801E+03   5.8223E-18
   6.5428E+03   5.1631E-18
   7.5366E+03   4.5762E-18
   8.6814E+03   4.0543E-18
   1.0000E+04   3.5902E-18
-1
0.0 0.0 0.0
