##equation:     e(-)+CH->C+H+e(-)
##type:         dissociation
##Ref:          R. K. Janev and D. Reiter
##              ``Collision processes of CHy and CHy+ hydrocarbons with
##              plasma electrons and protons''
##              Phys.Plasmas, Vol. 9, No. 9, 2002
700040
e(-)+CH->C+H+e(-)
7.0
4
706  1   60  10
-1   0  +1  +1
4
   51
   7.0000E+00   1.0000E-30
   8.0946E+00   1.8670E-18
   9.3604E+00   1.0830E-17
   1.0824E+01   2.6700E-17
   1.2517E+01   4.6565E-17
   1.4474E+01   6.7385E-17
   1.6737E+01   8.6862E-17
   1.9355E+01   1.0356E-16
   2.2381E+01   1.1679E-16
   2.5881E+01   1.2636E-16
   2.9928E+01   1.3245E-16
   3.4608E+01   1.3540E-16
   4.0020E+01   1.3568E-16
   4.6278E+01   1.3374E-16
   5.3514E+01   1.3005E-16
   6.1883E+01   1.2503E-16
   7.1559E+01   1.1904E-16
   8.2749E+01   1.1241E-16
   9.5689E+01   1.0538E-16
   1.1065E+02   9.8173E-17
   1.2796E+02   9.0959E-17
   1.4796E+02   8.3868E-17
   1.7110E+02   7.7000E-17
   1.9786E+02   7.0424E-17
   2.2880E+02   6.4191E-17
   2.6458E+02   5.8330E-17
   3.0595E+02   5.2860E-17
   3.5379E+02   4.7783E-17
   4.0911E+02   4.3098E-17
   4.7309E+02   3.8792E-17
   5.4707E+02   3.4853E-17
   6.3261E+02   3.1260E-17
   7.3154E+02   2.7995E-17
   8.4593E+02   2.5035E-17
   9.7821E+02   2.2359E-17
   1.1312E+03   1.9945E-17
   1.3081E+03   1.7772E-17
   1.5126E+03   1.5820E-17
   1.7491E+03   1.4069E-17
   2.0227E+03   1.2500E-17
   2.3389E+03   1.1098E-17
   2.7047E+03   9.8449E-18
   3.1276E+03   8.7273E-18
   3.6167E+03   7.7313E-18
   4.1823E+03   6.8446E-18
   4.8363E+03   6.0560E-18
   5.5925E+03   5.3553E-18
   6.4670E+03   4.7331E-18
   7.4783E+03   4.1811E-18
   8.6477E+03   3.6917E-18
   1.0000E+04   3.2581E-18
-1
0.0 0.0 0.0
