##equation:     e(-)+CH_4->C+2H_2+e(-)
##type:         dissociation
##Ref:          R. K. Janev and D. Reiter
##              ``Collision processes of CHy and CHy+ hydrocarbons with
##              plasma electrons and protons''
##              Phys.Plasmas, Vol. 9, No. 9, 2002
700033
e(-)+CH_4->C+2H_2+e(-)
14.0
4
700  1   60  14
-1   0  +1  +2
4
   51
   1.4000E+01   1.0000E-30
   1.5966E+01   1.5886E-18
   1.8209E+01   2.2082E-18
   2.0766E+01   2.7932E-18
   2.3683E+01   3.3070E-18
   2.7009E+01   3.7297E-18
   3.0803E+01   4.0539E-18
   3.5129E+01   4.2808E-18
   4.0063E+01   4.4171E-18
   4.5690E+01   4.4728E-18
   5.2108E+01   4.4594E-18
   5.9426E+01   4.3884E-18
   6.7773E+01   4.2712E-18
   7.7292E+01   4.1181E-18
   8.8148E+01   3.9384E-18
   1.0053E+02   3.7399E-18
   1.1465E+02   3.5296E-18
   1.3075E+02   3.3131E-18
   1.4912E+02   3.0949E-18
   1.7006E+02   2.8788E-18
   1.9394E+02   2.6677E-18
   2.2118E+02   2.4636E-18
   2.5225E+02   2.2682E-18
   2.8768E+02   2.0826E-18
   3.2809E+02   1.9074E-18
   3.7417E+02   1.7430E-18
   4.2672E+02   1.5896E-18
   4.8665E+02   1.4469E-18
   5.5500E+02   1.3149E-18
   6.3296E+02   1.1930E-18
   7.2186E+02   1.0809E-18
   8.2324E+02   9.7810E-19
   9.3887E+02   8.8399E-19
   1.0707E+03   7.9805E-19
   1.2211E+03   7.1973E-19
   1.3926E+03   6.4849E-19
   1.5882E+03   5.8378E-19
   1.8113E+03   5.2510E-19
   2.0657E+03   4.7196E-19
   2.3559E+03   4.2389E-19
   2.6867E+03   3.8047E-19
   3.0641E+03   3.4128E-19
   3.4945E+03   3.0595E-19
   3.9853E+03   2.7413E-19
   4.5450E+03   2.4548E-19
   5.1834E+03   2.1972E-19
   5.9114E+03   1.9658E-19
   6.7417E+03   1.7579E-19
   7.6886E+03   1.5714E-19
   8.7684E+03   1.4041E-19
   1.0000E+04   1.2541E-19
-1
0.0 0.0 0.0
