##equation:     e(-)+CH_3->CH_2+H+e(-)
##type:         dissociation
##Ref:          R. K. Janev and D. Reiter
##              ``Collision processes of CHy and CHy+ hydrocarbons with
##              plasma electrons and protons''
##              Phys.Plasmas, Vol. 9, No. 9, 2002
700034
e(-)+CH_3->CH_2+H+e(-)
9.5
4
702  1  704  10
-1   0  +1  +1
4
   51
   9.5000E+00   1.0000E-30
   1.0919E+01   1.8221E-18
   1.2549E+01   1.0380E-17
   1.4423E+01   2.5347E-17
   1.6577E+01   4.4040E-17
   1.9052E+01   6.3744E-17
   2.1898E+01   8.2403E-17
   2.5168E+01   9.8698E-17
   2.8926E+01   1.1193E-16
   3.3246E+01   1.2187E-16
   3.8210E+01   1.2859E-16
   4.3916E+01   1.3234E-16
   5.0474E+01   1.3349E-16
   5.8012E+01   1.3244E-16
   6.6675E+01   1.2961E-16
   7.6631E+01   1.2537E-16
   8.8075E+01   1.2009E-16
   1.0123E+02   1.1405E-16
   1.1634E+02   1.0752E-16
   1.3372E+02   1.0072E-16
   1.5369E+02   9.3820E-17
   1.7664E+02   8.6962E-17
   2.0301E+02   8.0254E-17
   2.3333E+02   7.3776E-17
   2.6817E+02   6.7586E-17
   3.0822E+02   6.1724E-17
   3.5425E+02   5.6215E-17
   4.0715E+02   5.1069E-17
   4.6795E+02   4.6290E-17
   5.3783E+02   4.1872E-17
   6.1814E+02   3.7806E-17
   7.1045E+02   3.4078E-17
   8.1655E+02   3.0670E-17
   9.3848E+02   2.7565E-17
   1.0786E+03   2.4742E-17
   1.2397E+03   2.2182E-17
   1.4248E+03   1.9865E-17
   1.6376E+03   1.7772E-17
   1.8821E+03   1.5886E-17
   2.1632E+03   1.4187E-17
   2.4862E+03   1.2660E-17
   2.8575E+03   1.1288E-17
   3.2842E+03   1.0059E-17
   3.7747E+03   8.9573E-18
   4.3384E+03   7.9715E-18
   4.9862E+03   7.0902E-18
   5.7308E+03   6.3029E-18
   6.5866E+03   5.6002E-18
   7.5702E+03   4.9734E-18
   8.7007E+03   4.4148E-18
   1.0000E+04   3.9172E-18
-1
0.0 0.0 0.0
