##equation:     e(-)+CH_4->CH+H_2+H+e(-)
##type:         dissociation
##Ref:          R. K. Janev and D. Reiter
##              ``Collision processes of CHy and CHy+ hydrocarbons with
##              plasma electrons and protons''
##              Phys.Plasmas, Vol. 9, No. 9, 2002
700032
e(-)+CH_4->CH+H_2+H+e(-)
12.5
5
700  1  706  14  10
-1   0  +1  +1   +1
4
   51
   1.2500E+01   1.0000E-30
   1.4288E+01   6.9407E-19
   1.6332E+01   2.7813E-18
   1.8668E+01   5.5870E-18
   2.1338E+01   8.2643E-18
   2.4390E+01   1.0439E-17
   2.7879E+01   1.2061E-17
   3.1867E+01   1.3191E-17
   3.6425E+01   1.3905E-17
   4.1636E+01   1.4277E-17
   4.7591E+01   1.4369E-17
   5.4399E+01   1.4237E-17
   6.2180E+01   1.3927E-17
   7.1074E+01   1.3479E-17
   8.1241E+01   1.2929E-17
   9.2862E+01   1.2306E-17
   1.0614E+02   1.1634E-17
   1.2133E+02   1.0935E-17
   1.3868E+02   1.0224E-17
   1.5852E+02   9.5162E-18
   1.8119E+02   8.8211E-18
   2.0711E+02   8.1470E-18
   2.3674E+02   7.4998E-18
   2.7060E+02   6.8837E-18
   3.0931E+02   6.3014E-18
   3.5355E+02   5.7545E-18
   4.0413E+02   5.2437E-18
   4.6193E+02   4.7688E-18
   5.2801E+02   4.3290E-18
   6.0353E+02   3.9234E-18
   6.8986E+02   3.5504E-18
   7.8854E+02   3.2084E-18
   9.0134E+02   2.8957E-18
   1.0303E+03   2.6104E-18
   1.1776E+03   2.3507E-18
   1.3461E+03   2.1147E-18
   1.5386E+03   1.9007E-18
   1.7587E+03   1.7068E-18
   2.0103E+03   1.5315E-18
   2.2978E+03   1.3732E-18
   2.6265E+03   1.2304E-18
   3.0022E+03   1.1017E-18
   3.4317E+03   9.8585E-19
   3.9225E+03   8.8169E-19
   4.4836E+03   7.8811E-19
   5.1250E+03   7.0410E-19
   5.8580E+03   6.2874E-19
   6.6960E+03   5.6119E-19
   7.6538E+03   5.0068E-19
   8.7486E+03   4.4650E-19
   1.0000E+04   3.9804E-19
-1
0.0 0.0 0.0
