##equation:     e+C_2H_4->e+C_2H_4
##type:         momentum transfer
# "Gaseous Electronics : Tables, Atoms, and Molecules"
#  Gorur Govinda Raju, CRC Press, 2011
#http://www.crcnetbase.com/isbn/978-1-4398-4894-4
708057
e(-)+C_2H_4->e(-)+C_2H_4
0.0
2
712 1
 0  0
1
 30
 0.01  60.00e-16
 0.02  40.00e-16
 0.03  28.00e-16
 0.04  24.00e-16
 0.05  20.00e-16
 0.06  16.00e-16
  1.0  12.70e-16
  1.5  16.30e-16
  1.8  18.40e-16
  2.0  21.58e-16
  2.2  19.40e-16
  2.5  18.60e-16
  3.0  16.30e-16
  3.1  19.50e-16
  4.1  18.20e-16
  4.5  17.00e-16
  4.6  20.10e-16
  5.0  17.00e-16
  5.1  22.90e-16
  6.0  19.20e-16
  7.5  22.20e-16
  8.0  23.20e-16
  8.1  25.60e-16
 10.1  24.50e-16
 15.0  23.20e-16
 20.0  19.00e-16
 30.0  12.30e-16
 60.0   6.14e-16
100.0   3.73e-16
1000.0  0.10e-16
-1
0.0 0.0 0.0
