##equation:     e(-)+C_2H_2->C_2H+H+e(-)
##type:         dissociation
##Ref:          R. K. Janev and D. Reiter
##              ``Collision processes of C2,3Hy and C2,3Hy+ hydrocarbons with
##                electrons and protons''
##              Phys.Plasmas, Vol. 11, No. 2, 2004
708061
e(-)+C_2H_2->C_2H+H+e(-)
7.5
4
716  1  718  10
-1   0  +1  +1
4
   51
   7.5000E+00   1.0000E-30
   8.6608E+00   1.9211E-18
   1.0001E+01   9.9301E-18
   1.1549E+01   2.2532E-17
   1.3337E+01   3.6961E-17
   1.5401E+01   5.1084E-17
   1.7785E+01   6.3589E-17
   2.0538E+01   7.3816E-17
   2.3717E+01   8.1549E-17
   2.7387E+01   8.6846E-17
   3.1626E+01   8.9920E-17
   3.6521E+01   9.1062E-17
   4.2174E+01   9.0584E-17
   4.8702E+01   8.8797E-17
   5.6240E+01   8.5986E-17
   6.4945E+01   8.2406E-17
   7.4997E+01   7.8279E-17
   8.6604E+01   7.3793E-17
   1.0001E+02   6.9102E-17
   1.1549E+02   6.4333E-17
   1.3336E+02   5.9585E-17
   1.5401E+02   5.4936E-17
   1.7784E+02   5.0444E-17
   2.0537E+02   4.6151E-17
   2.3715E+02   4.2086E-17
   2.7386E+02   3.8266E-17
   3.1625E+02   3.4701E-17
   3.6520E+02   3.1392E-17
   4.2172E+02   2.8337E-17
   4.8700E+02   2.5529E-17
   5.6237E+02   2.2957E-17
   6.4942E+02   2.0611E-17
   7.4993E+02   1.8476E-17
   8.6601E+02   1.6539E-17
   1.0000E+03   1.4787E-17
   1.1548E+03   1.3205E-17
   1.3336E+03   1.1779E-17
   1.5400E+03   1.0496E-17
   1.7783E+03   9.3447E-18
   2.0536E+03   8.3123E-18
   2.3714E+03   7.3879E-18
   2.7385E+03   6.5613E-18
   3.1623E+03   5.8231E-18
   3.6518E+03   5.1646E-18
   4.2170E+03   4.5776E-18
   4.8697E+03   4.0550E-18
   5.6235E+03   3.5900E-18
   6.4939E+03   3.1767E-18
   7.4990E+03   2.8096E-18
   8.6597E+03   2.4837E-18
   1.0000E+04   2.1946E-18
-1
0.0 0.0 0.0
