##equation:     e+C_2H_6->e+C_2H_6
##type:         momentum transfer
# "Gaseous Electronics : Tables, Atoms, and Molecules"
#  Gorur Govinda Raju, CRC Press, 2011
#http://www.crcnetbase.com/isbn/978-1-4398-4894-4
708055
e(-)+C_2H_6->e(-)+C_2H_6
0.0
2
708 1
 0  0
1
 28
 0.05   5.42e-16
 0.07   4.26e-16
 0.10   3.19e-16
 0.20   3.56e-16
 0.30   5.05e-16
 0.40   6.57e-16
 0.50   7.80e-16
 0.60   8.72e-16
 0.70   9.36e-16
 0.80   9.84e-16
 0.90  10.24e-16
 1.00  10.63e-16
 2.00  10.82e-16
 3.00  14.70e-16
 4.00  19.13e-16
 5.00  24.34e-16
 6.00  26.76e-16
 7.50  31.68e-16
 8.50  30.11e-16
 10.0  28.75e-16
 15.0  25.26e-16
 20.0  21.82e-16
 40.0  14.10e-16
100.0   6.60e-16
200.0  3.154e-16
400.0  1.524e-16
600.0  0.980e-16
1000.0 0.385e-16
-1
0.0 0.0 0.0
