##equation:     e+C_2H_4->C_2H_4(+)+2e
##type:         ionization
##date:         2003/10/29
##date:         2018/06/26 Total -> Partial
##method:       fitting function
##ref.auth:     R.K.Janev, J.G.Wang, I.Murakami and T.Kato
##ref.title:    Cross Sections and Rate Coefficients for Electron-Impact
##              Ionization of Hydrocarbon Molecules
##ref.journal:  RESEARCH REPORT NIFS-DATA Series  NIFS-DATA-68 Oct. 2001
##              (ISSN 0915-6364)
708022
e(-)+C_2H_4->C_2H_4(+)+2e(-)
10.45
3
712  1  713
-1   1    1
2
        70
10.45   1.0E-19
11.65	1.387E-18
12.78	9.152E-18
14.03	2.604E-17
15.39	4.102E-17
16.89	6.037E-17
18.54	7.408E-17
20.35	9.089E-17
22.33	1.066E-16
24.5	1.194E-16
26.89	1.368E-16
29.51	1.499E-16
32.39	1.679E-16
35.54	1.798E-16
39	1.881E-16
42.8	2.06E-16
46.98	2.156E-16
51.55	2.206E-16
56.57	2.361E-16
62.09	2.416E-16
68.14	2.471E-16
98.83	2.471E-16
108.5	2.416E-16
119	2.416E-16
130.6	2.361E-16
143.3	2.308E-16
157.3	2.206E-16
172.6	2.156E-16
189.5	2.06E-16
207.9	1.969E-16
228.2	1.881E-16
250.4	1.798E-16
274.8	1.718E-16
301.6	1.604E-16
331	1.533E-16
363.2	1.432E-16
398.6	1.4E-16
437.4	1.308E-16
480.1	1.221E-16
526.8	1.141E-16
578.2	1.066E-16
634.5	1.042E-16
696.3	9.512E-17
764.1	8.885E-17
838.6	8.49E-17
920.3	7.752E-17
1010	7.241E-17
1108	6.764E-17
1216	6.463E-17
1335	5.902E-17
1465	5.513E-17
1608	5.268E-17
1764	4.81E-17
1936	4.493E-17
2125	4.102E-17
2332	3.832E-17
2559	3.499E-17
2808	3.268E-17
3082	3.053E-17
3382	2.852E-17
3712	2.664E-17
4073	2.432E-17
4470	2.324E-17
4906	2.074E-17
5384	1.938E-17
5908	1.81E-17
6484	1.653E-17
7116	1.544E-17
7809	1.409E-17
8570	1.317E-17
-1
0.0 0.0 0.0

