##equation:     e(-)+C_2H_6->C_2H_4+H_2+e(-)
##type:         dissociation
##Ref:          R. K. Janev and D. Reiter
##              ``Collision processes of C2,3Hy and C2,3Hy+ hydrocarbons with
##                electrons and protons''
##              Phys.Plasmas, Vol. 11, No. 2, 2004
708101
e(-)+C_2H_6->C_2H_4+H_2+e(-)
4.0
4
708  1  712  14
-1   0  +1  +1
4
   51
   4.0000E+00   1.0000E-30
   4.6776E+00   5.3531E-18
   5.4699E+00   2.5987E-17
   6.3964E+00   5.6077E-17
   7.4799E+00   8.8154E-17
   8.7469E+00   1.1738E-16
   1.0229E+01   1.4133E-16
   1.1961E+01   1.5923E-16
   1.3987E+01   1.7120E-16
   1.6356E+01   1.7789E-16
   1.9127E+01   1.8012E-16
   2.2367E+01   1.7874E-16
   2.6156E+01   1.7454E-16
   3.0586E+01   1.6822E-16
   3.5767E+01   1.6039E-16
   4.1826E+01   1.5153E-16
   4.8910E+01   1.4204E-16
   5.7195E+01   1.3225E-16
   6.6883E+01   1.2240E-16
   7.8213E+01   1.1269E-16
   9.1461E+01   1.0326E-16
   1.0695E+02   9.4230E-17
   1.2507E+02   8.5659E-17
   1.4626E+02   7.7601E-17
   1.7103E+02   7.0081E-17
   2.0000E+02   6.3109E-17
   2.3388E+02   5.6683E-17
   2.7349E+02   5.0790E-17
   3.1982E+02   4.5411E-17
   3.7399E+02   4.0519E-17
   4.3734E+02   3.6088E-17
   5.1143E+02   3.2087E-17
   5.9806E+02   2.8485E-17
   6.9936E+02   2.5250E-17
   8.1782E+02   2.2352E-17
   9.5635E+02   1.9762E-17
   1.1183E+03   1.7453E-17
   1.3078E+03   1.5396E-17
   1.5293E+03   1.3568E-17
   1.7884E+03   1.1946E-17
   2.0913E+03   1.0508E-17
   2.4455E+03   9.2359E-18
   2.8598E+03   8.1114E-18
   3.3442E+03   7.1185E-18
   3.9106E+03   6.2429E-18
   4.5731E+03   5.4714E-18
   5.3477E+03   4.7923E-18
   6.2535E+03   4.1951E-18
   7.3128E+03   3.6702E-18
   8.5515E+03   3.2093E-18
   1.0000E+04   2.8048E-18
-1
0.0 0.0 0.0
