##equation:     e(-)+C_2H_4->C_2H_2+H_2+e(-)
##type:         dissociation
##Ref:          R. K. Janev and D. Reiter
##              ``Collision processes of C2,3Hy and C2,3Hy+ hydrocarbons with
##                electrons and protons''
##              Phys.Plasmas, Vol. 11, No. 2, 2004
708114
e(-)+C_2H_4->C_2H_2+H_2+e(-)
5.8
4
712  1  716  14
-1   0  +1  +1
4
   51
   5.8000E+00   1.0000E-30
   6.7322E+00   2.2611E-18
   7.8143E+00   9.9001E-18
   9.0703E+00   2.0306E-17
   1.0528E+01   3.1103E-17
   1.2220E+01   4.0896E-17
   1.4185E+01   4.9009E-17
   1.6464E+01   5.5212E-17
   1.9111E+01   5.9538E-17
   2.2183E+01   6.2156E-17
   2.5748E+01   6.3295E-17
   2.9886E+01   6.3202E-17
   3.4690E+01   6.2118E-17
   4.0266E+01   6.0261E-17
   4.6738E+01   5.7824E-17
   5.4250E+01   5.4972E-17
   6.2970E+01   5.1844E-17
   7.3091E+01   4.8556E-17
   8.4839E+01   4.5199E-17
   9.8475E+01   4.1848E-17
   1.1430E+02   3.8559E-17
   1.3267E+02   3.5377E-17
   1.5400E+02   3.2333E-17
   1.7875E+02   2.9448E-17
   2.0748E+02   2.6736E-17
   2.4083E+02   2.4206E-17
   2.7954E+02   2.1858E-17
   3.2447E+02   1.9691E-17
   3.7662E+02   1.7702E-17
   4.3716E+02   1.5882E-17
   5.0742E+02   1.4223E-17
   5.8898E+02   1.2717E-17
   6.8365E+02   1.1353E-17
   7.9353E+02   1.0121E-17
   9.2108E+02   9.0114E-18
   1.0691E+03   8.0137E-18
   1.2410E+03   7.1185E-18
   1.4404E+03   6.3169E-18
   1.6719E+03   5.6001E-18
   1.9407E+03   4.9603E-18
   2.2526E+03   4.3899E-18
   2.6147E+03   3.8821E-18
   3.0349E+03   3.4305E-18
   3.5227E+03   3.0293E-18
   4.0889E+03   2.6733E-18
   4.7462E+03   2.3577E-18
   5.5090E+03   2.0782E-18
   6.3945E+03   1.8308E-18
   7.4223E+03   1.6120E-18
   8.6153E+03   1.4187E-18
   1.0000E+04   1.2480E-18
-1
0.0 0.0 0.0
