##equation:     e(-)+C_2H->C_2+H+e(-)
##type:         dissociation
##Ref:          R. K. Janev and D. Reiter
##              ``Collision processes of C2,3Hy and C2,3Hy+ hydrocarbons with
##                electrons and protons''
##              Phys.Plasmas, Vol. 11, No. 2, 2004
708131
e(-)+C_2H->C_2+H+e(-)
8.8
4
718  1  64  10
-1   0  +1  +1
4
   51
   8.8000E+00   1.0000E-30
   1.0130E+01   1.5913E-18
   1.1660E+01   8.8788E-18
   1.3422E+01   2.1289E-17
   1.5450E+01   3.6404E-17
   1.7784E+01   5.1962E-17
   2.0471E+01   6.6359E-17
   2.3564E+01   7.8642E-17
   2.7125E+01   8.8366E-17
   3.1223E+01   9.5440E-17
   3.5941E+01   9.9994E-17
   4.1371E+01   1.0228E-16
   4.7622E+01   1.0262E-16
   5.4817E+01   1.0134E-16
   6.3100E+01   9.8769E-17
   7.2634E+01   9.5197E-17
   8.3608E+01   9.0889E-17
   9.6241E+01   8.6072E-17
   1.1078E+02   8.0936E-17
   1.2752E+02   7.5639E-17
   1.4679E+02   7.0307E-17
   1.6897E+02   6.5039E-17
   1.9450E+02   5.9911E-17
   2.2388E+02   5.4980E-17
   2.5771E+02   5.0285E-17
   2.9665E+02   4.5852E-17
   3.4147E+02   4.1696E-17
   3.9306E+02   3.7824E-17
   4.5245E+02   3.4236E-17
   5.2081E+02   3.0926E-17
   5.9951E+02   2.7885E-17
   6.9009E+02   2.5101E-17
   7.9435E+02   2.2561E-17
   9.1437E+02   2.0250E-17
   1.0525E+03   1.8152E-17
   1.2116E+03   1.6253E-17
   1.3946E+03   1.4536E-17
   1.6053E+03   1.2988E-17
   1.8479E+03   1.1594E-17
   2.1271E+03   1.0341E-17
   2.4485E+03   9.2155E-18
   2.8184E+03   8.2066E-18
   3.2443E+03   7.3031E-18
   3.7345E+03   6.4948E-18
   4.2987E+03   5.7724E-18
   4.9482E+03   5.1274E-18
   5.6959E+03   4.5520E-18
   6.5565E+03   4.0391E-18
   7.5471E+03   3.5823E-18
   8.6874E+03   3.1756E-18
   1.0000E+04   2.8139E-18
-1
0.0 0.0 0.0
