##equation:     e(-)+C_2H_3->C_2H+H_2+e(-)
##type:         dissociation
##Ref:          R. K. Janev and D. Reiter
##              ``Collision processes of C2,3Hy and C2,3Hy+ hydrocarbons with
##                electrons and protons''
##              Phys.Plasmas, Vol. 11, No. 2, 2004
708121
e(-)+C_2H_3->C_2H+H_2+e(-)
5.58
4
714  1  718  14
-1   0  +1  +1
4
   51
   5.5800E+00   1.0000E-30
   6.4819E+00   8.6407E-18
   7.5295E+00   1.8943E-17
   8.7465E+00   2.9443E-17
   1.0160E+01   3.8562E-17
   1.1802E+01   4.5757E-17
   1.3710E+01   5.0979E-17
   1.5926E+01   5.4394E-17
   1.8500E+01   5.6250E-17
   2.1490E+01   5.6812E-17
   2.4964E+01   5.6335E-17
   2.8998E+01   5.5047E-17
   3.3685E+01   5.3144E-17
   3.9130E+01   5.0794E-17
   4.5454E+01   4.8135E-17
   5.2801E+01   4.5281E-17
   6.1335E+01   4.2324E-17
   7.1249E+01   3.9337E-17
   8.2765E+01   3.6378E-17
   9.6142E+01   3.3491E-17
   1.1168E+02   3.0709E-17
   1.2973E+02   2.8055E-17
   1.5070E+02   2.5545E-17
   1.7506E+02   2.3190E-17
   2.0335E+02   2.0994E-17
   2.3622E+02   1.8958E-17
   2.7440E+02   1.7081E-17
   3.1875E+02   1.5356E-17
   3.7027E+02   1.3779E-17
   4.3012E+02   1.2342E-17
   4.9964E+02   1.1036E-17
   5.8039E+02   9.8539E-18
   6.7420E+02   8.7857E-18
   7.8317E+02   7.8231E-18
   9.0975E+02   6.9574E-18
   1.0568E+03   6.1806E-18
   1.2276E+03   5.4848E-18
   1.4260E+03   4.8625E-18
   1.6565E+03   4.3069E-18
   1.9242E+03   3.8114E-18
   2.2353E+03   3.3703E-18
   2.5965E+03   2.9780E-18
   3.0162E+03   2.6294E-18
   3.5037E+03   2.3201E-18
   4.0700E+03   2.0459E-18
   4.7278E+03   1.8030E-18
   5.4920E+03   1.5881E-18
   6.3797E+03   1.3980E-18
   7.4108E+03   1.2300E-18
   8.6086E+03   1.0817E-18
   1.0000E+04   9.5086E-19
-1
0.0 0.0 0.0
