##equation:     e(-)+C_2H->C+CH+e(-)
##type:         dissociation
##Ref:          R. K. Janev and D. Reiter
##              ``Collision processes of C2,3Hy and C2,3Hy+ hydrocarbons with
##                electrons and protons''
##              Phys.Plasmas, Vol. 11, No. 2, 2004
708132
e(-)+C_2H->C+CH+e(-)
11.0
4
718  1  60  706
-1   0  +1   +1
4
   51
   1.1000E+01   1.0000E-30
   1.2606E+01   2.5959E-18
   1.4446E+01   6.4947E-18
   1.6554E+01   1.1681E-17
   1.8971E+01   1.7311E-17
   2.1740E+01   2.2678E-17
   2.4913E+01   2.7335E-17
   2.8549E+01   3.1068E-17
   3.2717E+01   3.3824E-17
   3.7492E+01   3.5645E-17
   4.2965E+01   3.6627E-17
   4.9236E+01   3.6888E-17
   5.6423E+01   3.6551E-17
   6.4659E+01   3.5736E-17
   7.4097E+01   3.4550E-17
   8.4913E+01   3.3088E-17
   9.7308E+01   3.1432E-17
   1.1151E+02   2.9651E-17
   1.2779E+02   2.7801E-17
   1.4644E+02   2.5927E-17
   1.6782E+02   2.4067E-17
   1.9231E+02   2.2247E-17
   2.2038E+02   2.0489E-17
   2.5255E+02   1.8808E-17
   2.8942E+02   1.7214E-17
   3.3166E+02   1.5713E-17
   3.8007E+02   1.4308E-17
   4.3555E+02   1.3001E-17
   4.9913E+02   1.1790E-17
   5.7199E+02   1.0673E-17
   6.5548E+02   9.6456E-18
   7.5115E+02   8.7043E-18
   8.6080E+02   7.8442E-18
   9.8645E+02   7.0602E-18
   1.1304E+03   6.3473E-18
   1.2954E+03   5.7002E-18
   1.4845E+03   5.1141E-18
   1.7012E+03   4.5841E-18
   1.9495E+03   4.1055E-18
   2.2341E+03   3.6740E-18
   2.5602E+03   3.2855E-18
   2.9339E+03   2.9360E-18
   3.3622E+03   2.6220E-18
   3.8530E+03   2.3402E-18
   4.4154E+03   2.0874E-18
   5.0599E+03   1.8610E-18
   5.7984E+03   1.6583E-18
   6.6448E+03   1.4770E-18
   7.6148E+03   1.3149E-18
   8.7263E+03   1.1700E-18
   1.0000E+04   1.0408E-18
-1
0.0 0.0 0.0
