##equation:     e(-)+C_2H_2->C_2+H_2+e(-)
##type:         dissociation
##Ref:          R. K. Janev and D. Reiter
##              ``Collision processes of C2,3Hy and C2,3Hy+ hydrocarbons with
##                electrons and protons''
##              Phys.Plasmas, Vol. 11, No. 2, 2004
708127
e(-)+C_2H_2->C_2+H_2+e(-)
8.7
4
716  1  64  14
-1   0  +1  +1
4
   51
   8.7000E+00   1.0000E-30
   1.0017E+01   3.1554E-18
   1.1533E+01   8.1468E-18
   1.3278E+01   1.3836E-17
   1.5288E+01   1.9196E-17
   1.7602E+01   2.3760E-17
   2.0266E+01   2.7365E-17
   2.3334E+01   3.0008E-17
   2.6866E+01   3.1761E-17
   3.0932E+01   3.2732E-17
   3.5614E+01   3.3036E-17
   4.1004E+01   3.2792E-17
   4.7210E+01   3.2108E-17
   5.4356E+01   3.1081E-17
   6.2583E+01   2.9797E-17
   7.2055E+01   2.8331E-17
   8.2961E+01   2.6744E-17
   9.5517E+01   2.5087E-17
   1.0997E+02   2.3403E-17
   1.2662E+02   2.1725E-17
   1.4578E+02   2.0079E-17
   1.6785E+02   1.8485E-17
   1.9326E+02   1.6958E-17
   2.2251E+02   1.5508E-17
   2.5618E+02   1.4141E-17
   2.9496E+02   1.2861E-17
   3.3960E+02   1.1669E-17
   3.9100E+02   1.0565E-17
   4.5018E+02   9.5471E-18
   5.1832E+02   8.6115E-18
   5.9677E+02   7.7548E-18
   6.8710E+02   6.9728E-18
   7.9109E+02   6.2610E-18
   9.1083E+02   5.6147E-18
   1.0487E+03   5.0291E-18
   1.2074E+03   4.4997E-18
   1.3902E+03   4.0220E-18
   1.6006E+03   3.5916E-18
   1.8428E+03   3.2044E-18
   2.1218E+03   2.8567E-18
   2.4429E+03   2.5447E-18
   2.8126E+03   2.2652E-18
   3.2383E+03   2.0151E-18
   3.7285E+03   1.7914E-18
   4.2928E+03   1.5916E-18
   4.9426E+03   1.4134E-18
   5.6906E+03   1.2544E-18
   6.5520E+03   1.1127E-18
   7.5436E+03   9.8659E-19
   8.6854E+03   8.7437E-19
   1.0000E+04   7.7458E-19
-1
0.0 0.0 0.0
