##equation:     e(-)+C_2H_5->C_2H_4+H+e(-)
##type:         dissociation
##Ref:          R. K. Janev and D. Reiter
##              ``Collision processes of C2,3Hy and C2,3Hy+ hydrocarbons with
##                electrons and protons''
##              Phys.Plasmas, Vol. 11, No. 2, 2004
708106
e(-)+C_2H_5->C_2H_4+H+e(-)
4.45
4
710  1  712  10
-1   0  +1  +1
4
   51
   4.4500E+00   1.0000E-30
   5.1927E+00   4.3190E-18
   6.0593E+00   2.0934E-17
   7.0706E+00   4.5215E-17
   8.2507E+00   7.1239E-17
   9.6277E+00   9.5134E-17
   1.1235E+01   1.1492E-16
   1.3110E+01   1.2991E-16
   1.5298E+01   1.4016E-16
   1.7851E+01   1.4612E-16
   2.0830E+01   1.4842E-16
   2.4306E+01   1.4772E-16
   2.8363E+01   1.4466E-16
   3.3097E+01   1.3979E-16
   3.8621E+01   1.3360E-16
   4.5066E+01   1.2650E-16
   5.2588E+01   1.1883E-16
   6.1365E+01   1.1086E-16
   7.1606E+01   1.0279E-16
   8.3557E+01   9.4806E-17
   9.7503E+01   8.7024E-17
   1.1378E+02   7.9541E-17
   1.3276E+02   7.2422E-17
   1.5492E+02   6.5712E-17
   1.8078E+02   5.9437E-17
   2.1095E+02   5.3607E-17
   2.4616E+02   4.8223E-17
   2.8724E+02   4.3276E-17
   3.3518E+02   3.8752E-17
   3.9112E+02   3.4632E-17
   4.5640E+02   3.0894E-17
   5.3257E+02   2.7512E-17
   6.2145E+02   2.4462E-17
   7.2517E+02   2.1719E-17
   8.4620E+02   1.9258E-17
   9.8743E+02   1.7055E-17
   1.1522E+03   1.5087E-17
   1.3445E+03   1.3331E-17
   1.5689E+03   1.1769E-17
   1.8308E+03   1.0379E-17
   2.1363E+03   9.1460E-18
   2.4929E+03   8.0527E-18
   2.9090E+03   7.0847E-18
   3.3945E+03   6.2286E-18
   3.9610E+03   5.4722E-18
   4.6221E+03   4.8046E-18
   5.3935E+03   4.2159E-18
   6.2936E+03   3.6972E-18
   7.3440E+03   3.2405E-18
   8.5697E+03   2.8388E-18
   1.0000E+04   2.4857E-18
-1
0.0 0.0 0.0
