##equation:     e(-)+C_2H_4->C_2H_3+H+e(-)
##type:         dissociation
##Ref:          R. K. Janev and D. Reiter
##              ``Collision processes of C2,3Hy and C2,3Hy+ hydrocarbons with
##                electrons and protons''
##              Phys.Plasmas, Vol. 11, No. 2, 2004
708113
e(-)+C_2H_4->C_2H_3+H+e(-)
6.9
4
712  1  714  10
-1   0  +1  +1
4
   51
   6.9000E+00   1.0000E-30
   7.9813E+00   5.6734E-18
   9.2320E+00   1.8251E-17
   1.0679E+01   3.3435E-17
   1.2352E+01   4.7803E-17
   1.4288E+01   5.9887E-17
   1.6527E+01   6.9253E-17
   1.9117E+01   7.5943E-17
   2.2112E+01   8.0212E-17
   2.5577E+01   8.2395E-17
   2.9586E+01   8.2844E-17
   3.4222E+01   8.1893E-17
   3.9585E+01   7.9844E-17
   4.5788E+01   7.6963E-17
   5.2963E+01   7.3475E-17
   6.1262E+01   6.9571E-17
   7.0863E+01   6.5408E-17
   8.1967E+01   6.1113E-17
   9.4812E+01   5.6788E-17
   1.0967E+02   5.2515E-17
   1.2686E+02   4.8353E-17
   1.4673E+02   4.4349E-17
   1.6973E+02   4.0535E-17
   1.9633E+02   3.6932E-17
   2.2709E+02   3.3554E-17
   2.6268E+02   3.0405E-17
   3.0384E+02   2.7488E-17
   3.5146E+02   2.4796E-17
   4.0653E+02   2.2325E-17
   4.7024E+02   2.0063E-17
   5.4393E+02   1.8001E-17
   6.2916E+02   1.6126E-17
   7.2776E+02   1.4426E-17
   8.4180E+02   1.2889E-17
   9.7371E+02   1.1502E-17
   1.1263E+03   1.0252E-17
   1.3028E+03   9.1291E-18
   1.5070E+03   8.1213E-18
   1.7431E+03   7.2182E-18
   2.0163E+03   6.4102E-18
   2.3322E+03   5.6882E-18
   2.6977E+03   5.0438E-18
   3.1204E+03   4.4693E-18
   3.6094E+03   3.9577E-18
   4.1751E+03   3.5025E-18
   4.8293E+03   3.0978E-18
   5.5861E+03   2.7384E-18
   6.4615E+03   2.4195E-18
   7.4740E+03   2.1366E-18
   8.6452E+03   1.8859E-18
   1.0000E+04   1.6639E-18
-1
0.0 0.0 0.0
