##equation:     e(-)+C_2H_6->C_2H_5+H+e(-)
##type:         dissociation
##Ref:          R. K. Janev and D. Reiter
##              ``Collision processes of C2,3Hy and C2,3Hy+ hydrocarbons with
##                electrons and protons''
##              Phys.Plasmas, Vol. 11, No. 2, 2004
708100
e(-)+C_2H_6->C_2H_5+H+e(-)
7.45
4
708  1  710  10
-1   0  +1  +1
4
   51
   7.4500E+00   1.0000E-30
   8.6043E+00   2.8320E-18
   9.9373E+00   2.0203E-17
   1.1477E+01   4.3240E-17
   1.3255E+01   6.2402E-17
   1.5309E+01   7.5487E-17
   1.7681E+01   8.3339E-17
   2.0420E+01   8.7275E-17
   2.3584E+01   8.8399E-17
   2.7238E+01   8.7528E-17
   3.1458E+01   8.5259E-17
   3.6331E+01   8.2024E-17
   4.1960E+01   7.8142E-17
   4.8461E+01   7.3850E-17
   5.5970E+01   6.9329E-17
   6.4641E+01   6.4713E-17
   7.4656E+01   6.0105E-17
   8.6223E+01   5.5580E-17
   9.9582E+01   5.1195E-17
   1.1501E+02   4.6991E-17
   1.3283E+02   4.2996E-17
   1.5341E+02   3.9227E-17
   1.7718E+02   3.5694E-17
   2.0463E+02   3.2402E-17
   2.3633E+02   2.9348E-17
   2.7295E+02   2.6528E-17
   3.1524E+02   2.3934E-17
   3.6408E+02   2.1557E-17
   4.2048E+02   1.9385E-17
   4.8563E+02   1.7405E-17
   5.6087E+02   1.5607E-17
   6.4777E+02   1.3976E-17
   7.4813E+02   1.2501E-17
   8.6404E+02   1.1169E-17
   9.9791E+02   9.9690E-18
   1.1525E+03   8.8891E-18
   1.3311E+03   7.9190E-18
   1.5373E+03   7.0488E-18
   1.7755E+03   6.2692E-18
   2.0506E+03   5.5717E-18
   2.3683E+03   4.9482E-18
   2.7352E+03   4.3916E-18
   3.1590E+03   3.8951E-18
   3.6484E+03   3.4527E-18
   4.2137E+03   3.0588E-18
   4.8665E+03   2.7084E-18
   5.6205E+03   2.3969E-18
   6.4913E+03   2.1202E-18
   7.4970E+03   1.8745E-18
   8.6585E+03   1.6566E-18
   1.0000E+04   1.4634E-18
-1
0.0 0.0 0.0
