##equation:     e(-)+C_2H_3->C_2H_2+H+e(-)
##type:         dissociation
##Ref:          R. K. Janev and D. Reiter
##              ``Collision processes of C2,3Hy and C2,3Hy+ hydrocarbons with
##                electrons and protons''
##              Phys.Plasmas, Vol. 11, No. 2, 2004
708120
e(-)+C_2H_3->C_2H_2+H+e(-)
4.6
4
714  1  716  10
-1   0  +1  +1
4
   51
   4.6000E+00   1.0000E-30
   5.3642E+00   3.6377E-18
   6.2553E+00   1.8055E-17
   7.2944E+00   3.9602E-17
   8.5062E+00   6.3071E-17
   9.9193E+00   8.4897E-17
   1.1567E+01   1.0318E-16
   1.3489E+01   1.1720E-16
   1.5730E+01   1.2693E-16
   1.8343E+01   1.3275E-16
   2.1390E+01   1.3519E-16
   2.4943E+01   1.3484E-16
   2.9087E+01   1.3229E-16
   3.3919E+01   1.2804E-16
   3.9554E+01   1.2254E-16
   4.6124E+01   1.1616E-16
   5.3787E+01   1.0923E-16
   6.2722E+01   1.0199E-16
   7.3142E+01   9.4649E-17
   8.5292E+01   8.7359E-17
   9.9461E+01   8.0243E-17
   1.1598E+02   7.3389E-17
   1.3525E+02   6.6860E-17
   1.5772E+02   6.0700E-17
   1.8392E+02   5.4933E-17
   2.1448E+02   4.9571E-17
   2.5011E+02   4.4615E-17
   2.9165E+02   4.0060E-17
   3.4011E+02   3.5890E-17
   3.9661E+02   3.2091E-17
   4.6249E+02   2.8641E-17
   5.3932E+02   2.5519E-17
   6.2892E+02   2.2702E-17
   7.3339E+02   2.0167E-17
   8.5523E+02   1.7891E-17
   9.9730E+02   1.5852E-17
   1.1630E+03   1.4030E-17
   1.3562E+03   1.2404E-17
   1.5815E+03   1.0956E-17
   1.8442E+03   9.6678E-18
   2.1506E+03   8.5237E-18
   2.5078E+03   7.5089E-18
   2.9244E+03   6.6099E-18
   3.4102E+03   5.8143E-18
   3.9768E+03   5.1111E-18
   4.6374E+03   4.4901E-18
   5.4078E+03   3.9421E-18
   6.3062E+03   3.4591E-18
   7.3538E+03   3.0336E-18
   8.5754E+03   2.6590E-18
   1.0000E+04   2.3296E-18
-1
0.0 0.0 0.0
