##equation:     e(-)+C_2H_5->C_2H_3+H_2+e(-)
##type:         dissociation
##Ref:          R. K. Janev and D. Reiter
##              ``Collision processes of C2,3Hy and C2,3Hy+ hydrocarbons with
##                electrons and protons''
##              Phys.Plasmas, Vol. 11, No. 2, 2004
708107
e(-)+C_2H_5->C_2H_3+H_2+e(-)
5.36
4
710  1  714  14
-1   0  +1  +1
4
   51
   5.3600E+00   1.0000E-30
   6.2313E+00   1.0909E-17
   7.2443E+00   2.3295E-17
   8.4220E+00   3.5524E-17
   9.7911E+00   4.5953E-17
   1.1383E+01   5.4080E-17
   1.3233E+01   5.9908E-17
   1.5384E+01   6.3654E-17
   1.7885E+01   6.5617E-17
   2.0793E+01   6.6108E-17
   2.4173E+01   6.5421E-17
   2.8103E+01   6.3819E-17
   3.2671E+01   6.1527E-17
   3.7982E+01   5.8736E-17
   4.4157E+01   5.5604E-17
   5.1335E+01   5.2260E-17
   5.9680E+01   4.8807E-17
   6.9382E+01   4.5330E-17
   8.0661E+01   4.1891E-17
   9.3774E+01   3.8542E-17
   1.0902E+02   3.5318E-17
   1.2674E+02   3.2247E-17
   1.4734E+02   2.9345E-17
   1.7130E+02   2.6625E-17
   1.9914E+02   2.4090E-17
   2.3152E+02   2.1742E-17
   2.6915E+02   1.9578E-17
   3.1291E+02   1.7592E-17
   3.6377E+02   1.5776E-17
   4.2291E+02   1.4122E-17
   4.9166E+02   1.2621E-17
   5.7159E+02   1.1262E-17
   6.6451E+02   1.0035E-17
   7.7253E+02   8.9304E-18
   8.9812E+02   7.9374E-18
   1.0441E+03   7.0468E-18
   1.2139E+03   6.2495E-18
   1.4112E+03   5.5370E-18
   1.6406E+03   4.9012E-18
   1.9073E+03   4.3346E-18
   2.2173E+03   3.8304E-18
   2.5778E+03   3.3823E-18
   2.9969E+03   2.9845E-18
   3.4840E+03   2.6317E-18
   4.0504E+03   2.3191E-18
   4.7089E+03   2.0424E-18
   5.4744E+03   1.7977E-18
   6.3643E+03   1.5814E-18
   7.3989E+03   1.3904E-18
   8.6017E+03   1.2219E-18
   1.0000E+04   1.0734E-18
-1
0.0 0.0 0.0
