##equation:     e+CH_4->e+CH_4
##type:         momentum transfer
##date:         2008/06/03
##method:       dummy value
700021
e(-)+CH_4->e(-)+CH_4
0.0
2
700 1
 0  0
1
  42
     0.0    71.292e-16
    0.01    24.200e-16
    0.015   16.500e-16
    0.02    12.500e-16
    0.03     8.400e-16
    0.04     6.300e-16
    0.06     4.200e-16
    0.08     3.000e-16
    0.10     2.100e-16
    0.15     1.000e-16
    0.2      0.550e-16
    0.25     0.460e-16
    0.3      0.450e-16
    0.35     0.455e-16
    0.4      0.480e-16
    0.5      0.580e-16
    0.6      0.730e-16
    0.8      1.270e-16
    1.0      1.900e-16
    1.2      2.500e-16
    1.5      3.550e-16
    2.0      5.500e-16
    3.0      9.200e-16
    4.0      12.20e-16
    5.0      14.60e-16
    6.0      16.20e-16
    8.0      18.00e-16
    10.0     17.00e-16
    12.0     15.30e-16
    15.0     12.60e-16
    20.0     8.800e-16
    30.0     4.760e-16
    40.0     3.261e-16
    60.0     2.130e-16
    80.0     1.670e-16
   100.0     1.430e-16
   150.0     1.070e-16
   200.0     0.900e-16
   300.0     0.714e-16
   400.0     0.612e-16
   600.0     0.496e-16
   800.0     0.430e-16
-1
0.0 0.0 0.0
