#
# e+Ar->Ar(+)+e+e
# ionization cross section 
# D. Rapp and P. Englander-Golden
# J. Chem. Phys. 43, 1464 (1965)
##date:        2002/07/24
#
180001
e(-)+Ar->Ar(+)+e(-)+e(-)
15.76
3
180   1 181
 -1  +1  +1
2
     29
   1.576E+01  1.000E-30
   1.600E+01  2.020E-18
   1.700E+01  1.340E-17
   1.800E+01  2.940E-17
   2.000E+01  6.300E-17
   2.200E+01  9.300E-17
   2.375E+01  1.150E-16
   2.500E+01  1.300E-16
   2.650E+01  1.450E-16
   3.000E+01  1.800E-16
   3.250E+01  1.990E-16
   3.500E+01  2.170E-16
   3.750E+01  2.310E-16
   4.000E+01  2.390E-16
   5.000E+01  2.530E-16
   5.500E+01  2.600E-16
   1.000E+02  2.850E-16
   1.500E+02  2.520E-16
   2.000E+02  2.390E-16
   3.000E+02  2.000E-16
   5.000E+02  1.450E-16
   7.000E+02  1.150E-16
   1.000E+03  8.600E-17
   1.500E+03  6.400E-17
   2.000E+03  5.200E-17
   3.000E+03  3.600E-17
   5.000E+03  2.400E-17
   7.000E+03  1.800E-17
   1.000E+04  1.350E-17
-1
0.00E+00  0.00E+00  0.00E+00
