&MRList
Model     =     3,
NReaction  =    20,
/


&SRList
SR%Reaction= 
2,101,2,0.d0          !  1 Isotropic elastic
2,111,2,3.395d0       !  2 Old ions          
2,111,2,5.139d0       !  3 
2,111,2,6.790d0       !  4
2,100,0,8.373d0       !  5
2,111,2,8.534d0       !  6
2,100,0,9.994d0       !  7
2,111,2,10.185d0      !  8
2,111,2,10.278d0      !  9
2,100,0,11.645d0      !  10
2,111,2,11.929d0      !  11
2,100,0,13.296d0      !  12
2,111,2,13.580d0      !  13
2,111,2,13.673d0      !  14
2,111,2,15.324d0      !  15
2,111,2,15.417d0      !  16
2,111,2,16.975d0      !  17
2,111,2,17.068d0      !  18
2,111,2,18.719d0      !  19
2,111,2,20.370d0      !  20
/