&MRList
Model     =     3,
NReaction  =    35,
/


&SRList
SR%Reaction= 
1,101,1,0.d0          !  1 Isotropic elastic
1,111,1,3.395d0       !  2 Old ions  
1,113,0,3.405d0       !  3 New ion created and old ion removed
1,111,1,5.139d0       !  4
1,113,0,5.149d0       !  5
1,111,1,6.790d0       !  6
1,113,0,6.800d0       !  7
1,111,1,8.534d0       !  8
1,113,0,8.544d0       !  9
1,111,1,10.185d0      !  10
1,113,0,10.195d0      !  11
1,111,1,10.278d0      !  12
1,113,0,10.288d0      !  13
1,111,1,11.929d0      !  14
1,113,0,11.939d0      !  15
1,111,1,13.580d0      !  16
1,113,0,13.590d0      !  17
1,111,1,13.673d0      !  18
1,113,0,13.683d0      !  19
1,111,1,15.324d0      !  20
1,113,0,15.334d0      !  21
1,111,1,15.417d0      !  22
1,113,0,15.427d0      !  23
1,111,1,16.975d0      !  24
1,113,0,16.985d0      !  25
1,111,1,17.068d0      !  26
1,113,0,17.078d0      !  27
1,111,1,18.719d0      !  28
1,113,0,18.729d0      !  29
1,113,0,18.822d0      !  30
1,111,1,20.370d0      !  31
1,113,0,20.380d0      !  32
1,113,0,20.473d0      !  33
1,113,0,22.124d0      !  34
1,113,0,23.775d0      !  35
/