&MRList
Model     =     3,
NReaction  =    87,
/


&SRList
SR%Reaction= 
4,101,4,0.d0          !  1 Isotropic elastic
4,100,0,3.395d0       !  2           
4,111,4,3.395d0       !  3 
4,100,0,5.139d0       !  4
4,111,4,5.139d0       !  5
4,100,0,6.790d0       !  6
4,111,4,6.790d0       !  7
4,100,0,8.534d0       !  8
4,111,4,8.534d0       !  9
4,100,0,10.185d0      !  10
4,111,4,10.185d0      !  11
4,100,0,10.278d0      !  12
4,111,4,10.278d0      !  13
4,100,0,11.929d0      !  14
4,111,4,11.929d0      !  15
4,100,0,13.580d0      !  16
4,111,4,13.580d0      !  17
4,100,0,13.673d0      !  18
4,111,4,13.673d0      !  19
4,100,0,15.324d0      !  20
4,111,4,15.324d0      !  21
4,100,0,15.417d0      !  22
4,111,4,15.417d0      !  23
4,100,0,16.975d0      !  24
4,111,4,16.975d0      !  25
4,100,0,17.068d0      !  26
4,111,4,17.068d0      !  27
4,100,0,18.719d0      !  28
4,111,4,18.719d0      !  29
4,100,0,18.812d0      !  30
4,100,0,20.370d0      !  31
4,111,4,20.370d0      !  32
4,100,0,20.463d0      !  33
4,100,0,20.556d0      !  34
4,112,2,20.747d0      !  35
4,100,0,22.114d0      !  36
4,100,0,22.207d0      !  37
4,112,2,22.398d0      !  38
4,100,0,23.765d0      !  39
4,100,0,23.858d0      !  40
4,100,0,23.951d0      !  41
4,112,2,24.049d0      !  42
4,112,2,24.142d0      !  43
4,100,0,25.509d0      !  44
4,100,0,25.602d0      !  45
4,100,0,25.695d0      !  46
4,112,2,25.793d0      !  47
4,112,2,25.886d0      !  48
4,100,0,27.160d0      !  49
4,100,0,27.253d0      !  50
4,100,0,27.346d0      !  51
4,112,2,27.444d0      !  52
4,112,2,27.537d0      !  53
4,100,0,28.904d0      !  54
4,100,0,28.997d0      !  55
4,100,0,29.090d0      !  56
4,112,2,29.188d0      !  57
4,112,2,29.281d0      !  58
4,100,0,30.555d0      !  59
4,100,0,30.648d0      !  60
4,100,0,30.741d0      !  61
4,112,2,30.839d0      !  62
4,112,2,30.932d0      !  63
4,112,2,31.025d0      !  64
4,100,0,32.299d0      !  65
4,100,0,32.392d0      !  66
4,112,2,32.583d0      !  67
4,112,2,32.676d0      !  68
4,100,0,33.950d0      !  69
4,100,0,34.043d0      !  70
4,112,2,34.234d0      !  71
4,112,2,34.327d0      !  72
4,112,2,34.420d0      !  73
4,100,0,35.694d0      !  74
4,112,2,35.978d0      !  75
4,112,2,36.071d0      !  76
4,112,2,36.164d0      !  77
4,100,0,37.345d0      !  78
4,112,2,37.629d0      !  79
4,112,2,37.722d0      !  80
4,112,2,37.815d0      !  81
4,112,2,39.373d0      !  82
4,112,2,39.466d0      !  83
4,112,2,41.024d0      !  84
4,112,2,41.117d0      !  85
4,112,2,42.768d0      !  86
4,112,2,44.419d0      !  87
/