&MRList
Model     =     3,
NReaction  =    107,
/


&SRList
SR%Reaction= 
3,101,3,0.d0          !  1 Isotropic elastic
3,112,5,3.180d0       !  2 New ion created and old ion removed
3,111,3,3.395d0       !  3 Old ions  
3,112,1,4.220d0       !  4
3,113,0,4.230d0       !  5
3,111,3,5.139d0       !  6
3,112,5,6.575d0       !  7
3,111,3,6.790d0       !  8
3,112,1,7.615d0       !  9
3,113,0,7.625d0       !  10
3,112,5,8.319d0       !  11
3,111,3,8.534d0       !  12
3,112,1,9.359d0       !  13
3,113,0,9.369d0       !  14
3,112,5,9.970d0       !  15
3,111,3,10.185d0      !  16
3,111,3,10.278d0      !  17
3,112,1,11.010d0      !  18
3,113,0,11.020d0      !  19
3,112,5,11.714d0      !  20
3,111,3,11.929d0      !  21
3,112,1,12.754d0      !  22
3,113,0,12.764d0      !  23
3,112,5,13.365d0      !  24
3,112,5,13.458d0      !  25
3,111,3,13.580d0      !  26
3,111,3,13.673d0      !  27
3,112,1,14.405d0      !  28
3,113,0,14.415d0      !  29
3,112,1,14.498d0      !  30
3,113,0,14.508d0      !  31
3,112,5,15.109d0      !  32
3,111,3,15.324d0      !  33
3,111,3,15.417d0      !  34
3,112,1,16.149d0      !  35
3,113,0,16.159d0      !  36
3,112,5,16.760d0      !  37
3,111,3,16.975d0      !  38
3,112,5,16.853d0      !  39
3,111,3,17.068d0      !  40
3,112,1,17.800d0      !  41
3,113,0,17.810d0      !  42
3,112,1,17.893d0      !  43
3,113,0,17.903d0      !  44
3,112,5,18.504d0      !  45
3,111,3,18.719d0      !  46
3,112,1,19.544d0      !  47
3,113,0,19.554d0      !  48
3,112,1,19.637d0      !  49
3,113,0,19.647d0      !  50
3,112,5,20.155d0      !  51
3,111,3,20.370d0      !  52
3,112,1,21.195d0      !  53
3,113,0,21.205d0      !  54
3,112,1,21.288d0      !  55
3,113,0,21.298d0      !  56
3,112,1,21.939d0      !  57
3,113,0,21.949d0      !  58
3,112,1,23.032d0      !  59
3,113,0,23.042d0      !  60
3,112,1,24.590d0      !  61
3,113,0,24.600d0      !  62
3,112,1,24.683d0      !  63
3,113,0,24.693d0      !  64
3,112,1,24.776d0      !  65
3,113,0,24.786d0      !  66
3,112,1,26.334d0      !  67
3,113,0,26.344d0      !  68
3,112,1,26.427d0      !  69
3,113,0,26.437d0      !  70
3,112,1,27.985d0      !  71
3,113,0,27.995d0      !  72
3,112,1,28.078d0      !  73
3,113,0,28.088d0      !  74
3,112,1,28.171d0      !  75
3,113,0,28.181d0      !  76
3,112,1,29.729d0      !  77
3,113,0,29.739d0      !  78
3,112,1,29.822d0      !  79
3,113,0,29.832d0      !  80
3,112,1,29.915d0      !  81
3,113,0,29.925d0      !  82
3,112,1,31.380d0      !  83
3,113,0,31.390d0      !  84
3,112,1,31.473d0      !  85
3,113,0,31.483d0      !  86
3,112,1,31.566d0      !  87
3,113,0,31.576d0      !  88
3,112,1,33.124d0      !  89
3,113,0,33.134d0      !  90
3,112,1,33.217d0      !  91
3,113,0,33.227d0      !  92
3,113,0,33.320d0      !  93
3,112,1,34.775d0      !  95
3,113,0,34.785d0      !  96
3,112,1,34.868d0      !  97
3,113,0,34.878d0      !  98
3,113,0,34.971d0      !  99
3,112,1,36.519d0      !  100
3,113,0,36.529d0      !  101
3,113,0,36.622d0      !  102
3,112,1,38.170d0      !  103
3,113,0,38.180d0      !  104
3,113,0,38.273d0      !  105
3,113,0,39.924d0      !  106
3,113,0,41.575d0      !  107
/