&MRList
Model     =     3,
NReaction  =    115,
/


&SRList
SR%Reaction= 
6,101,6,0.d0          !  1 Isotropic elastic           
6,111,6,3.395d0       !  2 
6,112,4,3.395d0       !  3
6,100,0,5.139d0       !  4
6,111,6,5.139d0       !  5
6,112,4,5.139d0       !  6
6,100,0,6.790d0       !  7
6,111,6,6.790d0       !  8
6,112,4,6.790d0       !  9
6,100,0,8.534d0       !  10
6,111,6,8.534d0       !  11
6,112,4,8.534d0       !  12
6,100,0,10.185d0      !  13
6,111,6,10.185d0      !  14
6,112,4,10.185d0      !  15
6,100,0,10.278d0      !  16
6,111,6,10.278d0      !  17
6,112,4,10.278d0      !  18
6,100,0,11.929d0      !  19
6,111,6,11.929d0      !  20
6,112,4,11.929d0      !  21
6,100,0,13.580d0      !  22
6,111,6,13.580d0      !  23
6,112,4,13.580d0      !  24
6,100,0,13.673d0      !  25
6,111,6,13.673d0      !  26
6,112,4,13.673d0      !  27
6,100,0,15.324d0      !  28
6,111,6,15.324d0      !  29
6,112,4,15.324d0      !  30
6,100,0,15.417d0      !  31
6,111,6,15.417d0      !  32
6,112,4,15.417d0      !  33
6,100,0,16.975d0      !  34
6,111,6,16.975d0      !  35
6,112,4,16.975d0      !  36
6,100,0,17.068d0      !  37
6,111,6,17.068d0      !  38
6,112,4,17.068d0      !  39
6,100,0,18.719d0      !  40
6,111,6,18.719d0      !  41
6,112,4,18.719d0      !  42
6,100,0,18.812d0      !  43
6,112,4,18.812d0      !  44
6,100,0,20.370d0      !  45
6,111,6,20.370d0      !  46
6,112,4,20.370d0      !  47
6,100,0,20.463d0      !  48
6,112,4,20.463d0      !  49
6,100,0,20.556d0      !  50
6,100,0,22.114d0      !  51
6,112,4,22.114d0      !  52
6,100,0,22.207d0      !  53
6,100,0,23.765d0      !  54
6,112,4,23.765d0      !  55
6,100,0,23.858d0      !  56
6,100,0,23.951d0      !  57
6,112,2,24.142d0      !  58
6,100,0,25.509d0      !  59
6,100,0,25.602d0      !  60
6,100,0,25.695d0      !  61
6,112,2,25.793d0      !  62
6,112,2,25.886d0      !  63
6,100,0,27.160d0      !  64
6,100,0,27.253d0      !  65
6,100,0,27.346d0      !  66
6,112,2,27.444d0      !  67
6,112,2,27.537d0      !  68
6,100,0,28.904d0      !  69
6,100,0,28.997d0      !  70
6,100,0,29.090d0      !  71
6,112,2,29.188d0      !  72
6,112,2,29.281d0      !  73
6,100,0,30.555d0      !  74
6,100,0,30.648d0      !  75
6,100,0,30.741d0      !  76
6,100,0,30.834d0      !  77
6,112,2,30.839d0      !  78
6,112,2,30.932d0      !  79
6,112,2,31.025d0      !  80
6,100,0,32.299d0      !  81
6,100,0,32.392d0      !  82
6,100,0,32.485d0      !  83
6,112,2,32.583d0      !  84
6,112,2,32.676d0      !  85
6,100,0,33.950d0      !  86
6,100,0,34.043d0      !  87
6,100,0,34.136d0      !  88
6,112,2,34.234d0      !  89
6,112,2,34.327d0      !  90
6,112,2,34.420d0      !  91
6,100,0,35.694d0      !  92
6,100,0,35.787d0      !  93
6,112,2,35.978d0      !  94
6,112,2,36.071d0      !  95
6,112,2,36.164d0      !  96
6,100,0,37.345d0      !  97
6,100,0,37.438d0      !  98
6,112,2,37.629d0      !  99
6,112,2,37.722d0      !  100
6,112,2,37.815d0      !  101
6,100,0,39.089d0      !  102
6,112,2,39.373d0      !  103
6,112,2,39.466d0      !  104
6,112,2,39.556d0      !  105
6,100,0,40.740d0      !  106
6,112,2,41.024d0      !  107
6,112,2,41.117d0      !  108
6,112,2,41.210d0      !  109
6,112,2,42.768d0      !  110
6,112,2,42.861d0      !  111
6,112,2,44.419d0      !  112
6,112,2,44.512d0      !  113
6,112,2,46.163d0      !  114
6,112,2,47.814d0      !  115
/