&MRList
Model     =     3,
NReaction  =    126,
/


&SRList
SR%Reaction= 
5,101,5,0.d0          !  1 Isotropic elastic
5,112,3,0.215d0       !  2 New ion created and old ion removed
5,112,1,1.040d0       !  3
5,113,0,1.050d0       !  4
5,112,3,1.959d0       !  5
5,111,5,3.395d0       !  6 
5,112,3,3.610d0       !  7
5,112,1,4.435d0       !  8
5,113,0,4.445d0       !  9
5,111,5,5.139d0       !  10
5,112,3,5.354d0       !  11
5,112,1,6.179d0       !  12
5,113,0,6.189d0       !  13
5,111,5,6.790d0       !  14
5,112,3,7.005d0       !  15
5,112,3,7.098d0       !  16
5,112,1,7.830d0       !  17
5,113,0,7.840d0       !  18
5,111,5,8.534d0       !  19
5,112,3,8.749d0       !  20
5,112,1,9.574d0       !  21
5,113,0,9.584d0       !  22
5,111,5,10.185d0      !  23
5,111,5,10.278d0      !  24
5,112,3,10.400d0      !  25
5,112,3,10.493d0      !  26
5,112,1,11.225d0      !  27
5,113,0,11.235d0      !  28
5,112,1,11.318d0      !  29
5,113,0,11.328d0      !  30
5,111,5,11.929d0      !  31
5,112,3,12.144d0      !  32
5,112,3,12.237d0      !  33
5,112,1,12.969d0      !  34
5,113,0,12.979d0      !  35
5,111,5,13.580d0      !  36
5,111,5,13.673d0      !  37
5,112,3,13.795d0      !  38
5,112,3,13.888d0      !  39
5,112,1,14.620d0      !  40
5,113,0,14.630d0      !  41
5,112,1,14.713d0      !  42
5,113,0,14.723d0      !  43
5,111,5,15.324d0      !  44
5,111,5,15.417d0      !  45
5,112,3,15.539d0      !  46
5,112,3,15.632d0      !  47
5,112,1,16.364d0      !  48
5,113,0,16.374d0      !  49
5,112,1,16.457d0      !  50
5,113,0,16.467d0      !  51
5,111,5,16.975d0      !  52
5,111,5,17.068d0      !  53
5,112,3,17.190d0      !  54
5,112,3,17.283d0      !  55
5,112,1,18.015d0      !  56
5,113,0,18.025d0      !  57
5,112,1,18.108d0      !  58
5,113,0,18.118d0      !  59
5,111,5,18.719d0      !  60
5,112,3,18.934d0      !  61
5,112,1,19.759d0      !  62
5,113,0,19.769d0      !  63
5,112,1,19.852d0      !  64
5,113,0,19.862d0      !  65
5,111,5,20.370d0      !  66
5,112,3,20.585d0      !  67
5,112,1,21.410d0      !  68
5,113,0,21.420d0      !  69
5,112,1,21.503d0      !  70
5,113,0,21.513d0      !  71
5,112,1,21.596d0      !  72
5,113,0,21.606d0      !  73
5,112,1,23.154d0      !  74
5,113,0,23.164d0      !  75
5,112,1,23.247d0      !  76
5,113,0,23.257d0      !  77
5,112,1,24.805d0      !  78
5,113,0,24.815d0      !  79
5,112,1,24.898d0      !  80
5,113,0,24.908d0      !  81
5,112,1,24.991d0      !  82
5,113,0,25.001d0      !  83
5,112,1,26.549d0      !  84
5,113,0,26.559d0      !  85
5,112,1,26.642d0      !  86
5,113,0,26.652d0      !  87
5,112,1,26.735d0      !  88
5,113,0,26.745d0      !  89
5,112,1,28.200d0      !  90
5,113,0,28.210d0      !  91
5,112,1,28.293d0      !  92
5,113,0,28.303d0      !  93
5,112,1,28.386d0      !  94
5,113,0,28.396d0      !  95
5,112,1,29.944d0      !  96
5,113,0,29.954d0      !  97
5,112,1,30.037d0      !  98
5,113,0,30.047d0      !  99
5,112,1,30.130d0      !  100
5,113,0,30.140d0      !  101
5,112,1,31.595d0      !  102
5,113,0,31.605d0      !  103
5,112,1,31.688d0      !  104
5,113,0,31.698d0      !  105
5,112,1,31.781d0      !  106
5,113,0,31.791d0      !  107
5,113,0,31.884d0      !  108
5,112,1,33.339d0      !  109
5,113,0,33.349d0      !  110
5,112,1,33.432d0      !  111
5,113,0,33.442d0      !  112
5,113,0,33.535d0      !  113
5,112,1,34.990d0      !  114
5,113,0,35.000d0      !  115
5,112,1,35.083d0      !  116
5,113,0,35.093d0      !  117
5,113,0,35.186d0      !  118
5,112,1,36.734d0      !  119
5,113,0,36.744d0      !  120
5,113,0,36.837d0      !  121
5,112,1,38.385d0      !  122
5,113,0,38.395d0      !  123
5,113,0,38.488d0      !  124
5,113,0,40.139d0      !  125
5,113,0,41.790d0      !  126
/