# e+H_2O->e+H_2O
# Momentum transfer cross section 
# Hayashi, "Elec. Coll. X-sec. for Molecules..." from mtanaka
# date:        2008/04/22
#
89000
e(-)+H_2O->e(-)+H_2O
0.0
2
89   1
  0   0
1
 29
1.e-2   1.e-13
2.45e-2 7.6e-14
4.6e-2  5.9e-14
7.1e-2  4.7e-14
1.1e-1  3.53e-14
0.16    2.7e-14
0.27    1.75e-14
0.4     1.23e-14
0.603   65.6e-16
0.9     37.0e-16
1.79    11.0e-16
2.1      6.93e-16
2.35     5.2e-16
2.8      4.3e-16
3.4      3.8e-16
4.3      4.07e-16
5.27     4.66e-16
6.96     5.73e-16
8.23     6.56e-16
10.0     7.32e-16
13.7     7.44e-16
18.75    6.1e-16
30.8     4.0e-16
60.3     2.0e-16
85.9     1.4e-16
127.7    0.96e-16
168.0    0.72e-16
354.4    0.394e-16
1000.0   0.166e-16
-1
0.00E+00  0.00E+00  0.00E+00

