##equation:  e(-)+NH_3->NH_3(v=1,3)+e(-)             
## type: excitaion
#
# M. Yousfi and M.D. Benabdessadok, 
# J. Appl. Phys. 80 (12), 6619-6630, (1996) 
#
670001
e(-)+NH_3->NH_3(v=1,3)+e(-)             
    0.40
 3
670   1 671
 -1   0   1
100
75
    0.40    1.000E-30
    0.46    2.838E-17
    0.49    3.435E-17
    0.53    3.485E-17
    0.56    3.435E-17
    0.60    3.192E-17
    0.64    2.561E-17
    0.69    2.380E-17
    0.73    2.212E-17
    0.79    2.086E-17
    0.84    2.086E-17
    0.90    1.775E-17
    0.96    1.626E-17
    1.02    1.579E-17
    1.09    1.467E-17
    1.17    1.286E-17
    1.25    1.110E-17
    1.33    1.002E-17
    1.42    9.730E-18
    1.52    8.527E-18
    1.85    6.743E-18
    1.98    5.997E-18
    2.11    4.407E-18
    2.26    4.217E-18
    2.41    4.280E-18
    2.57    4.217E-18
    2.75    3.335E-18
    2.94    3.192E-18
    3.14    3.145E-18
    3.35    2.797E-18
    3.58    2.638E-18
    3.82    2.561E-18
    4.08    2.416E-18
    4.36    2.180E-18
    4.66    2.056E-18
    4.98    1.939E-18
    5.32    1.801E-18
    5.68    1.674E-18
    6.07    1.602E-18
    6.48    1.511E-18
    6.92    1.363E-18
    7.40    1.267E-18
    7.90    1.177E-18
    8.44    1.110E-18
    9.01    1.047E-18
    9.63    9.588E-19
   10.29    8.910E-19
   10.99    8.527E-19
   11.74    8.280E-19
   12.54    7.809E-19
   13.39    7.151E-19
   14.30    6.645E-19
   15.28    6.359E-19
   16.32    6.085E-19
   17.43    5.412E-19
   18.62    5.103E-19
   19.89    4.605E-19
   21.25    4.407E-19
   22.70    4.036E-19
   24.25    3.806E-19
   25.90    3.537E-19
   27.67    3.385E-19
   29.55    3.054E-19
   31.57    2.966E-19
   33.72    2.838E-19
   36.02    2.451E-19
   38.48    2.380E-19
   41.10    2.278E-19
   43.90    2.180E-19
   46.89    1.967E-19
   50.09    1.749E-19
   53.51    1.749E-19
   57.16    1.699E-19
   61.05    1.556E-19
   65.22    1.383E-19
-1
0.00E+00  0.00E+00  0.00E+00


