##equation:  e(-)+NH_3->NH_2(+)+H+2e(-)              
## type: ionization
#
# Timothy J. Sommer and Mark J. Kushner,
# J. Appl. Phys. 71 (4),1654-1673 (1992)
#
670007
e(-)+NH_3->NH_2(+)+H+2e(-)              
   15.70
 4
  1 670 674  10
  1  -1   1   1
2
49
   15.70    1.000E-30
   20.00    1.320E-17
   25.00    4.710E-17
   30.00    7.140E-17
   35.00    9.280E-17
   40.00    1.050E-16
   45.00    1.110E-16
   50.00    1.160E-16
   55.00    1.200E-16
   60.00    1.230E-16
   65.00    1.250E-16
   70.00    1.270E-16
   75.00    1.290E-16
   80.00    1.290E-16
   85.00    1.300E-16
   90.00    1.300E-16
   95.00    1.300E-16
  100.00    1.300E-16
  105.00    1.290E-16
  110.00    1.290E-16
  115.00    1.280E-16
  120.00    1.270E-16
  125.00    1.270E-16
  130.00    1.260E-16
  135.00    1.250E-16
  140.00    1.240E-16
  145.00    1.230E-16
  150.00    1.220E-16
  155.00    1.210E-16
  160.00    1.200E-16
  165.00    1.200E-16
  170.00    1.190E-16
  175.00    1.180E-16
  180.00    1.170E-16
  185.00    1.160E-16
  190.00    1.150E-16
  195.00    1.140E-16
  200.00    1.130E-16
  250.00    1.030E-16
  300.00    9.450E-17
  360.00    8.620E-17
  400.00    8.090E-17
  460.00    7.390E-17
  500.00    6.980E-17
  600.00    6.210E-17
  700.00    5.580E-17
  800.00    5.210E-17
  900.00    4.870E-17
 1000.00    4.550E-17
-1
0.00E+00  0.00E+00  0.00E+00


