##equation:  e(-)+NH_3->NH_3(+)+2e(-)                
## type: ionization
#
# Timothy J. Sommer and Mark J. Kushner,
# J. Appl. Phys. 71 (4),1654-1673 (1992)
#
670006
e(-)+NH_3->NH_3(+)+2e(-)                
   10.25
 3
  1 670 672
  1  -1   1
2
50
   10.25    1.000E-30
   15.00    5.000E-19
   20.00    3.250E-17
   25.00    6.370E-17
   30.00    8.450E-17
   35.00    1.010E-16
   40.00    1.240E-16
   45.00    1.400E-16
   50.00    1.500E-16
   55.00    1.540E-16
   60.00    1.560E-16
   65.00    1.580E-16
   70.00    1.590E-16
   75.00    1.590E-16
   80.00    1.580E-16
   85.00    1.580E-16
   90.00    1.570E-16
   95.00    1.560E-16
  100.00    1.550E-16
  105.00    1.530E-16
  110.00    1.520E-16
  115.00    1.500E-16
  120.00    1.490E-16
  125.00    1.480E-16
  130.00    1.460E-16
  135.00    1.450E-16
  140.00    1.430E-16
  145.00    1.420E-16
  150.00    1.400E-16
  155.00    1.390E-16
  160.00    1.380E-16
  165.00    1.360E-16
  170.00    1.350E-16
  175.00    1.340E-16
  180.00    1.320E-16
  185.00    1.310E-16
  190.00    1.300E-16
  195.00    1.280E-16
  200.00    1.270E-16
  250.00    1.140E-16
  300.00    1.040E-16
  360.00    9.290E-17
  400.00    8.750E-17
  460.00    7.990E-17
  500.00    7.500E-17
  600.00    6.620E-17
  700.00    6.000E-17
  800.00    5.500E-17
  900.00    5.150E-17
 1000.00    4.940E-17
-1
0.00E+00  0.00E+00  0.00E+00


