##equation:  e(-)+NH_3->NH_2+H+e(-)                  
## type: dissociation
#
# M. Yousfi and M.D. Benabdessadok, 
# J. Appl. Phys. 80 (12), 6619-6630, (1996) 
#
670002
e(-)+NH_3->NH_2+H+e(-)                  
    5.60
 4
670   1 673  10
 -1   0   1   1
4
52
    5.60    1.000E-30
    6.28    7.619E-18
    6.71    1.298E-17
    7.17    2.313E-17
    7.67    3.300E-17
    8.76    4.779E-17
    9.36    5.624E-17
   10.00    6.718E-17
   10.69    7.906E-17
   12.21    8.265E-17
   13.04    8.514E-17
   13.94    8.389E-17
   17.01    8.144E-17
   18.18    8.144E-17
   22.19    7.451E-17
   23.71    6.718E-17
   25.34    6.426E-17
   27.08    6.238E-17
   30.93    5.708E-17
   35.32    5.223E-17
   37.75    4.922E-17
   40.34    4.779E-17
   46.07    4.372E-17
   52.62    3.884E-17
   56.23    3.715E-17
   64.22    3.300E-17
   73.35    2.932E-17
   78.38    2.722E-17
   89.52    2.313E-17
  102.20    2.148E-17
  109.30    1.995E-17
  124.80    1.695E-17
  142.50    1.506E-17
  152.30    1.378E-17
  173.90    1.188E-17
  185.90    1.206E-17
  212.30    9.800E-18
  226.90    9.100E-18
  259.10    8.327E-18
  276.90    7.075E-18
  295.90    6.668E-18
  316.20    6.285E-18
  361.20    5.501E-18
  386.00    4.886E-18
  412.50    4.674E-18
  471.10    3.971E-18
  538.00    3.325E-18
  574.90    3.134E-18
  656.60    2.702E-18
  749.90    2.400E-18
  801.40    2.164E-18
  915.20    1.951E-18
-1
0.00E+00  0.00E+00  0.00E+00


