##equation:  e(-)+NH_3->H(+)+NH_2+2e(-)              
## type: ionization
#
# Timothy J. Sommer and Mark J. Kushner,
# J. Appl. Phys. 71 (4),1654-1673 (1992)
#
670010
e(-)+NH_3->H(+)+NH_2+2e(-)              
   27.50
 4
  1 670  11 673
  1  -1   1   1
2
46
   27.50    1.000E-30
   35.00    1.700E-19
   40.00    5.300E-19
   45.00    1.020E-18
   50.00    1.480E-18
   55.00    1.900E-18
   60.00    2.180E-18
   65.00    2.350E-18
   70.00    2.460E-18
   75.00    2.600E-18
   80.00    2.700E-18
   85.00    2.790E-18
   90.00    2.830E-18
   95.00    2.860E-18
  100.00    2.890E-18
  105.00    2.900E-18
  110.00    2.910E-18
  115.00    2.920E-18
  120.00    2.910E-18
  125.00    2.880E-18
  130.00    2.860E-18
  135.00    2.830E-18
  140.00    2.800E-18
  145.00    2.760E-18
  150.00    2.720E-18
  155.00    2.680E-18
  160.00    2.630E-18
  165.00    2.600E-18
  170.00    2.560E-18
  175.00    2.520E-18
  180.00    2.480E-18
  185.00    2.450E-18
  190.00    2.400E-18
  195.00    2.360E-18
  200.00    2.330E-18
  250.00    1.960E-18
  300.00    1.670E-18
  360.00    1.470E-18
  400.00    1.380E-18
  460.00    1.300E-18
  500.00    1.190E-18
  600.00    1.060E-18
  700.00    9.700E-19
  800.00    8.900E-19
  900.00    8.200E-19
 1000.00    7.700E-19
-1
0.00E+00  0.00E+00  0.00E+00


