##equation:  e(-)+NH_3->NH(+)+H_2+2e(-)              
## type: ionization
#
# Timothy J. Sommer and Mark J. Kushner,
# J. Appl. Phys. 71 (4),1654-1673 (1992)
#
670008
e(-)+NH_3->NH(+)+H_2+2e(-)              
   22.80
 4
  1 670 676  14
  1  -1   1   1
2
47
   22.80    1.000E-30
   30.00    9.700E-19
   35.00    2.670E-18
   40.00    4.900E-18
   45.00    6.700E-18
   50.00    7.660E-18
   55.00    8.260E-18
   60.00    8.720E-18
   65.00    9.040E-18
   70.00    9.270E-18
   75.00    9.370E-18
   80.00    9.470E-18
   85.00    9.510E-18
   90.00    9.540E-18
   95.00    9.510E-18
  100.00    9.470E-18
  105.00    9.420E-18
  110.00    9.320E-18
  115.00    9.220E-18
  120.00    9.110E-18
  125.00    9.000E-18
  130.00    8.870E-18
  135.00    8.760E-18
  140.00    8.680E-18
  145.00    8.550E-18
  150.00    8.440E-18
  155.00    8.320E-18
  160.00    8.210E-18
  165.00    8.090E-18
  170.00    7.960E-18
  175.00    7.850E-18
  180.00    7.760E-18
  185.00    7.650E-18
  190.00    7.540E-18
  195.00    7.430E-18
  200.00    7.320E-18
  250.00    6.350E-18
  300.00    5.520E-18
  360.00    4.790E-18
  400.00    4.450E-18
  460.00    4.050E-18
  500.00    3.840E-18
  600.00    3.460E-18
  700.00    3.170E-18
  800.00    2.950E-18
  900.00    2.770E-18
 1000.00    2.570E-18
-1
0.00E+00  0.00E+00  0.00E+00


