##equation:  e(-)+NH_3->N(+)+H_2+H+2e(-)             
## type: ionization
#
# Timothy J. Sommer and Mark J. Kushner,
# J. Appl. Phys. 71 (4),1654-1673 (1992)
#
670009
e(-)+NH_3->N(+)+H_2+H+2e(-)             
   26.60
 5
  1 670  3813  14  10
  1  -1   1   1   1
2
46
   26.60    1.000E-30
   35.00    4.600E-19
   40.00    9.100E-19
   45.00    1.450E-18
   50.00    2.040E-18
   55.00    2.430E-18
   60.00    2.710E-18
   65.00    2.880E-18
   70.00    3.050E-18
   75.00    3.200E-18
   80.00    3.320E-18
   85.00    3.390E-18
   90.00    3.440E-18
   95.00    3.490E-18
  100.00    3.530E-18
  105.00    3.560E-18
  110.00    3.580E-18
  115.00    3.590E-18
  120.00    3.590E-18
  125.00    3.580E-18
  130.00    3.560E-18
  135.00    3.530E-18
  140.00    3.510E-18
  145.00    3.470E-18
  150.00    3.410E-18
  155.00    3.340E-18
  160.00    3.300E-18
  165.00    3.240E-18
  170.00    3.190E-18
  175.00    3.150E-18
  180.00    3.120E-18
  185.00    3.060E-18
  190.00    3.020E-18
  195.00    2.970E-18
  200.00    2.930E-18
  250.00    2.500E-18
  300.00    2.140E-18
  360.00    1.780E-18
  400.00    1.600E-18
  460.00    1.410E-18
  500.00    1.320E-18
  600.00    1.160E-18
  700.00    1.020E-18
  800.00    9.100E-19
  900.00    8.400E-19
 1000.00    7.800E-19
-1
0.00E+00  0.00E+00  0.00E+00


