##equation:  e(-)+NH_3->NH+H_2+e(-)                  
## type: dissociation
#
# M. Yousfi and M.D. Benabdessadok, 
# J. Appl. Phys. 80 (12), 6619-6630, (1996) 
#
670003
e(-)+NH_3->NH+H_2+e(-)                  
    3.90
 4
670   1 675  14
 -1   0   1   1
4
28
    3.90    1.000E-30
    4.16    5.081E-17
    4.75    6.726E-17
    5.42    8.149E-17
    6.19    8.773E-17
    8.08    9.586E-17
    9.23    9.586E-17
   10.54    9.171E-17
   12.03    8.393E-17
   13.74    8.393E-17
   17.93    6.726E-17
   20.47    6.341E-17
   23.38    5.390E-17
   26.70    5.081E-17
   39.78    3.672E-17
   51.88    2.857E-17
   59.25    2.429E-17
   77.28    1.835E-17
   88.26    1.537E-17
  100.80    1.346E-17
  150.20    8.149E-18
  195.80    6.435E-18
  291.70    3.896E-18
  380.50    2.694E-18
  434.60    2.256E-18
  496.30    1.918E-18
  647.40    1.366E-18
  739.30    1.161E-18
-1
0.00E+00  0.00E+00  0.00E+00


