#equation: e+HBr->Br(-)+H 
#type: dissociative attachment cross section 
#Ref. Auth:  Christophorou, et al. 
#Ref. Journal: 1968
#input date: 2007/11/20
#
180059
e(-)+HBr->Br(-)+H
0.0
4
1800 1 1805 10
 -1 -1  +1  +1
3
35
0.0791      0.0241e-16
0.0976      0.129e-16
0.114       0.246e-16
0.135       0.363e-16
0.150       0.468e-16
0.158       0.579e-16
0.166       0.749e-16
0.172       0.909e-16
0.175       1.05e-16
0.181       1.29e-16
0.189       1.55e-16
0.197       1.82e-16
0.204       2.01e-16
0.215       2.19e-16
0.227       2.36e-16
0.244       2.53e-16
0.261       2.63e-16
0.278       2.69e-16
0.293       2.71e-16
0.306       2.68e-16
0.316       2.61e-16
0.326       2.49e-16
0.348       2.23e-16
0.367       1.96e-16
0.393       1.71e-16
0.427       1.36e-16
0.464       1.04e-16
0.515       0.698e-16
0.578       0.459e-16
0.624       0.408e-16
0.668       0.355e-16
0.696       0.324e-16
0.715       0.297e-16
1.0         1.0e-20
1000.       1.0e-30
-1
0.00E+00  0.00E+00  0.00E+00
