# Br+e(-)->Br(+)+2e(-)
#type: Ionization cross section 
#
# from ALADDIN http://www-amdis.iaea.org/
# reliability B
# 2007/5/21 h-nakadate@psinc.co.jp
#
180061
Br+e(-)->Br(+)+2e(-)
13.733
3
1804   1 1806
 -1  +1  +1
2
50
1.18000E+01	0.00000E+00
1.37336E+01	3.88011E-17
1.59839E+01	1.00183E-16
1.86031E+01	1.71140E-16
2.16514E+01	2.40829E-16
2.51992E+01	3.02141E-16
2.93284E+01	3.51359E-16
3.41341E+01	3.87277E-16
3.97274E+01	4.14705E-16
4.62371E+01	4.37957E-16
5.38136E+01	4.51054E-16
6.26315E+01	4.54524E-16
7.28943E+01	4.49601E-16
8.48388E+01	4.37818E-16
9.87406E+01	4.20752E-16
1.14920E+02	3.99870E-16
1.33751E+02	3.76451E-16
1.55668E+02	3.51567E-16
1.81176E+02	3.26077E-16
2.10863E+02	3.00650E-16
2.45415E+02	2.75791E-16
2.85629E+02	2.51862E-16
3.32433E+02	2.29114E-16
3.86905E+02	2.07706E-16
4.50304E+02	1.87727E-16
5.24091E+02	1.69212E-16
6.09969E+02	1.52154E-16
7.09918E+02	1.36519E-16
8.26246E+02	1.22250E-16
9.61635E+02	1.09277E-16
1.11921E+03	9.75222E-17
1.30260E+03	8.69025E-17
1.51605E+03	7.73334E-17
1.76447E+03	6.87313E-17
2.05360E+03	6.10148E-17
2.39010E+03	5.41060E-17
2.78174E+03	4.79310E-17
3.23756E+03	4.24208E-17
3.76807E+03	3.75110E-17
4.38551E+03	3.31420E-17
5.10412E+03	2.92590E-17
5.94049E+03	2.58120E-17
6.91390E+03	2.27553E-17
8.04682E+03	2.00474E-17
9.36537E+03	1.76508E-17
1.09000E+04	1.55315E-17
1.26861E+04	1.36590E-17
1.47648E+04	1.20058E-17
1.71842E+04	1.05473E-17
2.00000E+04	9.26144E-18
-1
0.0 0.0 0.0
