#equation: e+HBr->Br+H+e 
#type: dissociation cross section 
#Ref. Auth: T. Rescigno
#Ref. Journal:  May 1995 
#input date: 2007/11/20
#
180056
e(-)+HBr->Br+H+e(-)
4.34
4
1800 1 1804 10  
 -1  0  +1  +1
4
16
4.34        0.
7.55        0.00875e-16
7.75        0.0208e-16
8.          0.0368e-16
9.          0.0956e-16
10.         0.122e-16
11.         0.139e-16
12.         0.145e-16
13.         0.149e-16
13.5        0.163e-16
14.         0.158e-16
15.         0.153e-16
17.5        0.170e-16
20.         0.141e-16
25.         0.0988e-16
1000.0      1.0e-21
-1
0.00E+00  0.00E+00  0.00E+00
