#equation: e+HBr->Br+H+e 
#type: dissociation cross section 
#Ref. Auth: T. Rescigno
#Ref. Journal:  May 1995 
#input date: 2007/11/20
#
180055
e(-)+HBr->Br+H+e(-)
6.00
4
1800 1 1804 10  
 -1  0  +1  +1
4
20
6.6         0.00343e-16
6.75        0.0179e-16
7.          0.0562e-16
7.25        0.0993e-16
7.4         0.124e-16
7.55        0.148e-16
7.75        0.174e-16
8.          0.202e-16
9.          0.282e-16
10.         0.327e-16
11.         0.362e-16
12.         0.366e-16
13.         0.359e-16
13.5        0.338e-16
14.         0.326e-16
15.         0.297e-16
17.5        0.252e-16
20.         0.289e-16
25.         0.203e-16
1000.       1.0e-21
-1
0.00E+00  0.00E+00  0.00E+00
