#  Reaction : NO+e(-)->NO(+)+e(-)+e(-)
#  Type : Electron impact ionization with NO 
#  Ref : Downloaded from the website of NIST
#        (National Institute of Standard and Technology)
#  Date : 2012/09/22
#
830028
NO+e(-)->NO(+)+e(-)+e(-)
9.26
3
  3701     1  3803 
  -1   1   1   
2
108
      9.26 	   0.000E-16
      9.50 	   0.011E-16
     10.00 	   0.035E-16
     10.50 	   0.061E-16
     11.00 	   0.086E-16
     11.50 	   0.111E-16
     12.00 	   0.136E-16
     12.50 	   0.161E-16
     13.00 	   0.185E-16
     13.50 	   0.208E-16
     14.00 	   0.231E-16
     14.50 	   0.252E-16
     15.00 	   0.273E-16
     15.50 	   0.293E-16
     16.00 	   0.316E-16
     16.50 	   0.349E-16
     17.00 	   0.382E-16
     17.50 	   0.414E-16
     18.00 	   0.446E-16
     18.50 	   0.477E-16
     19.00 	   0.529E-16
     19.50 	   0.580E-16
     20.00 	   0.632E-16
     20.50 	   0.682E-16
     21.00 	   0.733E-16
     21.50 	   0.782E-16
     22.00 	   0.830E-16
     22.50 	   0.878E-16
     23.00 	   0.925E-16
     23.50 	   0.971E-16
     24.00 	   1.016E-16
     26.00 	   1.190E-16
     28.00 	   1.360E-16
     30.00 	   1.515E-16
     32.00 	   1.655E-16
     34.00 	   1.782E-16
     36.00 	   1.897E-16
     38.00 	   2.000E-16
     40.00 	   2.093E-16
     45.00 	   2.290E-16
     50.00 	   2.451E-16
     55.00 	   2.577E-16
     60.00 	   2.675E-16
     65.00 	   2.750E-16
     70.00 	   2.807E-16
     75.00 	   2.850E-16
     80.00 	   2.881E-16
     85.00 	   2.902E-16
     90.00 	   2.915E-16
     95.00 	   2.922E-16
    100.00 	   2.923E-16
    105.00 	   2.920E-16
    110.00 	   2.913E-16
    115.00 	   2.903E-16
    120.00 	   2.890E-16
    125.00 	   2.875E-16
    130.00 	   2.859E-16
    135.00 	   2.841E-16
    140.00 	   2.822E-16
    145.00 	   2.802E-16
    150.00 	   2.781E-16
    160.00 	   2.738E-16
    170.00 	   2.694E-16
    180.00 	   2.649E-16
    190.00 	   2.603E-16
    200.00 	   2.558E-16
    210.00 	   2.514E-16
    220.00 	   2.470E-16
    230.00 	   2.427E-16
    240.00 	   2.385E-16
    250.00 	   2.345E-16
    300.00 	   2.156E-16
    350.00 	   1.993E-16
    400.00 	   1.852E-16
    450.00 	   1.730E-16
    500.00 	   1.623E-16
    550.00 	   1.529E-16
    600.00 	   1.446E-16
    650.00 	   1.371E-16
    700.00 	   1.305E-16
    750.00 	   1.245E-16
    800.00 	   1.190E-16
    850.00 	   1.140E-16
    900.00 	   1.095E-16
    950.00 	   1.053E-16
   1000.00 	   1.015E-16
   1100.00 	   0.946E-16
   1200.00 	   0.886E-16
   1300.00 	   0.834E-16
   1400.00 	   0.789E-16
   1500.00 	   0.748E-16
   1600.00 	   0.711E-16
   1700.00 	   0.678E-16
   1800.00 	   0.649E-16
   1900.00 	   0.621E-16
   2000.00 	   0.597E-16
   2100.00 	   0.574E-16
   2200.00 	   0.553E-16
   2300.00 	   0.533E-16
   2400.00 	   0.515E-16
   2500.00 	   0.498E-16
   2600.00 	   0.483E-16
   2700.00 	   0.468E-16
   2800.00 	   0.454E-16
   2900.00 	   0.442E-16
   3000.00 	   0.429E-16
   4000.00 	   0.338E-16
   5000.00 	   0.280E-16
-1
0.0  0.0  0.0
