##equation:    e(-)+CHF_3->CHF+F+F+e(-)
##type:        dissociation
##unit:        eV, cm2
##input date:  2008/01/17
##method:      numerical table
##
##ref.auth:    M. J. Kushner and D. Zhang
##ref.title:   An electron impact cross section set for CHF3 
##ref.journal: Journal of Applied Physics, Vol.88, No.6 pp.3231-3234(2000)
##ref.range:   0.0eV - 200 eV
#
170510
e(-)+CHF_3->CHF+F+F+e(-)
35.0
4
1705  1   1708 90
  -1  0  +1 +2
4
141
  35.58000  3.85E-20
  36.18000  7.87E-20
  36.78000  1.19E-19
  37.39000  1.59E-19
  37.99000  1.99E-19
  38.59000  2.40E-19
  39.20000  2.80E-19
  39.80000  3.20E-19
  40.40000  3.60E-19
  41.01000  4.00E-19
  41.61000  4.41E-19
  42.21000  4.81E-19
  42.81000  5.21E-19
  43.42000  5.61E-19
  44.02000  6.01E-19
  44.62000  6.42E-19
  45.23000  6.82E-19
  45.83000  7.22E-19
  46.43000  7.62E-19
  47.04000  8.02E-19
  47.64000  8.43E-19
  48.24000  8.83E-19
  48.84000  9.23E-19
  49.45000  9.63E-19
  50.05000  1.00E-18
  50.65000  1.00E-18
  51.26000  1.00E-18
  51.86000  1.00E-18
  52.46000  1.00E-18
  53.07000  1.00E-18
  53.67000  1.00E-18
  54.27000  1.00E-18
  54.87000  1.00E-18
  55.48000  1.00E-18
  56.08000  1.00E-18
  56.68000  1.00E-18
  57.29000  1.00E-18
  57.89000  1.00E-18
  58.49000  1.00E-18
  59.10000  1.00E-18
  59.70000  1.00E-18
  60.30000  1.03E-18
  60.90000  1.09E-18
  61.51000  1.15E-18
  62.11000  1.21E-18
  62.71000  1.27E-18
  63.32000  1.33E-18
  63.92000  1.39E-18
  64.52000  1.45E-18
  65.13000  1.51E-18
  65.73000  1.57E-18
  66.33000  1.63E-18
  66.93000  1.69E-18
  67.54000  1.75E-18
  68.14000  1.81E-18
  68.74000  1.87E-18
  69.35000  1.94E-18
  69.95000  2.00E-18
  70.55000  2.00E-18
  71.16000  2.00E-18
  71.76000  2.00E-18
  72.36000  2.00E-18
  72.96000  2.00E-18
  73.57000  2.00E-18
  74.17000  2.00E-18
  74.77000  2.00E-18
  75.38000  2.00E-18
  75.98000  2.00E-18
  76.58000  2.00E-18
  77.19000  2.00E-18
  77.79000  2.00E-18
  78.39000  2.00E-18
  78.99000  2.00E-18
  79.60000  2.00E-18
  80.20000  2.01E-18
  80.80000  2.04E-18
  81.41000  2.07E-18
  82.01000  2.10E-18
  82.61000  2.13E-18
  83.22000  2.16E-18
  83.82000  2.19E-18
  84.42000  2.22E-18
  85.03000  2.25E-18
  85.63000  2.28E-18
  86.23000  2.31E-18
  86.83000  2.34E-18
  87.44000  2.37E-18
  88.04000  2.40E-18
  88.64000  2.43E-18
  89.25000  2.46E-18
  89.85000  2.49E-18
  90.45000  2.52E-18
  91.06000  2.55E-18
  91.66000  2.58E-18
  92.26000  2.61E-18
  92.86000  2.64E-18
  93.47000  2.67E-18
  94.07000  2.70E-18
  94.67000  2.73E-18
  95.28000  2.76E-18
  95.88000  2.79E-18
  96.48000  2.82E-18
  97.09000  2.85E-18
  97.69000  2.88E-18
  98.29000  2.92E-18
  98.89000  2.95E-18
  99.50000  2.98E-18
 100.10000  3.01E-18
 100.70000  3.07E-18
 101.30000  3.13E-18
 101.90000  3.19E-18
 102.50000  3.25E-18
 103.10000  3.31E-18
 103.70000  3.37E-18
 104.30000  3.43E-18
 104.90000  3.49E-18
 105.50000  3.55E-18
 106.10000  3.61E-18
 106.70000  3.67E-18
 107.30000  3.73E-18
 107.90000  3.79E-18
 108.50000  3.85E-18
 109.10000  3.92E-18
 109.70000  3.98E-18
 110.40000  4.05E-18
 111.00000  4.14E-18
 111.60000  4.23E-18
 112.20000  4.32E-18
 112.80000  4.42E-18
 113.40000  4.51E-18
 114.00000  4.60E-18
 114.60000  4.69E-18
 115.20000  4.78E-18
 115.80000  4.87E-18
 116.40000  4.96E-18
 117.00000  5.05E-18
 117.60000  5.14E-18
 118.20000  5.23E-18
 118.80000  5.32E-18
 119.40000  5.41E-18
 120.00000  5.50E-18
