##equation:    e(-)+CHF_3->CF_2+H+F+e(-)
##type:        dissociation
##unit:        eV, cm2
##input date:  2008/01/17
##method:      numerical table
##
##ref.auth:    M. J. Kushner and D. Zhang
##ref.title:   An electron impact cross section set for CHF3 
##ref.journal: Journal of Applied Physics, Vol.88, No.6 pp.3231-3234(2000)
##ref.range:   0.0eV - 200 eV
#
170509
e(-)+CHF_3->CF_2+H+F+e(-)
23.6
5
1705  1   616 10 90
  -1  0  +1 +1 +1
4
160
  24.12000  5.69E-19
  24.72000  1.23E-18
  25.33000  1.89E-18
  25.93000  2.55E-18
  26.53000  3.21E-18
  27.14000  3.87E-18
  27.74000  4.53E-18
  28.34000  5.19E-18
  28.94000  5.85E-18
  29.55000  6.51E-18
  30.15000  7.17E-18
  30.75000  7.83E-18
  31.36000  8.49E-18
  31.96000  9.16E-18
  32.56000  9.82E-18
  33.17000  1.05E-17
  33.77000  1.12E-17
  34.37000  1.18E-17
  34.97000  1.25E-17
  35.58000  1.34E-17
  36.18000  1.43E-17
  36.78000  1.52E-17
  37.39000  1.61E-17
  37.99000  1.70E-17
  38.59000  1.79E-17
  39.20000  1.88E-17
  39.80000  1.97E-17
  40.40000  2.07E-17
  41.01000  2.18E-17
  41.61000  2.28E-17
  42.21000  2.39E-17
  42.81000  2.49E-17
  43.42000  2.60E-17
  44.02000  2.70E-17
  44.62000  2.81E-17
  45.23000  2.92E-17
  45.83000  3.02E-17
  46.43000  3.13E-17
  47.04000  3.23E-17
  47.64000  3.34E-17
  48.24000  3.44E-17
  48.84000  3.55E-17
  49.45000  3.65E-17
  50.05000  3.76E-17
  50.65000  3.83E-17
  51.26000  3.89E-17
  51.86000  3.96E-17
  52.46000  4.03E-17
  53.07000  4.10E-17
  53.67000  4.17E-17
  54.27000  4.24E-17
  54.87000  4.31E-17
  55.48000  4.38E-17
  56.08000  4.45E-17
  56.68000  4.52E-17
  57.29000  4.59E-17
  57.89000  4.66E-17
  58.49000  4.73E-17
  59.10000  4.80E-17
  59.70000  4.87E-17
  60.30000  4.91E-17
  60.90000  4.93E-17
  61.51000  4.95E-17
  62.11000  4.96E-17
  62.71000  4.98E-17
  63.32000  5.00E-17
  63.92000  5.02E-17
  64.52000  5.04E-17
  65.13000  5.05E-17
  65.73000  5.07E-17
  66.33000  5.09E-17
  66.93000  5.11E-17
  67.54000  5.13E-17
  68.14000  5.14E-17
  68.74000  5.16E-17
  69.35000  5.18E-17
  69.95000  5.20E-17
  70.55000  5.19E-17
  71.16000  5.17E-17
  71.76000  5.16E-17
  72.36000  5.14E-17
  72.96000  5.13E-17
  73.57000  5.11E-17
  74.17000  5.10E-17
  74.77000  5.08E-17
  75.38000  5.07E-17
  75.98000  5.05E-17
  76.58000  5.04E-17
  77.19000  5.02E-17
  77.79000  5.01E-17
  78.39000  4.99E-17
  78.99000  4.98E-17
  79.60000  4.96E-17
  80.20000  4.94E-17
  80.80000  4.92E-17
  81.41000  4.90E-17
  82.01000  4.88E-17
  82.61000  4.86E-17
  83.22000  4.84E-17
  83.82000  4.82E-17
  84.42000  4.80E-17
  85.03000  4.77E-17
  85.63000  4.75E-17
  86.23000  4.73E-17
  86.83000  4.71E-17
  87.44000  4.69E-17
  88.04000  4.67E-17
  88.64000  4.65E-17
  89.25000  4.63E-17
  89.85000  4.61E-17
  90.45000  4.60E-17
  91.06000  4.60E-17
  91.66000  4.60E-17
  92.26000  4.60E-17
  92.86000  4.60E-17
  93.47000  4.60E-17
  94.07000  4.60E-17
  94.67000  4.60E-17
  95.28000  4.60E-17
  95.88000  4.60E-17
  96.48000  4.60E-17
  97.09000  4.60E-17
  97.69000  4.60E-17
  98.29000  4.60E-17
  98.89000  4.60E-17
  99.50000  4.60E-17
 100.10000  4.60E-17
 100.70000  4.61E-17
 101.30000  4.61E-17
 101.90000  4.62E-17
 102.50000  4.63E-17
 103.10000  4.63E-17
 103.70000  4.64E-17
 104.30000  4.64E-17
 104.90000  4.65E-17
 105.50000  4.66E-17
 106.10000  4.66E-17
 106.70000  4.67E-17
 107.30000  4.67E-17
 107.90000  4.68E-17
 108.50000  4.69E-17
 109.10000  4.69E-17
 109.70000  4.70E-17
 110.40000  4.69E-17
 111.00000  4.68E-17
 111.60000  4.67E-17
 112.20000  4.66E-17
 112.80000  4.65E-17
 113.40000  4.63E-17
 114.00000  4.62E-17
 114.60000  4.61E-17
 115.20000  4.60E-17
 115.80000  4.58E-17
 116.40000  4.57E-17
 117.00000  4.56E-17
 117.60000  4.55E-17
 118.20000  4.54E-17
 118.80000  4.52E-17
 119.40000  4.51E-17
 120.00000  4.50E-17
