##equation:    e(-)+CHF_3->CHF_2(+)+F(-)+e(-)
##type:        attachment
##unit:        eV, cm2
##input date:  2008/01/17
##method:      numerical table
##
##ref.auth:    M. J. Kushner and D. Zhang
##ref.title:   An electron impact cross section set for CHF3 
##ref.journal: Journal of Applied Physics, Vol.88, No.6 pp.3231-3234(2000)
##ref.range:   0.0eV - 200 eV
#
170506
e(-)+CHF_3->CHF_2(+)+F(-)+e(-)
11.5
4
1705  1   1707 91
  -1  0 +1 +1
3
76
  11.60800  7.72E-21
  11.71900  1.56E-20
  11.82900  2.35E-20
  11.94000  3.14E-20
  12.05000  3.93E-20
  12.16100  4.72E-20
  12.27100  5.51E-20
  12.38200  6.30E-20
  12.49200  7.09E-20
  12.60300  7.88E-20
  12.71400  8.67E-20
  12.82400  9.46E-20
  12.93500  1.02E-19
  13.04500  1.10E-19
  13.15600  1.18E-19
  13.26600  1.26E-19
  13.37700  1.34E-19
  13.48700  1.42E-19
  13.59800  1.50E-19
  13.70900  1.58E-19
  13.81900  1.66E-19
  13.93000  1.74E-19
  14.04000  1.81E-19
  14.15100  1.89E-19
  14.26100  1.97E-19
  14.37200  2.05E-19
  14.48200  2.13E-19
  14.59300  2.21E-19
  14.70400  2.29E-19
  14.81400  2.37E-19
  14.92500  2.45E-19
  15.03500  2.48E-19
  15.14600  2.43E-19
  15.25600  2.37E-19
  15.36700  2.32E-19
  15.47700  2.26E-19
  15.58800  2.21E-19
  15.69800  2.15E-19
  15.80900  2.10E-19
  15.92000  2.04E-19
  16.03000  1.98E-19
  16.14100  1.93E-19
  16.25100  1.87E-19
  16.36200  1.82E-19
  16.47200  1.76E-19
  16.58300  1.71E-19
  16.69300  1.65E-19
  16.80400  1.60E-19
  16.91500  1.54E-19
  17.02500  1.49E-19
  17.13600  1.43E-19
  17.24600  1.38E-19
  17.35700  1.32E-19
  17.46700  1.27E-19
  17.57800  1.21E-19
  17.68800  1.16E-19
  17.79900  1.10E-19
  17.91000  1.05E-19
  18.02000  9.90E-20
  18.13100  9.35E-20
  18.24100  8.79E-20
  18.35200  8.24E-20
  18.46200  7.69E-20
  18.57300  7.14E-20
  18.68300  6.58E-20
  18.79400  6.03E-20
  18.90500  5.48E-20
  19.01500  4.92E-20
  19.12600  4.37E-20
  19.23600  3.82E-20
  19.34700  3.27E-20
  19.45700  2.71E-20
  19.56800  2.16E-20
  19.67800  1.61E-20
  19.78900  1.06E-20
  19.89900  5.03E-21
