##equation:    e(-)+CHF_3->F(+)+CHF_2+e(-)+e(-)
##type:        ionization
##unit:        eV, cm2
##input date:  2008/01/17
##method:      numerical table
##
##ref.auth:    M. J. Kushner and D. Zhang
##ref.title:   An electron impact cross section set for CHF3 
##ref.journal: Journal of Applied Physics, Vol.88, No.6 pp.3231-3234(2000)
##ref.range:   0.0eV - 200 eV
#
170520
e(-)+CHF_3->F(+)+CHF_2+e(-)+e(-)
37.0
4
1705  1   92 1706 
  -1 +1  +1 +1
2
138
  37.39000  7.74E-20
  37.99000  1.98E-19
  38.59000  3.19E-19
  39.20000  4.39E-19
  39.80000  5.60E-19
  40.40000  7.37E-19
  41.01000  9.42E-19
  41.61000  1.15E-18
  42.21000  1.35E-18
  42.81000  1.56E-18
  43.42000  1.76E-18
  44.02000  1.97E-18
  44.62000  2.17E-18
  45.23000  2.39E-18
  45.83000  2.63E-18
  46.43000  2.87E-18
  47.04000  3.11E-18
  47.64000  3.36E-18
  48.24000  3.60E-18
  48.84000  3.84E-18
  49.45000  4.08E-18
  50.05000  4.32E-18
  50.65000  4.50E-18
  51.26000  4.69E-18
  51.86000  4.88E-18
  52.46000  5.06E-18
  53.07000  5.25E-18
  53.67000  5.44E-18
  54.27000  5.62E-18
  54.87000  5.81E-18
  55.48000  6.00E-18
  56.08000  6.19E-18
  56.68000  6.37E-18
  57.29000  6.56E-18
  57.89000  6.75E-18
  58.49000  6.93E-18
  59.10000  7.12E-18
  59.70000  7.31E-18
  60.30000  7.49E-18
  60.90000  7.67E-18
  61.51000  7.85E-18
  62.11000  8.03E-18
  62.71000  8.21E-18
  63.32000  8.40E-18
  63.92000  8.58E-18
  64.52000  8.76E-18
  65.13000  8.94E-18
  65.73000  9.12E-18
  66.33000  9.30E-18
  66.93000  9.48E-18
  67.54000  9.66E-18
  68.14000  9.84E-18
  68.74000  1.00E-17
  69.35000  1.02E-17
  69.95000  1.04E-17
  70.55000  1.05E-17
  71.16000  1.06E-17
  71.76000  1.07E-17
  72.36000  1.08E-17
  72.96000  1.08E-17
  73.57000  1.09E-17
  74.17000  1.10E-17
  74.77000  1.11E-17
  75.38000  1.12E-17
  75.98000  1.13E-17
  76.58000  1.14E-17
  77.19000  1.15E-17
  77.79000  1.16E-17
  78.39000  1.17E-17
  78.99000  1.18E-17
  79.60000  1.18E-17
  80.20000  1.19E-17
  80.80000  1.20E-17
  81.41000  1.21E-17
  82.01000  1.22E-17
  82.61000  1.22E-17
  83.22000  1.23E-17
  83.82000  1.24E-17
  84.42000  1.25E-17
  85.03000  1.26E-17
  85.63000  1.26E-17
  86.23000  1.27E-17
  86.83000  1.28E-17
  87.44000  1.29E-17
  88.04000  1.30E-17
  88.64000  1.30E-17
  89.25000  1.31E-17
  89.85000  1.32E-17
  90.45000  1.33E-17
  91.06000  1.33E-17
  91.66000  1.34E-17
  92.26000  1.34E-17
  92.86000  1.35E-17
  93.47000  1.36E-17
  94.07000  1.36E-17
  94.67000  1.37E-17
  95.28000  1.37E-17
  95.88000  1.38E-17
  96.48000  1.39E-17
  97.09000  1.39E-17
  97.69000  1.40E-17
  98.29000  1.40E-17
  98.89000  1.41E-17
  99.50000  1.42E-17
 100.10000  1.42E-17
 100.70000  1.42E-17
 101.30000  1.43E-17
 101.90000  1.43E-17
 102.50000  1.44E-17
 103.10000  1.44E-17
 103.70000  1.44E-17
 104.30000  1.45E-17
 104.90000  1.45E-17
 105.50000  1.45E-17
 106.10000  1.46E-17
 106.70000  1.46E-17
 107.30000  1.46E-17
 107.90000  1.47E-17
 108.50000  1.47E-17
 109.10000  1.48E-17
 109.70000  1.48E-17
 110.40000  1.48E-17
 111.00000  1.48E-17
 111.60000  1.49E-17
 112.20000  1.49E-17
 112.80000  1.49E-17
 113.40000  1.49E-17
 114.00000  1.49E-17
 114.60000  1.49E-17
 115.20000  1.50E-17
 115.80000  1.50E-17
 116.40000  1.50E-17
 117.00000  1.50E-17
 117.60000  1.50E-17
 118.20000  1.51E-17
 118.80000  1.51E-17
 119.40000  1.51E-17
 120.00000  1.51E-17
