##equation:    e(-)+CHF_3->CF_2(+)+HF+e(-)+e(-)
##type:        ionization
##unit:        eV, cm2
##input date:  2008/01/17
##method:      numerical table
##
##ref.auth:    M. J. Kushner and D. Zhang
##ref.title:   An electron impact cross section set for CHF3 
##ref.journal: Journal of Applied Physics, Vol.88, No.6 pp.3231-3234(2000)
##ref.range:   0.0eV - 200 eV
#
170516
e(-)+CHF_3->CF_2(+)+HF+e(-)+e(-)
17.6
4
1705  1   618 1710 
  -1 +1  +1 +1 
2
170
  18.09000  1.02E-19
  18.69000  2.28E-19
  19.30000  3.53E-19
  19.90000  4.79E-19
  20.50000  5.50E-19
  21.11000  6.11E-19
  21.71000  6.71E-19
  22.31000  7.31E-19
  22.91000  7.92E-19
  23.52000  8.52E-19
  24.12000  9.12E-19
  24.72000  9.72E-19
  25.33000  1.07E-18
  25.93000  1.19E-18
  26.53000  1.31E-18
  27.14000  1.43E-18
  27.74000  1.55E-18
  28.34000  1.67E-18
  28.94000  1.79E-18
  29.55000  1.91E-18
  30.15000  2.03E-18
  30.75000  2.15E-18
  31.36000  2.27E-18
  31.96000  2.39E-18
  32.56000  2.51E-18
  33.17000  2.63E-18
  33.77000  2.75E-18
  34.37000  2.87E-18
  34.97000  3.00E-18
  35.58000  3.23E-18
  36.18000  3.47E-18
  36.78000  3.71E-18
  37.39000  3.96E-18
  37.99000  4.20E-18
  38.59000  4.44E-18
  39.20000  4.68E-18
  39.80000  4.92E-18
  40.40000  5.16E-18
  41.01000  5.40E-18
  41.61000  5.64E-18
  42.21000  5.88E-18
  42.81000  6.13E-18
  43.42000  6.37E-18
  44.02000  6.61E-18
  44.62000  6.85E-18
  45.23000  7.09E-18
  45.83000  7.33E-18
  46.43000  7.57E-18
  47.04000  7.81E-18
  47.64000  8.06E-18
  48.24000  8.30E-18
  48.84000  8.54E-18
  49.45000  8.78E-18
  50.05000  9.02E-18
  50.65000  9.26E-18
  51.26000  9.50E-18
  51.86000  9.74E-18
  52.46000  9.99E-18
  53.07000  1.02E-17
  53.67000  1.05E-17
  54.27000  1.07E-17
  54.87000  1.10E-17
  55.48000  1.12E-17
  56.08000  1.14E-17
  56.68000  1.17E-17
  57.29000  1.19E-17
  57.89000  1.22E-17
  58.49000  1.24E-17
  59.10000  1.26E-17
  59.70000  1.29E-17
  60.30000  1.31E-17
  60.90000  1.34E-17
  61.51000  1.36E-17
  62.11000  1.38E-17
  62.71000  1.41E-17
  63.32000  1.43E-17
  63.92000  1.46E-17
  64.52000  1.48E-17
  65.13000  1.51E-17
  65.73000  1.53E-17
  66.33000  1.55E-17
  66.93000  1.58E-17
  67.54000  1.60E-17
  68.14000  1.63E-17
  68.74000  1.65E-17
  69.35000  1.67E-17
  69.95000  1.70E-17
  70.55000  1.71E-17
  71.16000  1.72E-17
  71.76000  1.74E-17
  72.36000  1.75E-17
  72.96000  1.76E-17
  73.57000  1.77E-17
  74.17000  1.78E-17
  74.77000  1.80E-17
  75.38000  1.81E-17
  75.98000  1.82E-17
  76.58000  1.83E-17
  77.19000  1.84E-17
  77.79000  1.86E-17
  78.39000  1.87E-17
  78.99000  1.88E-17
  79.60000  1.89E-17
  80.20000  1.90E-17
  80.80000  1.92E-17
  81.41000  1.93E-17
  82.01000  1.94E-17
  82.61000  1.95E-17
  83.22000  1.96E-17
  83.82000  1.98E-17
  84.42000  1.99E-17
  85.03000  2.00E-17
  85.63000  2.01E-17
  86.23000  2.03E-17
  86.83000  2.04E-17
  87.44000  2.05E-17
  88.04000  2.06E-17
  88.64000  2.07E-17
  89.25000  2.09E-17
  89.85000  2.10E-17
  90.45000  2.11E-17
  91.06000  2.12E-17
  91.66000  2.13E-17
  92.26000  2.15E-17
  92.86000  2.16E-17
  93.47000  2.17E-17
  94.07000  2.18E-17
  94.67000  2.19E-17
  95.28000  2.21E-17
  95.88000  2.22E-17
  96.48000  2.23E-17
  97.09000  2.24E-17
  97.69000  2.25E-17
  98.29000  2.27E-17
  98.89000  2.28E-17
  99.50000  2.29E-17
 100.10000  2.30E-17
 100.70000  2.31E-17
 101.30000  2.31E-17
 101.90000  2.32E-17
 102.50000  2.33E-17
 103.10000  2.33E-17
 103.70000  2.34E-17
 104.30000  2.34E-17
 104.90000  2.35E-17
 105.50000  2.36E-17
 106.10000  2.36E-17
 106.70000  2.37E-17
 107.30000  2.37E-17
 107.90000  2.38E-17
 108.50000  2.39E-17
 109.10000  2.39E-17
 109.70000  2.40E-17
 110.40000  2.40E-17
 111.00000  2.41E-17
 111.60000  2.42E-17
 112.20000  2.42E-17
 112.80000  2.43E-17
 113.40000  2.43E-17
 114.00000  2.44E-17
 114.60000  2.45E-17
 115.20000  2.45E-17
 115.80000  2.46E-17
 116.40000  2.46E-17
 117.00000  2.47E-17
 117.60000  2.48E-17
 118.20000  2.48E-17
 118.80000  2.49E-17
 119.40000  2.49E-17
 120.00000  2.50E-17
