##equation:    e(-)+CHF_3->CF+H+F+F+e(-)
##type:        dissociation
##unit:        eV, cm2
##input date:  2008/01/17
##method:      numerical table
##
##ref.auth:    M. J. Kushner and D. Zhang
##ref.title:   An electron impact cross section set for CHF3 
##ref.journal: Journal of Applied Physics, Vol.88, No.6 pp.3231-3234(2000)
##ref.range:   0.0eV - 200 eV
#
170511
e(-)+CHF_3->CF+H+F+F+e(-)
19.5
5
1705  1   619 10 90
  -1  0  +1 +1 +2
4
167
  19.90000  2.00E-18
  20.50000  6.27E-18
  21.11000  1.08E-17
  21.71000  1.53E-17
  22.31000  1.98E-17
  22.91000  2.44E-17
  23.52000  2.89E-17
  24.12000  3.34E-17
  24.72000  3.79E-17
  25.33000  4.10E-17
  25.93000  4.28E-17
  26.53000  4.46E-17
  27.14000  4.64E-17
  27.74000  4.82E-17
  28.34000  5.00E-17
  28.94000  5.18E-17
  29.55000  5.36E-17
  30.15000  5.51E-17
  30.75000  5.54E-17
  31.36000  5.57E-17
  31.96000  5.60E-17
  32.56000  5.63E-17
  33.17000  5.66E-17
  33.77000  5.69E-17
  34.37000  5.72E-17
  34.97000  5.75E-17
  35.58000  5.78E-17
  36.18000  5.81E-17
  36.78000  5.84E-17
  37.39000  5.87E-17
  37.99000  5.90E-17
  38.59000  5.93E-17
  39.20000  5.96E-17
  39.80000  5.99E-17
  40.40000  5.99E-17
  41.01000  5.98E-17
  41.61000  5.96E-17
  42.21000  5.95E-17
  42.81000  5.93E-17
  43.42000  5.92E-17
  44.02000  5.90E-17
  44.62000  5.88E-17
  45.23000  5.87E-17
  45.83000  5.85E-17
  46.43000  5.84E-17
  47.04000  5.82E-17
  47.64000  5.81E-17
  48.24000  5.79E-17
  48.84000  5.78E-17
  49.45000  5.76E-17
  50.05000  5.75E-17
  50.65000  5.73E-17
  51.26000  5.72E-17
  51.86000  5.70E-17
  52.46000  5.69E-17
  53.07000  5.67E-17
  53.67000  5.66E-17
  54.27000  5.64E-17
  54.87000  5.63E-17
  55.48000  5.61E-17
  56.08000  5.60E-17
  56.68000  5.58E-17
  57.29000  5.57E-17
  57.89000  5.55E-17
  58.49000  5.54E-17
  59.10000  5.52E-17
  59.70000  5.51E-17
  60.30000  5.49E-17
  60.90000  5.48E-17
  61.51000  5.46E-17
  62.11000  5.45E-17
  62.71000  5.43E-17
  63.32000  5.42E-17
  63.92000  5.40E-17
  64.52000  5.39E-17
  65.13000  5.37E-17
  65.73000  5.36E-17
  66.33000  5.34E-17
  66.93000  5.33E-17
  67.54000  5.31E-17
  68.14000  5.30E-17
  68.74000  5.28E-17
  69.35000  5.27E-17
  69.95000  5.25E-17
  70.55000  5.22E-17
  71.16000  5.19E-17
  71.76000  5.16E-17
  72.36000  5.13E-17
  72.96000  5.10E-17
  73.57000  5.07E-17
  74.17000  5.04E-17
  74.77000  5.01E-17
  75.38000  4.98E-17
  75.98000  4.95E-17
  76.58000  4.92E-17
  77.19000  4.89E-17
  77.79000  4.86E-17
  78.39000  4.83E-17
  78.99000  4.80E-17
  79.60000  4.77E-17
  80.20000  4.76E-17
  80.80000  4.77E-17
  81.41000  4.79E-17
  82.01000  4.80E-17
  82.61000  4.82E-17
  83.22000  4.83E-17
  83.82000  4.85E-17
  84.42000  4.86E-17
  85.03000  4.88E-17
  85.63000  4.89E-17
  86.23000  4.91E-17
  86.83000  4.92E-17
  87.44000  4.94E-17
  88.04000  4.95E-17
  88.64000  4.97E-17
  89.25000  4.98E-17
  89.85000  5.00E-17
  90.45000  4.98E-17
  91.06000  4.95E-17
  91.66000  4.92E-17
  92.26000  4.89E-17
  92.86000  4.86E-17
  93.47000  4.83E-17
  94.07000  4.80E-17
  94.67000  4.77E-17
  95.28000  4.74E-17
  95.88000  4.71E-17
  96.48000  4.68E-17
  97.09000  4.65E-17
  97.69000  4.62E-17
  98.29000  4.59E-17
  98.89000  4.56E-17
  99.50000  4.53E-17
 100.10000  4.51E-17
 100.70000  4.55E-17
 101.30000  4.60E-17
 101.90000  4.64E-17
 102.50000  4.69E-17
 103.10000  4.73E-17
 103.70000  4.78E-17
 104.30000  4.82E-17
 104.90000  4.87E-17
 105.50000  4.92E-17
 106.10000  4.96E-17
 106.70000  5.01E-17
 107.30000  5.05E-17
 107.90000  5.10E-17
 108.50000  5.14E-17
 109.10000  5.19E-17
 109.70000  5.23E-17
 110.40000  5.22E-17
 111.00000  5.18E-17
 111.60000  5.13E-17
 112.20000  5.09E-17
 112.80000  5.04E-17
 113.40000  5.00E-17
 114.00000  4.95E-17
 114.60000  4.91E-17
 115.20000  4.86E-17
 115.80000  4.82E-17
 116.40000  4.77E-17
 117.00000  4.73E-17
 117.60000  4.68E-17
 118.20000  4.64E-17
 118.80000  4.59E-17
 119.40000  4.55E-17
 120.00000  4.50E-17
