##equation:    e(-)+CHF_3->CHF_2+F(-)
##type:        attachment
##unit:        eV, cm2
##input date:  2008/01/17
##method:      numerical table
##
##ref.auth:    M. J. Kushner and D. Zhang
##ref.title:   An electron impact cross section set for CHF3 
##ref.journal: Journal of Applied Physics, Vol.88, No.6 pp.3231-3234(2000)
##ref.range:   0.0eV - 200 eV
#
170505
e(-)+CHF_3->CHF_2+F(-)
0.11
4
1705  1   1706 91
  -1  -1 +1 +1
3
126
   0.11055  6.37E-22
   0.22111  1.80E-21
   0.33166  2.96E-21
   0.44221  4.13E-21
   0.55276  5.29E-21
   0.66332  6.46E-21
   0.77387  7.62E-21
   0.88442  8.78E-21
   0.99497  9.95E-21
   1.10550  9.34E-21
   1.21610  8.65E-21
   1.32660  7.96E-21
   1.43720  7.27E-21
   1.54770  6.58E-21
   1.65830  5.89E-21
   1.76880  5.19E-21
   1.87940  4.50E-21
   1.98990  3.81E-21
   2.10050  3.12E-21
   2.21110  2.58E-21
   2.32160  3.34E-21
   2.43220  4.11E-21
   2.54270  4.88E-21
   2.65330  5.65E-21
   2.76380  6.42E-21
   2.87440  7.18E-21
   2.98490  7.95E-21
   3.09550  8.72E-21
   3.20600  9.49E-21
   3.31660  1.03E-20
   3.42710  1.10E-20
   3.53770  1.18E-20
   3.64820  1.26E-20
   3.75880  1.33E-20
   3.86930  1.41E-20
   3.97990  1.49E-20
   4.09050  1.50E-20
   4.20100  1.50E-20
   4.31160  1.50E-20
   4.42210  1.50E-20
   4.53270  1.50E-20
   4.64320  1.50E-20
   4.75380  1.50E-20
   4.86430  1.50E-20
   4.97490  1.50E-20
   5.08540  1.50E-20
   5.19600  1.50E-20
   5.30650  1.50E-20
   5.41710  1.50E-20
   5.52760  1.50E-20
   5.63820  1.50E-20
   5.74870  1.50E-20
   5.85930  1.50E-20
   5.96980  1.50E-20
   6.08040  1.44E-20
   6.19100  1.36E-20
   6.30150  1.27E-20
   6.41210  1.19E-20
   6.52260  1.11E-20
   6.63320  1.03E-20
   6.74370  9.42E-21
   6.85430  8.59E-21
   6.96480  7.76E-21
   7.07540  7.31E-21
   7.18590  7.04E-21
   7.29650  6.76E-21
   7.40700  6.48E-21
   7.51760  6.21E-21
   7.62810  5.93E-21
   7.73870  5.65E-21
   7.84920  5.38E-21
   7.95980  5.10E-21
   8.07040  8.87E-21
   8.18090  1.50E-20
   8.29150  2.10E-20
   8.40200  2.71E-20
   8.51260  3.32E-20
   8.62310  3.93E-20
   8.73370  4.54E-20
   8.84420  5.14E-20
   8.95480  5.75E-20
   9.06530  7.18E-20
   9.17590  9.17E-20
   9.28640  1.12E-19
   9.39700  1.31E-19
   9.50750  1.51E-19
   9.61810  1.71E-19
   9.72860  1.91E-19
   9.83920  2.11E-19
   9.94970  2.31E-19
  10.06000  2.33E-19
  10.17100  2.21E-19
  10.28100  2.09E-19
  10.39200  1.97E-19
  10.50300  1.84E-19
  10.61300  1.72E-19
  10.72400  1.61E-19
  10.83400  1.52E-19
  10.94500  1.44E-19
  11.05500  1.36E-19
  11.16600  1.28E-19
  11.27600  1.20E-19
  11.38700  1.13E-19
  11.49700  1.06E-19
  11.60800  9.95E-20
  11.71900  9.26E-20
  11.82900  8.57E-20
  11.94000  7.88E-20
  12.05000  7.31E-20
  12.16100  6.90E-20
  12.27100  6.48E-20
  12.38200  6.07E-20
  12.49200  5.65E-20
  12.60300  5.24E-20
  12.71400  4.82E-20
  12.82400  4.41E-20
  12.93500  4.00E-20
  13.04500  3.58E-20
  13.15600  3.17E-20
  13.26600  2.75E-20
  13.37700  2.34E-20
  13.48700  1.92E-20
  13.59800  1.51E-20
  13.70900  1.09E-20
  13.81900  6.78E-21
  13.93000  2.64E-21
