##equation:    e(-)+CHF_3->CH(+)+F_2+F+e(-)+e(-)
##type:        ionization
##unit:        eV, cm2
##input date:  2008/01/17
##method:      numerical table
##
##ref.auth:    M. J. Kushner and D. Zhang
##ref.title:   An electron impact cross section set for CHF3 
##ref.journal: Journal of Applied Physics, Vol.88, No.6 pp.3231-3234(2000)
##ref.range:   0.0eV - 200 eV
#
170519
e(-)+CHF_3->CH(+)+F_2+F+e(-)+e(-)
33.5
5
1705  1   707 94 90
  -1 +1  +1 +1 +1 
2
144
  33.77000  1.79E-20
  34.37000  5.81E-20
  34.97000  9.83E-20
  35.58000  1.46E-19
  36.18000  1.95E-19
  36.78000  2.43E-19
  37.39000  2.91E-19
  37.99000  3.39E-19
  38.59000  3.87E-19
  39.20000  4.36E-19
  39.80000  4.84E-19
  40.40000  5.56E-19
  41.01000  6.41E-19
  41.61000  7.25E-19
  42.21000  8.10E-19
  42.81000  8.94E-19
  43.42000  9.78E-19
  44.02000  1.06E-18
  44.62000  1.15E-18
  45.23000  1.22E-18
  45.83000  1.28E-18
  46.43000  1.34E-18
  47.04000  1.40E-18
  47.64000  1.46E-18
  48.24000  1.52E-18
  48.84000  1.58E-18
  49.45000  1.65E-18
  50.05000  1.70E-18
  50.65000  1.73E-18
  51.26000  1.75E-18
  51.86000  1.77E-18
  52.46000  1.80E-18
  53.07000  1.82E-18
  53.67000  1.85E-18
  54.27000  1.87E-18
  54.87000  1.90E-18
  55.48000  1.92E-18
  56.08000  1.94E-18
  56.68000  1.97E-18
  57.29000  1.99E-18
  57.89000  2.02E-18
  58.49000  2.04E-18
  59.10000  2.06E-18
  59.70000  2.09E-18
  60.30000  2.11E-18
  60.90000  2.12E-18
  61.51000  2.13E-18
  62.11000  2.14E-18
  62.71000  2.15E-18
  63.32000  2.17E-18
  63.92000  2.18E-18
  64.52000  2.19E-18
  65.13000  2.20E-18
  65.73000  2.22E-18
  66.33000  2.23E-18
  66.93000  2.24E-18
  67.54000  2.25E-18
  68.14000  2.26E-18
  68.74000  2.28E-18
  69.35000  2.29E-18
  69.95000  2.30E-18
  70.55000  2.31E-18
  71.16000  2.32E-18
  71.76000  2.34E-18
  72.36000  2.35E-18
  72.96000  2.36E-18
  73.57000  2.37E-18
  74.17000  2.38E-18
  74.77000  2.40E-18
  75.38000  2.41E-18
  75.98000  2.42E-18
  76.58000  2.43E-18
  77.19000  2.44E-18
  77.79000  2.46E-18
  78.39000  2.47E-18
  78.99000  2.48E-18
  79.60000  2.49E-18
  80.20000  2.50E-18
  80.80000  2.50E-18
  81.41000  2.50E-18
  82.01000  2.50E-18
  82.61000  2.50E-18
  83.22000  2.50E-18
  83.82000  2.50E-18
  84.42000  2.50E-18
  85.03000  2.50E-18
  85.63000  2.50E-18
  86.23000  2.50E-18
  86.83000  2.50E-18
  87.44000  2.50E-18
  88.04000  2.50E-18
  88.64000  2.50E-18
  89.25000  2.50E-18
  89.85000  2.50E-18
  90.45000  2.50E-18
  91.06000  2.49E-18
  91.66000  2.48E-18
  92.26000  2.48E-18
  92.86000  2.47E-18
  93.47000  2.47E-18
  94.07000  2.46E-18
  94.67000  2.45E-18
  95.28000  2.45E-18
  95.88000  2.44E-18
  96.48000  2.44E-18
  97.09000  2.43E-18
  97.69000  2.42E-18
  98.29000  2.42E-18
  98.89000  2.41E-18
  99.50000  2.41E-18
 100.10000  2.40E-18
 100.70000  2.39E-18
 101.30000  2.39E-18
 101.90000  2.38E-18
 102.50000  2.38E-18
 103.10000  2.37E-18
 103.70000  2.36E-18
 104.30000  2.36E-18
 104.90000  2.35E-18
 105.50000  2.35E-18
 106.10000  2.34E-18
 106.70000  2.33E-18
 107.30000  2.33E-18
 107.90000  2.32E-18
 108.50000  2.32E-18
 109.10000  2.31E-18
 109.70000  2.30E-18
 110.40000  2.29E-18
 111.00000  2.28E-18
 111.60000  2.27E-18
 112.20000  2.26E-18
 112.80000  2.25E-18
 113.40000  2.23E-18
 114.00000  2.22E-18
 114.60000  2.21E-18
 115.20000  2.20E-18
 115.80000  2.18E-18
 116.40000  2.17E-18
 117.00000  2.16E-18
 117.60000  2.15E-18
 118.20000  2.14E-18
 118.80000  2.12E-18
 119.40000  2.11E-18
 120.00000  2.10E-18
