##equation:    e(-)+CHF_3->CHF(+)+F+F+e(-)+e(-)
##type:        ionization
##unit:        eV, cm2
##input date:  2008/01/17
##method:      numerical table
##
##ref.auth:    M. J. Kushner and D. Zhang
##ref.title:   An electron impact cross section set for CHF3 
##ref.journal: Journal of Applied Physics, Vol.88, No.6 pp.3231-3234(2000)
##ref.range:   0.0eV - 200 eV
#
170517
e(-)+CHF_3->CHF(+)+F+F+e(-)+e(-)
19.8
4
1705  1   1709 90
  -1 +1  +1 +2 
2
167
  19.90000  5.74E-20
  20.50000  4.05E-19
  21.11000  7.53E-19
  21.71000  1.10E-18
  22.31000  1.45E-18
  22.91000  1.80E-18
  23.52000  2.15E-18
  24.12000  2.49E-18
  24.72000  2.84E-18
  25.33000  3.13E-18
  25.93000  3.37E-18
  26.53000  3.61E-18
  27.14000  3.85E-18
  27.74000  4.10E-18
  28.34000  4.34E-18
  28.94000  4.58E-18
  29.55000  4.82E-18
  30.15000  5.15E-18
  30.75000  5.75E-18
  31.36000  6.36E-18
  31.96000  6.96E-18
  32.56000  7.56E-18
  33.17000  8.17E-18
  33.77000  8.77E-18
  34.37000  9.37E-18
  34.97000  9.98E-18
  35.58000  1.06E-17
  36.18000  1.12E-17
  36.78000  1.18E-17
  37.39000  1.24E-17
  37.99000  1.30E-17
  38.59000  1.36E-17
  39.20000  1.42E-17
  39.80000  1.48E-17
  40.40000  1.54E-17
  41.01000  1.60E-17
  41.61000  1.66E-17
  42.21000  1.72E-17
  42.81000  1.78E-17
  43.42000  1.84E-17
  44.02000  1.90E-17
  44.62000  1.96E-17
  45.23000  2.03E-17
  45.83000  2.10E-17
  46.43000  2.17E-17
  47.04000  2.24E-17
  47.64000  2.32E-17
  48.24000  2.39E-17
  48.84000  2.46E-17
  49.45000  2.53E-17
  50.05000  2.61E-17
  50.65000  2.67E-17
  51.26000  2.73E-17
  51.86000  2.79E-17
  52.46000  2.85E-17
  53.07000  2.91E-17
  53.67000  2.97E-17
  54.27000  3.03E-17
  54.87000  3.09E-17
  55.48000  3.15E-17
  56.08000  3.21E-17
  56.68000  3.27E-17
  57.29000  3.33E-17
  57.89000  3.39E-17
  58.49000  3.45E-17
  59.10000  3.51E-17
  59.70000  3.57E-17
  60.30000  3.62E-17
  60.90000  3.65E-17
  61.51000  3.69E-17
  62.11000  3.73E-17
  62.71000  3.76E-17
  63.32000  3.80E-17
  63.92000  3.84E-17
  64.52000  3.87E-17
  65.13000  3.91E-17
  65.73000  3.94E-17
  66.33000  3.98E-17
  66.93000  4.02E-17
  67.54000  4.05E-17
  68.14000  4.09E-17
  68.74000  4.13E-17
  69.35000  4.16E-17
  69.95000  4.20E-17
  70.55000  4.24E-17
  71.16000  4.28E-17
  71.76000  4.32E-17
  72.36000  4.37E-17
  72.96000  4.41E-17
  73.57000  4.45E-17
  74.17000  4.49E-17
  74.77000  4.53E-17
  75.38000  4.58E-17
  75.98000  4.62E-17
  76.58000  4.66E-17
  77.19000  4.70E-17
  77.79000  4.75E-17
  78.39000  4.79E-17
  78.99000  4.83E-17
  79.60000  4.87E-17
  80.20000  4.91E-17
  80.80000  4.93E-17
  81.41000  4.96E-17
  82.01000  4.98E-17
  82.61000  5.01E-17
  83.22000  5.03E-17
  83.82000  5.05E-17
  84.42000  5.08E-17
  85.03000  5.10E-17
  85.63000  5.13E-17
  86.23000  5.15E-17
  86.83000  5.17E-17
  87.44000  5.20E-17
  88.04000  5.22E-17
  88.64000  5.25E-17
  89.25000  5.27E-17
  89.85000  5.29E-17
  90.45000  5.31E-17
  91.06000  5.33E-17
  91.66000  5.35E-17
  92.26000  5.37E-17
  92.86000  5.39E-17
  93.47000  5.40E-17
  94.07000  5.42E-17
  94.67000  5.44E-17
  95.28000  5.46E-17
  95.88000  5.48E-17
  96.48000  5.49E-17
  97.09000  5.51E-17
  97.69000  5.53E-17
  98.29000  5.55E-17
  98.89000  5.57E-17
  99.50000  5.59E-17
 100.10000  5.60E-17
 100.70000  5.61E-17
 101.30000  5.63E-17
 101.90000  5.64E-17
 102.50000  5.65E-17
 103.10000  5.66E-17
 103.70000  5.67E-17
 104.30000  5.69E-17
 104.90000  5.70E-17
 105.50000  5.71E-17
 106.10000  5.72E-17
 106.70000  5.74E-17
 107.30000  5.75E-17
 107.90000  5.76E-17
 108.50000  5.77E-17
 109.10000  5.78E-17
 109.70000  5.80E-17
 110.40000  5.81E-17
 111.00000  5.82E-17
 111.60000  5.83E-17
 112.20000  5.84E-17
 112.80000  5.86E-17
 113.40000  5.87E-17
 114.00000  5.88E-17
 114.60000  5.89E-17
 115.20000  5.90E-17
 115.80000  5.92E-17
 116.40000  5.93E-17
 117.00000  5.94E-17
 117.60000  5.95E-17
 118.20000  5.96E-17
 118.80000  5.98E-17
 119.40000  5.99E-17
 120.00000  6.00E-17
