##equation:    e(-)+CHF_3->CF_3(+)+H+e(-)+e(-)
##type:        ionization
##unit:        eV, cm2
##input date:  2008/01/17
##method:      numerical table
##
##ref.auth:    M. J. Kushner and D. Zhang
##ref.title:   An electron impact cross section set for CHF3 
##ref.journal: Journal of Applied Physics, Vol.88, No.6 pp.3231-3234(2000)
##ref.range:   0.0eV - 200 eV
#
170514
e(-)+CHF_3->CF_3(+)+H+e(-)+e(-)
15.2
4
1705  1   615 10 
  -1 +1  +1 +1 
2
173
  16.28000  1.56E-18
  16.88000  3.17E-18
  17.49000  4.78E-18
  18.09000  6.39E-18
  18.69000  8.01E-18
  19.30000  9.62E-18
  19.90000  1.12E-17
  20.50000  1.42E-17
  21.11000  1.74E-17
  21.71000  2.06E-17
  22.31000  2.38E-17
  22.91000  2.70E-17
  23.52000  3.02E-17
  24.12000  3.34E-17
  24.72000  3.66E-17
  25.33000  3.98E-17
  25.93000  4.29E-17
  26.53000  4.61E-17
  27.14000  4.92E-17
  27.74000  5.23E-17
  28.34000  5.55E-17
  28.94000  5.86E-17
  29.55000  6.18E-17
  30.15000  6.52E-17
  30.75000  6.98E-17
  31.36000  7.44E-17
  31.96000  7.90E-17
  32.56000  8.35E-17
  33.17000  8.81E-17
  33.77000  9.27E-17
  34.37000  9.72E-17
  34.97000  1.02E-16
  35.58000  1.05E-16
  36.18000  1.09E-16
  36.78000  1.12E-16
  37.39000  1.15E-16
  37.99000  1.19E-16
  38.59000  1.22E-16
  39.20000  1.26E-16
  39.80000  1.29E-16
  40.40000  1.32E-16
  41.01000  1.34E-16
  41.61000  1.37E-16
  42.21000  1.40E-16
  42.81000  1.42E-16
  43.42000  1.45E-16
  44.02000  1.48E-16
  44.62000  1.50E-16
  45.23000  1.53E-16
  45.83000  1.55E-16
  46.43000  1.57E-16
  47.04000  1.59E-16
  47.64000  1.62E-16
  48.24000  1.64E-16
  48.84000  1.66E-16
  49.45000  1.68E-16
  50.05000  1.70E-16
  50.65000  1.71E-16
  51.26000  1.72E-16
  51.86000  1.73E-16
  52.46000  1.74E-16
  53.07000  1.76E-16
  53.67000  1.77E-16
  54.27000  1.78E-16
  54.87000  1.79E-16
  55.48000  1.80E-16
  56.08000  1.81E-16
  56.68000  1.82E-16
  57.29000  1.83E-16
  57.89000  1.84E-16
  58.49000  1.85E-16
  59.10000  1.86E-16
  59.70000  1.88E-16
  60.30000  1.89E-16
  60.90000  1.89E-16
  61.51000  1.90E-16
  62.11000  1.91E-16
  62.71000  1.92E-16
  63.32000  1.93E-16
  63.92000  1.94E-16
  64.52000  1.95E-16
  65.13000  1.96E-16
  65.73000  1.97E-16
  66.33000  1.98E-16
  66.93000  1.99E-16
  67.54000  2.00E-16
  68.14000  2.01E-16
  68.74000  2.02E-16
  69.35000  2.03E-16
  69.95000  2.04E-16
  70.55000  2.05E-16
  71.16000  2.05E-16
  71.76000  2.06E-16
  72.36000  2.07E-16
  72.96000  2.07E-16
  73.57000  2.08E-16
  74.17000  2.09E-16
  74.77000  2.09E-16
  75.38000  2.10E-16
  75.98000  2.11E-16
  76.58000  2.11E-16
  77.19000  2.12E-16
  77.79000  2.13E-16
  78.39000  2.13E-16
  78.99000  2.14E-16
  79.60000  2.15E-16
  80.20000  2.15E-16
  80.80000  2.15E-16
  81.41000  2.15E-16
  82.01000  2.14E-16
  82.61000  2.14E-16
  83.22000  2.14E-16
  83.82000  2.14E-16
  84.42000  2.14E-16
  85.03000  2.14E-16
  85.63000  2.13E-16
  86.23000  2.13E-16
  86.83000  2.13E-16
  87.44000  2.13E-16
  88.04000  2.13E-16
  88.64000  2.12E-16
  89.25000  2.12E-16
  89.85000  2.12E-16
  90.45000  2.12E-16
  91.06000  2.12E-16
  91.66000  2.13E-16
  92.26000  2.13E-16
  92.86000  2.13E-16
  93.47000  2.13E-16
  94.07000  2.14E-16
  94.67000  2.14E-16
  95.28000  2.14E-16
  95.88000  2.14E-16
  96.48000  2.15E-16
  97.09000  2.15E-16
  97.69000  2.15E-16
  98.29000  2.15E-16
  98.89000  2.16E-16
  99.50000  2.16E-16
 100.10000  2.16E-16
 100.70000  2.16E-16
 101.30000  2.16E-16
 101.90000  2.16E-16
 102.50000  2.17E-16
 103.10000  2.17E-16
 103.70000  2.17E-16
 104.30000  2.17E-16
 104.90000  2.17E-16
 105.50000  2.17E-16
 106.10000  2.17E-16
 106.70000  2.17E-16
 107.30000  2.18E-16
 107.90000  2.18E-16
 108.50000  2.18E-16
 109.10000  2.18E-16
 109.70000  2.18E-16
 110.40000  2.18E-16
 111.00000  2.18E-16
 111.60000  2.19E-16
 112.20000  2.19E-16
 112.80000  2.19E-16
 113.40000  2.19E-16
 114.00000  2.20E-16
 114.60000  2.20E-16
 115.20000  2.20E-16
 115.80000  2.20E-16
 116.40000  2.21E-16
 117.00000  2.21E-16
 117.60000  2.21E-16
 118.20000  2.21E-16
 118.80000  2.22E-16
 119.40000  2.22E-16
 120.00000  2.22E-16
