##equation:    e(-)+CHF_3->CHF_2(+)+F+e(-)+e(-)
##type:        ionization
##unit:        eV, cm2
##input date:  2008/01/17
##method:      numerical table
##
##ref.auth:    M. J. Kushner and D. Zhang
##ref.title:   An electron impact cross section set for CHF3 
##ref.journal: Journal of Applied Physics, Vol.88, No.6 pp.3231-3234(2000)
##ref.range:   0.0eV - 200 eV
#
170515
e(-)+CHF_3->CHF_2(+)+F+e(-)+e(-)
16.8
4
1705  1   1707 90 
  -1 +1  +1 +1 
2
172
  16.88000  3.69E-20
  17.49000  3.01E-19
  18.09000  5.65E-19
  18.69000  8.28E-19
  19.30000  1.09E-18
  19.90000  1.36E-18
  20.50000  1.90E-18
  21.11000  2.51E-18
  21.71000  3.11E-18
  22.31000  3.71E-18
  22.91000  4.32E-18
  23.52000  4.92E-18
  24.12000  5.52E-18
  24.72000  6.12E-18
  25.33000  6.79E-18
  25.93000  7.52E-18
  26.53000  8.24E-18
  27.14000  8.96E-18
  27.74000  9.69E-18
  28.34000  1.04E-17
  28.94000  1.11E-17
  29.55000  1.19E-17
  30.15000  1.26E-17
  30.75000  1.34E-17
  31.36000  1.42E-17
  31.96000  1.50E-17
  32.56000  1.58E-17
  33.17000  1.66E-17
  33.77000  1.75E-17
  34.37000  1.83E-17
  34.97000  1.91E-17
  35.58000  1.98E-17
  36.18000  2.05E-17
  36.78000  2.12E-17
  37.39000  2.19E-17
  37.99000  2.26E-17
  38.59000  2.33E-17
  39.20000  2.41E-17
  39.80000  2.48E-17
  40.40000  2.54E-17
  41.01000  2.60E-17
  41.61000  2.66E-17
  42.21000  2.72E-17
  42.81000  2.78E-17
  43.42000  2.84E-17
  44.02000  2.90E-17
  44.62000  2.96E-17
  45.23000  3.02E-17
  45.83000  3.07E-17
  46.43000  3.12E-17
  47.04000  3.17E-17
  47.64000  3.22E-17
  48.24000  3.27E-17
  48.84000  3.32E-17
  49.45000  3.37E-17
  50.05000  3.41E-17
  50.65000  3.44E-17
  51.26000  3.47E-17
  51.86000  3.49E-17
  52.46000  3.52E-17
  53.07000  3.55E-17
  53.67000  3.58E-17
  54.27000  3.60E-17
  54.87000  3.63E-17
  55.48000  3.66E-17
  56.08000  3.68E-17
  56.68000  3.71E-17
  57.29000  3.74E-17
  57.89000  3.77E-17
  58.49000  3.79E-17
  59.10000  3.82E-17
  59.70000  3.85E-17
  60.30000  3.87E-17
  60.90000  3.88E-17
  61.51000  3.90E-17
  62.11000  3.91E-17
  62.71000  3.93E-17
  63.32000  3.94E-17
  63.92000  3.95E-17
  64.52000  3.97E-17
  65.13000  3.98E-17
  65.73000  4.00E-17
  66.33000  4.01E-17
  66.93000  4.03E-17
  67.54000  4.04E-17
  68.14000  4.06E-17
  68.74000  4.07E-17
  69.35000  4.08E-17
  69.95000  4.10E-17
  70.55000  4.11E-17
  71.16000  4.11E-17
  71.76000  4.12E-17
  72.36000  4.13E-17
  72.96000  4.13E-17
  73.57000  4.14E-17
  74.17000  4.15E-17
  74.77000  4.15E-17
  75.38000  4.16E-17
  75.98000  4.17E-17
  76.58000  4.17E-17
  77.19000  4.18E-17
  77.79000  4.19E-17
  78.39000  4.19E-17
  78.99000  4.20E-17
  79.60000  4.21E-17
  80.20000  4.21E-17
  80.80000  4.22E-17
  81.41000  4.22E-17
  82.01000  4.23E-17
  82.61000  4.24E-17
  83.22000  4.24E-17
  83.82000  4.25E-17
  84.42000  4.25E-17
  85.03000  4.26E-17
  85.63000  4.27E-17
  86.23000  4.27E-17
  86.83000  4.28E-17
  87.44000  4.28E-17
  88.04000  4.29E-17
  88.64000  4.30E-17
  89.25000  4.30E-17
  89.85000  4.31E-17
  90.45000  4.31E-17
  91.06000  4.31E-17
  91.66000  4.32E-17
  92.26000  4.32E-17
  92.86000  4.32E-17
  93.47000  4.32E-17
  94.07000  4.32E-17
  94.67000  4.32E-17
  95.28000  4.33E-17
  95.88000  4.33E-17
  96.48000  4.33E-17
  97.09000  4.33E-17
  97.69000  4.33E-17
  98.29000  4.34E-17
  98.89000  4.34E-17
  99.50000  4.34E-17
 100.10000  4.34E-17
 100.70000  4.34E-17
 101.30000  4.35E-17
 101.90000  4.35E-17
 102.50000  4.35E-17
 103.10000  4.35E-17
 103.70000  4.36E-17
 104.30000  4.36E-17
 104.90000  4.36E-17
 105.50000  4.36E-17
 106.10000  4.37E-17
 106.70000  4.37E-17
 107.30000  4.37E-17
 107.90000  4.37E-17
 108.50000  4.37E-17
 109.10000  4.38E-17
 109.70000  4.38E-17
 110.40000  4.38E-17
 111.00000  4.38E-17
 111.60000  4.39E-17
 112.20000  4.39E-17
 112.80000  4.39E-17
 113.40000  4.39E-17
 114.00000  4.39E-17
 114.60000  4.39E-17
 115.20000  4.40E-17
 115.80000  4.40E-17
 116.40000  4.40E-17
 117.00000  4.40E-17
 117.60000  4.40E-17
 118.20000  4.41E-17
 118.80000  4.41E-17
 119.40000  4.41E-17
 120.00000  4.41E-17
