##equation:    e(-)+CHF_3->CHF_2+F+e(-)
##type:        dissociation
##unit:        eV, cm2
##input date:  2008/01/17
##method:      numerical table
##
##ref.auth:    M. J. Kushner and D. Zhang
##ref.title:   An electron impact cross section set for CHF3 
##ref.journal: Journal of Applied Physics, Vol.88, No.6 pp.3231-3234(2000)
##ref.range:   0.0eV - 200 eV
#
170508
e(-)+CHF_3->CHF_2+F+e(-)
13.0
4
1705  1   1706 90
  -1  0  +1 +1
4
178
  13.27000  1.90E-20
  13.87000  6.21E-20
  14.47000  1.05E-19
  15.08000  1.48E-19
  15.68000  1.91E-19
  16.28000  2.34E-19
  16.88000  2.78E-19
  17.49000  3.21E-19
  18.09000  3.64E-19
  18.69000  4.07E-19
  19.30000  4.50E-19
  19.90000  4.93E-19
  20.50000  5.50E-19
  21.11000  6.11E-19
  21.71000  6.71E-19
  22.31000  7.31E-19
  22.91000  7.92E-19
  23.52000  8.52E-19
  24.12000  9.12E-19
  24.72000  9.72E-19
  25.33000  1.03E-18
  25.93000  1.09E-18
  26.53000  1.15E-18
  27.14000  1.21E-18
  27.74000  1.27E-18
  28.34000  1.33E-18
  28.94000  1.39E-18
  29.55000  1.46E-18
  30.15000  1.52E-18
  30.75000  1.58E-18
  31.36000  1.64E-18
  31.96000  1.70E-18
  32.56000  1.76E-18
  33.17000  1.82E-18
  33.77000  1.88E-18
  34.37000  1.94E-18
  34.97000  2.00E-18
  35.58000  2.06E-18
  36.18000  2.12E-18
  36.78000  2.18E-18
  37.39000  2.24E-18
  37.99000  2.30E-18
  38.59000  2.36E-18
  39.20000  2.42E-18
  39.80000  2.48E-18
  40.40000  2.56E-18
  41.01000  2.65E-18
  41.61000  2.74E-18
  42.21000  2.83E-18
  42.81000  2.92E-18
  43.42000  3.01E-18
  44.02000  3.10E-18
  44.62000  3.19E-18
  45.23000  3.28E-18
  45.83000  3.37E-18
  46.43000  3.47E-18
  47.04000  3.56E-18
  47.64000  3.65E-18
  48.24000  3.74E-18
  48.84000  3.83E-18
  49.45000  3.92E-18
  50.05000  4.01E-18
  50.65000  4.07E-18
  51.26000  4.13E-18
  51.86000  4.19E-18
  52.46000  4.25E-18
  53.07000  4.31E-18
  53.67000  4.37E-18
  54.27000  4.43E-18
  54.87000  4.49E-18
  55.48000  4.55E-18
  56.08000  4.61E-18
  56.68000  4.67E-18
  57.29000  4.73E-18
  57.89000  4.79E-18
  58.49000  4.85E-18
  59.10000  4.91E-18
  59.70000  4.97E-18
  60.30000  5.11E-18
  60.90000  5.32E-18
  61.51000  5.53E-18
  62.11000  5.74E-18
  62.71000  5.95E-18
  63.32000  6.16E-18
  63.92000  6.37E-18
  64.52000  6.58E-18
  65.13000  6.79E-18
  65.73000  7.01E-18
  66.33000  7.22E-18
  66.93000  7.43E-18
  67.54000  7.64E-18
  68.14000  7.85E-18
  68.74000  8.06E-18
  69.35000  8.27E-18
  69.95000  8.48E-18
  70.55000  8.69E-18
  71.16000  8.91E-18
  71.76000  9.12E-18
  72.36000  9.33E-18
  72.96000  9.54E-18
  73.57000  9.75E-18
  74.17000  9.96E-18
  74.77000  1.02E-17
  75.38000  1.04E-17
  75.98000  1.06E-17
  76.58000  1.08E-17
  77.19000  1.10E-17
  77.79000  1.12E-17
  78.39000  1.14E-17
  78.99000  1.17E-17
  79.60000  1.19E-17
  80.20000  1.20E-17
  80.80000  1.21E-17
  81.41000  1.22E-17
  82.01000  1.23E-17
  82.61000  1.24E-17
  83.22000  1.25E-17
  83.82000  1.26E-17
  84.42000  1.27E-17
  85.03000  1.28E-17
  85.63000  1.28E-17
  86.23000  1.29E-17
  86.83000  1.30E-17
  87.44000  1.31E-17
  88.04000  1.32E-17
  88.64000  1.33E-17
  89.25000  1.34E-17
  89.85000  1.35E-17
  90.45000  1.36E-17
  91.06000  1.38E-17
  91.66000  1.39E-17
  92.26000  1.41E-17
  92.86000  1.42E-17
  93.47000  1.44E-17
  94.07000  1.45E-17
  94.67000  1.47E-17
  95.28000  1.48E-17
  95.88000  1.50E-17
  96.48000  1.51E-17
  97.09000  1.53E-17
  97.69000  1.54E-17
  98.29000  1.56E-17
  98.89000  1.57E-17
  99.50000  1.59E-17
 100.10000  1.60E-17
 100.70000  1.61E-17
 101.30000  1.61E-17
 101.90000  1.62E-17
 102.50000  1.63E-17
 103.10000  1.63E-17
 103.70000  1.64E-17
 104.30000  1.64E-17
 104.90000  1.65E-17
 105.50000  1.66E-17
 106.10000  1.66E-17
 106.70000  1.67E-17
 107.30000  1.67E-17
 107.90000  1.68E-17
 108.50000  1.69E-17
 109.10000  1.69E-17
 109.70000  1.70E-17
 110.40000  1.71E-17
 111.00000  1.72E-17
 111.60000  1.73E-17
 112.20000  1.74E-17
 112.80000  1.76E-17
 113.40000  1.77E-17
 114.00000  1.78E-17
 114.60000  1.79E-17
 115.20000  1.80E-17
 115.80000  1.82E-17
 116.40000  1.83E-17
 117.00000  1.84E-17
 117.60000  1.85E-17
 118.20000  1.86E-17
 118.80000  1.88E-17
 119.40000  1.89E-17
 120.00000  1.90E-17
