##equation:    e(-)+CHF_3->e(-)+CHF_3
##type:        elastic 
##unit:        eV, cm2
##input date:  2008/01/17
##method:      numerical table
##
##ref.auth:    M. J. Kushner and D. Zhang
##ref.title:   An electron impact cross section set for CHF3 
##ref.journal: Journal of Applied Physics, Vol.88, No.6 pp.3231-3234(2000)
##ref.range:   0.0eV - 200 eV
#
170501
e(-)+CHF_3->e(-)+CHF_3
0.0
2
1705  1
   0  0
1
150
   0.01000  2.14E-13
   0.01069  2.01E-13
   0.01142  1.88E-13
   0.01221  1.74E-13
   0.01305  1.63E-13
   0.01394  1.52E-13
   0.01490  1.40E-13
   0.01592  1.31E-13
   0.01702  1.22E-13
   0.01819  1.12E-13
   0.01944  1.02E-13
   0.02077  9.38E-14
   0.02220  8.56E-14
   0.02373  7.80E-14
   0.02536  7.08E-14
   0.02710  6.42E-14
   0.02896  5.80E-14
   0.03095  5.22E-14
   0.03308  4.68E-14
   0.03536  4.18E-14
   0.03779  3.71E-14
   0.04038  3.27E-14
   0.04316  2.87E-14
   0.04612  2.45E-14
   0.04929  2.09E-14
   0.05268  1.95E-14
   0.05630  1.86E-14
   0.06017  1.78E-14
   0.06431  1.69E-14
   0.06872  1.60E-14
   0.07345  1.50E-14
   0.07850  1.43E-14
   0.08389  1.35E-14
   0.08966  1.28E-14
   0.09582  1.22E-14
   0.10240  1.15E-14
   0.10940  1.08E-14
   0.11700  1.03E-14
   0.12500  9.77E-15
   0.13360  9.18E-15
   0.14280  8.73E-15
   0.15260  8.30E-15
   0.16310  7.80E-15
   0.17430  7.40E-15
   0.18630  7.04E-15
   0.19910  6.62E-15
   0.21270  6.22E-15
   0.22740  5.84E-15
   0.24300  5.49E-15
   0.25970  5.16E-15
   0.27750  4.85E-15
   0.29660  4.55E-15
   0.31700  4.28E-15
   0.33880  4.02E-15
   0.36200  3.82E-15
   0.38690  3.64E-15
   0.41350  3.50E-15
   0.44190  3.39E-15
   0.47230  3.30E-15
   0.50480  3.22E-15
   0.53950  3.13E-15
   0.57650  3.05E-15
   0.61620  3.02E-15
   0.65850  3.00E-15
   0.70380  3.01E-15
   0.75210  3.02E-15
   0.80380  3.03E-15
   0.85910  3.04E-15
   0.91810  2.97E-15
   0.98120  2.85E-15
   1.04900  2.73E-15
   1.12100  2.62E-15
   1.19800  2.52E-15
   1.28000  2.39E-15
   1.36800  2.26E-15
   1.46200  2.14E-15
   1.56200  2.09E-15
   1.67000  2.06E-15
   1.78500  2.01E-15
   1.90700  1.98E-15
   2.03800  1.96E-15
   2.17800  1.96E-15
   2.32800  1.97E-15
   2.48800  1.98E-15
   2.65900  1.96E-15
   2.84200  1.95E-15
   3.03700  1.95E-15
   3.24600  1.95E-15
   3.46900  1.95E-15
   3.70700  1.95E-15
   3.96200  1.93E-15
   4.23500  1.91E-15
   4.52600  1.91E-15
   4.83700  1.91E-15
   5.16900  1.91E-15
   5.52400  1.88E-15
   5.90400  1.84E-15
   6.31000  1.79E-15
   6.74300  1.71E-15
   7.20700  1.63E-15
   7.70200  1.54E-15
   8.23100  1.45E-15
   8.79700  1.37E-15
   9.40100  1.29E-15
  10.05000  1.23E-15
  10.74000  1.17E-15
  11.48000  1.12E-15
  12.26000  1.08E-15
  13.11000  1.05E-15
  14.01000  1.01E-15
  14.97000  9.73E-16
  16.00000  9.58E-16
  17.10000  9.44E-16
  18.27000  9.28E-16
  19.53000  9.01E-16
  20.87000  8.83E-16
  22.31000  8.70E-16
  23.84000  8.44E-16
  25.48000  8.26E-16
  27.23000  8.14E-16
  29.10000  7.91E-16
  31.10000  7.59E-16
  33.24000  7.16E-16
  35.52000  6.68E-16
  37.96000  6.23E-16
  40.57000  5.87E-16
  43.36000  5.48E-16
  46.34000  5.10E-16
  49.53000  4.81E-16
  52.93000  4.50E-16
  56.57000  4.18E-16
  60.46000  3.94E-16
  64.61000  3.69E-16
  69.05000  3.43E-16
  73.80000  3.23E-16
  78.87000  3.03E-16
  84.29000  2.81E-16
  90.08000  2.64E-16
  96.27000  2.49E-16
 102.90000  2.31E-16
 110.00000  2.17E-16
 117.50000  2.04E-16
 125.60000  1.90E-16
 134.20000  1.77E-16
 143.39999  1.67E-16
 153.30000  1.56E-16
 163.80000  1.45E-16
 175.10001  1.37E-16
 187.10001  1.28E-16
 200.00000  1.19E-16
 
