##equation:    e(-)+CHF_3->e(-)+CHF_3(Vib-1,4)->e(-)+CHF_3
##type:        excitation
##unit:        eV, cm2
##input date:  2008/01/17
##method:      numerical table
##
##ref.auth:    M. J. Kushner and D. Zhang
##ref.title:   An electron impact cross section set for CHF3 
##ref.journal: Journal of Applied Physics, Vol.88, No.6 pp.3231-3234(2000)
##ref.range:   0.0eV - 200 eV
#
170502
e(-)+CHF_3->e(-)+CHF_3(Vib-1,4)->e(-)+CHF_3
0.37
2
1705  1
   0  0
100
 96
   0.40400  1.83E-17
   0.50510  6.79E-17
   0.60610  1.11E-16
   0.70710  1.48E-16
   0.80810  1.80E-16
   0.90910  2.06E-16
   1.01000  2.29E-16
   1.11100  2.48E-16
   1.21200  2.63E-16
   1.31300  2.75E-16
   1.41400  2.84E-16
   1.51500  2.91E-16
   1.61600  2.96E-16
   1.71700  2.99E-16
   1.81800  3.00E-16
   1.91900  3.00E-16
   2.02000  2.98E-16
   2.12100  2.96E-16
   2.22200  2.92E-16
   2.32300  2.88E-16
   2.42400  2.83E-16
   2.52500  2.77E-16
   2.62600  2.71E-16
   2.72700  2.64E-16
   2.82800  2.57E-16
   2.92900  2.50E-16
   3.03000  2.43E-16
   3.13100  2.36E-16
   3.23200  2.28E-16
   3.33300  2.21E-16
   3.43400  2.13E-16
   3.53500  2.06E-16
   3.63600  1.98E-16
   3.73700  1.91E-16
   3.83800  1.83E-16
   3.93900  1.76E-16
   4.04000  1.69E-16
   4.14100  1.63E-16
   4.24200  1.56E-16
   4.34300  1.49E-16
   4.44400  1.43E-16
   4.54500  1.37E-16
   4.64600  1.31E-16
   4.74700  1.25E-16
   4.84800  1.20E-16
   4.94900  1.14E-16
   5.05100  1.09E-16
   5.15200  1.04E-16
   5.25300  9.93E-17
   5.35400  9.47E-17
   5.45500  9.02E-17
   5.55600  8.60E-17
   5.65700  8.19E-17
   5.75800  7.79E-17
   5.85900  7.41E-17
   5.96000  7.05E-17
   6.06100  6.71E-17
   6.16200  6.38E-17
   6.26300  6.06E-17
   6.36400  5.76E-17
   6.46500  5.47E-17
   6.56600  5.19E-17
   6.66700  4.93E-17
   6.76800  4.68E-17
   6.86900  4.44E-17
   6.97000  4.21E-17
   7.07100  3.99E-17
   7.17200  3.78E-17
   7.27300  3.59E-17
   7.37400  3.40E-17
   7.47500  3.22E-17
   7.57600  3.05E-17
   7.67700  2.89E-17
   7.77800  2.74E-17
   7.87900  2.59E-17
   7.98000  2.45E-17
   8.08100  2.32E-17
   8.18200  2.20E-17
   8.28300  2.08E-17
   8.38400  1.97E-17
   8.48500  1.86E-17
   8.58600  1.76E-17
   8.68700  1.66E-17
   8.78800  1.57E-17
   8.88900  1.49E-17
   8.99000  1.40E-17
   9.09100  1.33E-17
   9.19200  1.25E-17
   9.29300  1.18E-17
   9.39400  1.12E-17
   9.49500  1.06E-17
   9.59600  9.97E-18
   9.69700  9.42E-18
   9.79800  8.89E-18
   9.89900  8.39E-18
  10.00000  7.92E-18
