##equation:    e(-)+CHF_3->e(-)+CHF_3(Vib-2,5)->e(-)+CHF_3
##type:        excitation
##unit:        eV, cm2
##input date:  2008/01/17
##method:      numerical table
##
##ref.auth:    M. J. Kushner and D. Zhang
##ref.title:   An electron impact cross section set for CHF3 
##ref.journal: Journal of Applied Physics, Vol.88, No.6 pp.3231-3234(2000)
##ref.range:   0.0eV - 200 eV
#
170503
e(-)+CHF_3->e(-)+CHF_3(Vib-2,5)->e(-)+CHF_3
0.18
2
1705  1
   0  0
100
 88
   0.20200  3.23E-17
   0.30300  1.57E-16
   0.40400  2.48E-16
   0.50510  3.13E-16
   0.60610  3.56E-16
   0.70710  3.83E-16
   0.80810  3.96E-16
   0.90910  4.00E-16
   1.01000  3.96E-16
   1.11100  3.86E-16
   1.21200  3.72E-16
   1.31300  3.55E-16
   1.41400  3.36E-16
   1.51500  3.16E-16
   1.61600  2.95E-16
   1.71700  2.75E-16
   1.81800  2.54E-16
   1.91900  2.35E-16
   2.02000  2.16E-16
   2.12100  1.98E-16
   2.22200  1.81E-16
   2.32300  1.65E-16
   2.42400  1.50E-16
   2.52500  1.36E-16
   2.62600  1.24E-16
   2.72700  1.12E-16
   2.82800  1.01E-16
   2.92900  9.12E-17
   3.03000  8.22E-17
   3.13100  7.39E-17
   3.23200  6.65E-17
   3.33300  5.97E-17
   3.43400  5.35E-17
   3.53500  4.80E-17
   3.63600  4.29E-17
   3.73700  3.84E-17
   3.83800  3.43E-17
   3.93900  3.07E-17
   4.04000  2.74E-17
   4.14100  2.44E-17
   4.24200  2.18E-17
   4.34300  1.94E-17
   4.44400  1.72E-17
   4.54500  1.53E-17
   4.64600  1.36E-17
   4.74700  1.21E-17
   4.84800  1.08E-17
   4.94900  9.56E-18
   5.05100  8.49E-18
   5.15200  7.53E-18
   5.25300  6.68E-18
   5.35400  5.92E-18
   5.45500  5.24E-18
   5.55600  4.65E-18
   5.65700  4.11E-18
   5.75800  3.64E-18
   5.85900  3.22E-18
   5.96000  2.85E-18
   6.06100  2.52E-18
   6.16200  2.23E-18
   6.26300  1.97E-18
   6.36400  1.74E-18
   6.46500  1.54E-18
   6.56600  1.36E-18
   6.66700  1.20E-18
   6.76800  1.06E-18
   6.86900  9.33E-19
   6.97000  8.23E-19
   7.07100  7.26E-19
   7.17200  6.40E-19
   7.27300  5.64E-19
   7.37400  4.98E-19
   7.47500  4.39E-19
   7.57600  3.86E-19
   7.67700  3.40E-19
   7.77800  3.00E-19
   7.87900  2.64E-19
   7.98000  2.33E-19
   8.08100  2.05E-19
   8.18200  1.80E-19
   8.28300  1.59E-19
   8.38400  1.40E-19
   8.48500  1.23E-19
   8.58600  1.08E-19
   8.68700  9.50E-20
   8.78800  8.35E-20
   8.88900  7.34E-20
   8.99000  6.46E-20
