# e(-)+BCl->2e(-)+BCl(+)
# Ionization
# Y.-K. Kim and K.K. Irikura, Proc. 2nd Int. Conf. on
# Atom. Molec. Data and Their Applications, ed. by K.A. Berrington and
# K.L. Bell, AIP Conf. Proc. (AIP, New York, NY), 543, 220 (2000). 
#
# from http://physics.nist.gov/cgi-bin/Ionization/graph_new.pl?element=BCl3.0
#
# 2008/5/12 h-nakadate
# digital data
#
100103
e(-)+BCl->2e(-)+BCl(+)
10.20
3
2004   1   2005
  -1  +1     +1
2
 106
     10.20         0.000e-16
     10.50         0.037e-16
     11.00         0.100e-16
     11.50         0.165e-16
     12.00         0.231e-16
     12.50         0.296e-16
     13.00         0.360e-16
     13.50         0.424e-16
     14.00         0.583e-16
     14.50         0.743e-16
     15.00         0.901e-16
     15.50         1.057e-16
     16.00         1.210e-16
     16.50         1.358e-16
     17.00         1.503e-16
     17.50         1.653e-16
     18.00         1.800e-16
     18.50         1.943e-16
     19.00         2.082e-16
     19.50         2.215e-16
     20.00         2.344e-16
     20.50         2.468e-16
     21.00         2.587e-16
     21.50         2.702e-16
     22.00         2.812e-16
     22.50         2.918e-16
     23.00         3.019e-16
     23.50         3.117e-16
     24.00         3.211e-16
     26.00         3.548e-16
     28.00         3.834e-16
     30.00         4.074e-16
     32.00         4.289e-16
     34.00         4.499e-16
     36.00         4.683e-16
     38.00         4.842e-16
     40.00         4.979e-16
     45.00         5.242e-16
     50.00         5.416e-16
     55.00         5.526e-16
     60.00         5.587e-16
     65.00         5.614e-16
     70.00         5.614e-16
     75.00         5.594e-16
     80.00         5.561e-16
     85.00         5.516e-16
     90.00         5.464e-16
     95.00         5.405e-16
    100.00         5.343e-16
    105.00         5.278e-16
    110.00         5.211e-16
    115.00         5.143e-16
    120.00         5.075e-16
    125.00         5.006e-16
    130.00         4.938e-16
    135.00         4.870e-16
    140.00         4.803e-16
    145.00         4.737e-16
    150.00         4.672e-16
    160.00         4.546e-16
    170.00         4.424e-16
    180.00         4.308e-16
    190.00         4.197e-16
    200.00         4.091e-16
    210.00         3.989e-16
    220.00         3.893e-16
    230.00         3.801e-16
    240.00         3.714e-16
    250.00         3.630e-16
    300.00         3.265e-16
    350.00         2.969e-16
    400.00         2.725e-16
    450.00         2.520e-16
    500.00         2.345e-16
    550.00         2.195e-16
    600.00         2.064e-16
    650.00         1.949e-16
    700.00         1.847e-16
    750.00         1.756e-16
    800.00         1.674e-16
    850.00         1.600e-16
    900.00         1.533e-16
    950.00         1.471e-16
   1000.00         1.415e-16
   1100.00         1.315e-16
   1200.00         1.229e-16
   1300.00         1.155e-16
   1400.00         1.089e-16
   1500.00         1.031e-16
   1600.00         0.980e-16
   1700.00         0.933e-16
   1800.00         0.891e-16
   1900.00         0.853e-16
   2000.00         0.818e-16
   2100.00         0.787e-16
   2200.00         0.757e-16
   2300.00         0.730e-16
   2400.00         0.705e-16
   2500.00         0.682e-16
   2600.00         0.660e-16
   2700.00         0.640e-16
   2800.00         0.621e-16
   2900.00         0.603e-16
   3000.00         0.587e-16
   4000.00         0.461e-16
   5000.00         0.382e-16
-1			
0.00E+00  0.00E+00  0.00E+00
