# e(-)+BCl_3->e(-)+BCl_3
# momentum transfer
# J.Phys.Chem.Ref.Data, Vol.31, No.4, 971--988(2002)
#
# 2008/5/12 h-nakadate
# Fig 6 graph to digit
#
100100
e(-)+BCl_3->e(-)+BCl_3
0.0
2
2000   1  
   0   0
1
  46
  0.052758 7.3476e-14
  0.075441 5.1364e-14
   0.12769 2.0376e-14
   0.20181 7.6063e-15
   0.23154 6.6637e-15
   0.24512 2.3876e-14
   0.25479 1.1661e-14
     0.263 9.0297e-15
   0.28608 6.0927e-15
   0.37198   3.59e-15
   0.39841 2.9726e-15
    0.4158 2.5198e-15
   0.52729 1.2956e-15
   0.71312 7.0127e-16
   0.82462 5.1109e-16
    1.0105 4.5166e-16
    1.2706 5.4675e-16
    1.6794 9.5087e-16
    2.1626 1.6878e-15
    2.3856 2.4723e-15
    2.5714 3.0784e-15
    2.6458  3.233e-15
    2.7573 3.3281e-15
    2.8316  3.233e-15
    3.1661 2.7219e-15
    3.4634 2.4842e-15
    3.6864 2.4247e-15
    4.1324 2.5555e-15
    4.7271 3.0071e-15
    5.1359 3.3162e-15
    5.3589  3.435e-15
     5.619 3.4469e-15
    6.0279 3.3399e-15
     6.734 3.2211e-15
    7.7003 3.0547e-15
    9.3728 2.8764e-15
    10.934 2.8883e-15
    12.755 2.8526e-15
     14.13 2.7338e-15
      16.1 2.4842e-15
    19.259 2.0919e-15
    21.749 1.8661e-15
    23.868 1.7353e-15
    25.912  1.664e-15
    28.699 1.5571e-15
    29.889 1.5095e-15
-1
0.00E+00  0.00E+00  0.00E+00
