# e(-)+BCl_3->2e(-)+BCl_3(+)
# Ionization
# Y.-K. Kim and K.K. Irikura, Proc. 2nd Int. Conf. on
# Atom. Molec. Data and Their Applications, ed. by K.A. Berrington and
# K.L. Bell, AIP Conf. Proc. (AIP, New York, NY), 543, 220 (2000). 
#
# from http://physics.nist.gov/cgi-bin/Ionization/graph_new.pl?element=BCl3.0
#
# 2008/5/12 h-nakadate
# digital data
#
100101
e(-)+BCl_3->2e(-)+BCl_3(+)
11.73
3
2000   1   2001
  -1  +1     +1
2
 103
  11.73  0.000e-16
  12.00  0.092e-16
  12.50  0.292e-16
  13.00  0.561e-16
  13.50  0.876e-16
  14.00  1.191e-16
  14.50  1.517e-16
  15.00  1.844e-16
  15.50  2.164e-16
  16.00  2.476e-16
  16.50  2.778e-16
  17.00  3.091e-16
  17.50  3.400e-16
  18.00  3.699e-16
  18.50  3.989e-16
  19.00  4.268e-16
  19.50  4.541e-16
  20.00  4.809e-16
  20.50  5.067e-16
  21.00  5.315e-16
  21.50  5.554e-16
  22.00  5.783e-16
  22.50  6.003e-16
  23.00  6.215e-16
  23.50  6.418e-16
  24.00  6.613e-16
  26.00  7.317e-16
  28.00  7.913e-16
  30.00  8.416e-16
  32.00  8.871e-16
  34.00  9.291e-16
  36.00  9.655e-16
  38.00  9.971e-16
  40.00 10.243e-16
  45.00 10.769e-16
  50.00 11.123e-16
  55.00 11.350e-16
  60.00 11.486e-16
  65.00 11.553e-16
  70.00 11.568e-16
  75.00 11.545e-16
  80.00 11.493e-16
  85.00 11.419e-16
  90.00 11.329e-16
  95.00 11.227e-16
 100.00 11.116e-16
 105.00 10.998e-16
 110.00 10.876e-16
 115.00 10.750e-16
 120.00 10.623e-16
 125.00 10.495e-16
 130.00 10.367e-16
 135.00 10.239e-16
 140.00 10.112e-16
 145.00  9.987e-16
 150.00  9.862e-16
 160.00  9.619e-16
 170.00  9.384e-16
 180.00  9.158e-16
 190.00  8.940e-16
 200.00  8.731e-16
 210.00  8.531e-16
 220.00  8.339e-16
 230.00  8.158e-16
 240.00  7.985e-16
 250.00  7.819e-16
 300.00  7.086e-16
 350.00  6.487e-16
 400.00  5.987e-16
 450.00  5.564e-16
 500.00  5.201e-16
 550.00  4.886e-16
 600.00  4.610e-16
 650.00  4.366e-16
 700.00  4.149e-16
 750.00  3.954e-16
 800.00  3.778e-16
 850.00  3.618e-16
 900.00  3.472e-16
 950.00  3.339e-16
1000.00  3.216e-16
1100.00  2.998e-16
1200.00  2.810e-16
1300.00  2.646e-16
1400.00  2.501e-16
1500.00  2.373e-16
1600.00  2.258e-16
1700.00  2.154e-16
1800.00  2.060e-16
1900.00  1.975e-16
2000.00  1.897e-16
2100.00  1.825e-16
2200.00  1.759e-16
2300.00  1.698e-16
2400.00  1.641e-16
2500.00  1.589e-16
2600.00  1.539e-16
2700.00  1.493e-16
2800.00  1.450e-16
2900.00  1.409e-16
3000.00  1.371e-16
4000.00  1.083e-16
5000.00  0.900e-16
-1
0.00E+00  0.00E+00  0.00E+00
