# e(-)+BCl_2->2e(-)+BCl_2(+)
# Ionization
# Y.-K. Kim and K.K. Irikura, Proc. 2nd Int. Conf. on
# Atom. Molec. Data and Their Applications, ed. by K.A. Berrington and
# K.L. Bell, AIP Conf. Proc. (AIP, New York, NY), 543, 220 (2000). 
#
# from http://physics.nist.gov/cgi-bin/Ionization/graph_new.pl?element=BCl3.0
#
# 2008/5/12 h-nakadate
# digital data
#
100102
e(-)+BCl_2->2e(-)+BCl_2(+)
8.75
3
2002   1   2003
  -1  +1     +1
2
 109
      8.75         0.000e-16
      9.00         0.022e-16
      9.50         0.067e-16
     10.00         0.114e-16
     10.50         0.160e-16
     11.00         0.206e-16
     11.50         0.265e-16
     12.00         0.403e-16
     12.50         0.583e-16
     13.00         0.763e-16
     13.50         0.974e-16
     14.00         1.226e-16
     14.50         1.475e-16
     15.00         1.731e-16
     15.50         1.987e-16
     16.00         2.237e-16
     16.50         2.480e-16
     17.00         2.714e-16
     17.50         2.948e-16
     18.00         3.179e-16
     18.50         3.402e-16
     19.00         3.617e-16
     19.50         3.824e-16
     20.00         4.023e-16
     20.50         4.215e-16
     21.00         4.399e-16
     21.50         4.575e-16
     22.00         4.745e-16
     22.50         4.908e-16
     23.00         5.064e-16
     23.50         5.214e-16
     24.00         5.358e-16
     26.00         5.875e-16
     28.00         6.312e-16
     30.00         6.680e-16
     32.00         7.033e-16
     34.00         7.358e-16
     36.00         7.641e-16
     38.00         7.886e-16
     40.00         8.098e-16
     45.00         8.507e-16
     50.00         8.781e-16
     55.00         8.956e-16
     60.00         9.057e-16
     65.00         9.105e-16
     70.00         9.112e-16
     75.00         9.088e-16
     80.00         9.042e-16
     85.00         8.978e-16
     90.00         8.902e-16
     95.00         8.817e-16
    100.00         8.724e-16
    105.00         8.626e-16
    110.00         8.526e-16
    115.00         8.423e-16
    120.00         8.318e-16
    125.00         8.214e-16
    130.00         8.109e-16
    135.00         8.005e-16
    140.00         7.902e-16
    145.00         7.800e-16
    150.00         7.699e-16
    160.00         7.502e-16
    170.00         7.313e-16
    180.00         7.130e-16
    190.00         6.955e-16
    200.00         6.787e-16
    210.00         6.627e-16
    220.00         6.473e-16
    230.00         6.328e-16
    240.00         6.188e-16
    250.00         6.054e-16
    300.00         5.466e-16
    350.00         4.986e-16
    400.00         4.587e-16
    450.00         4.251e-16
    500.00         3.964e-16
    550.00         3.715e-16
    600.00         3.498e-16
    650.00         3.307e-16
    700.00         3.137e-16
    750.00         2.985e-16
    800.00         2.848e-16
    850.00         2.723e-16
    900.00         2.610e-16
    950.00         2.507e-16
   1000.00         2.412e-16
   1100.00         2.244e-16
   1200.00         2.099e-16
   1300.00         1.973e-16
   1400.00         1.863e-16
   1500.00         1.764e-16
   1600.00         1.677e-16
   1700.00         1.598e-16
   1800.00         1.527e-16
   1900.00         1.462e-16
   2000.00         1.403e-16
   2100.00         1.349e-16
   2200.00         1.299e-16
   2300.00         1.253e-16
   2400.00         1.210e-16
   2500.00         1.170e-16
   2600.00         1.133e-16
   2700.00         1.099e-16
   2800.00         1.066e-16
   2900.00         1.036e-16
   3000.00         1.007e-16
   4000.00         0.793e-16
   5000.00         0.656e-16
-1
0.00E+00  0.00E+00  0.00E+00
